
[code]                                                                                                                                                                                            
                                                                                                                                                                                        Per 
Rk                   Player PTS/G  G  Season              Team  G GS   MP   FG  FGA  2P  2PA  3P  3PA  FT FTA ORB DRB  TRB AST STL BLK TOV  PF  PTS  FG%  2P%   3P%  FT%  TS% eFG% Pos Class
1            Mark Stevenson  27.2 29 1989-90          Duquesne 29 28 38.4 10.2 21.4 9.1 17.8 1.2  3.6 5.5         7.0  6.4 2.1 1.0 0.4 3.7 2.1 27.2 .478 .509  .327 .784 .549 .506   F    SR
2            J.R. Bremer Jr  24.6 30 2001-02   St. Bonaventure 30 30 38.0  7.7 18.7 4.8  9.8 2.9  8.9 6.3 7.8 1.3 3.3  4.7 3.1 1.9 0.1 3.0 2.0 24.6 .413 .486  .331 .803 .550 .491   G    SR
3          Sirvaliant Brown  24.6 30 1999-00 George Washington 30 28 36.8  7.4 22.3 5.0 13.0 2.4  9.2 7.4 9.1 1.6 1.8  3.3 2.1 1.5 0.1 2.7 3.3 24.6 .332 .381  .264 .810 .463 .387   G    FR
4             David Hawkins  24.4 29 2003-04            Temple 29 29 38.9  7.7 19.7 4.8 10.2 2.9  9.5 6.1 8.1 1.6 3.5  5.1 2.8 2.7 0.3 2.6 2.2 24.4 .392 .475  .304 .756 .520 .466   G    SR
5               Donnie Carr  23.9 27 1996-97          La Salle 27 27 38.2  7.7 22.1 4.1 11.4 3.7 10.7 4.8         6.2  4.5 2.0 1.6 0.1 3.0 1.7 23.9 .350 .357  .343 .768 .477 .433   G    FR
6                Lynn Greer  23.2 31 2001-02            Temple 31 31 39.7  7.3 18.1 4.2 10.1 3.1  7.9 5.5 6.4 0.6 2.5  3.1 4.2 1.7 0.2 3.4 2.1 23.2 .404 .417  .386 .873 .550 .488   G    SR
7               Eric Leslie  23.0 28 1989-90      Rhode Island         28  7.5 18.1 5.9 13.6 1.7  4.5 6.3         7.8  4.6 2.8 1.6         0.1 23.0 .417 .430  .376 .807 .529 .463   G    JR
8             Rasual Butler  22.1 29 2000-01          La Salle 29 29 38.4  8.0 19.8 4.6 10.4 3.3  9.4 2.8 3.3 1.8 2.9  4.7 2.0 1.2 0.7 3.2 2.3 22.1 .402 .444  .357 .845 .517 .487   F    JR
9            Marvin OConnor  22.1 32 2000-01     Saint Josephs 32 32 33.5  7.5 16.1 4.4  7.8 3.1  8.3 4.0 5.9 1.2 2.6  3.7 2.6 1.1 0.0 2.3 2.1 22.1 .465 .562  .374 .676 .583 .561   G    JR
10               Mark Macon  22.0 31 1990-91            Temple 31 31 38.4  8.2 18.6 5.7 12.7 2.5  5.9 3.2 4.1 1.4 3.5  4.9 2.3 2.1 0.1 1.8 2.2 22.0 .439 .449  .418 .766 .535 .506   G    SR
11               Mark Macon  21.9 31 1989-90            Temple 31 31 38.5  7.8 20.1 5.8 14.1 2.0  6.0 4.3 5.4 1.9 4.1  6.0 2.2 2.3 0.1 2.2 2.7 21.9 .389 .414  .330 .798 .484 .438   G    JR
12           Derrick Alston  21.3 30 1993-94          Duquesne    30 36.0  8.2 14.1 8.2 14.1 0.0  0.0 5.0         8.3  7.3 1.4 1.6 1.8 3.1 3.2 21.3 .578 .579  .000 .601 .590 .578   F    SR
13            Marques Green  21.3 27 2002-03   St. Bonaventure 27 27 37.1  6.7 17.1 3.3  8.2 3.5  8.9 4.3 4.9 0.8 2.9  3.7 8.0 2.6 0.0 3.6 2.9 21.3 .395 .398  .392 .879 .548 .497   G    JR
14             Chris Monroe  21.1 28 2001-02 George Washington 28 27 35.3  6.0 13.6 4.0  8.3 2.0  5.3 7.3 9.5 2.1 4.1  6.1 2.4 1.1 0.4 3.3 2.8 21.1 .437 .481  .369 .763 .582 .509   G    JR
15             Keith Hughes  21.0 29 1990-91           Rutgers 29 29 35.7  7.3 16.7 6.0 13.1 1.3  3.6 5.0         7.6 10.0 0.9 0.6 1.0 2.2 2.6 21.0 .439 .459  .365 .652 .515 .478   F    SR
16            Rasual Butler  20.9 32 2001-02          La Salle 32 31 39.1  7.3 16.8 5.5 11.8 1.8  4.9 4.6 5.4 2.3 6.5  8.8 1.4 1.3 1.3 2.6 1.7 20.9 .434 .464  .361 .855 .541 .487   F    SR
17           Shawnta Rogers  20.7 29 1998-99 George Washington 29 29 36.3  6.7 17.3 3.8  9.1 3.0  8.2 4.3         5.0  4.0 6.8 3.6 0.0 3.6 2.3 20.7 .388 .411  .361 .868 .526 .473   G    SR
18           James Hargrove  20.7 28 1991-92          Duquesne    28 35.0  7.3 16.4 5.1 11.0 2.1  5.4 4.0         5.5  4.3 2.9 1.9         0.6 20.7 .445 .469  .397 .732 .546 .511   G    SR
19                Jim McCoy  20.6 31 1989-90     Massachusetts 31 29 34.1  7.7 17.5 7.5 16.5 0.2  1.0 5.0 6.5 0.8 2.5  3.3 1.0 1.1 0.4 2.9 2.8 20.6 .442 .454  .233 .764 .502 .448   G    SO
20              Aaron McKie  20.6 33 1992-93            Temple 33 33 38.5  7.3 16.8 4.9 10.9 2.3  5.9 3.7 4.7 1.8 4.1  5.9 3.3 2.3 0.2 2.4 2.2 20.6 .432 .454  .393 .788 .540 .502   G    JR
21            Jameer Nelson  20.6 32 2003-04     Saint Josephs 32 32 33.9  7.3 15.4 5.0  9.6 2.3  5.8 3.7 4.7 1.0 3.7  4.7 5.3 2.8 0.0 2.8 1.8 20.6 .475 .526  .390 .792 .584 .549   G    SR
22              Harry Moore  20.5 25 1993-94   St. Bonaventure 25 25 37.3  6.6 15.6 5.3 11.8 1.3  3.8 6.1         8.8  8.8 0.8 0.7 0.5 2.6 3.1 20.5 .421 .449  .333 .699 .519 .462   F    SR
23             Marcus Camby  20.5 33 1995-96     Massachusetts 33 30 30.6  7.8 16.3 7.8 16.0 0.0  0.2 4.9 7.1 2.5 5.8  8.2 1.8 1.0 3.9 2.5 2.6 20.5 .477 .484  .000 .700 .521 .477   C    JR
24             Chris Monroe  20.2 29 2002-03 George Washington 29 29 33.6  5.9 13.8 3.9  7.7 2.0  6.1 6.3 8.9 1.9 3.1  5.0 1.9 1.0 0.3 3.1 2.7 20.2 .431 .509  .333 .713 .563 .505   G    SR
25               David West  20.1 32 2002-03            Xavier 32 32 36.5  6.7 13.0 6.4 12.2 0.3  0.8 6.5 8.0 3.1 8.7 11.8 3.2 1.3 1.6 2.7 3.0 20.1 .513 .524  .346 .816 .600 .524   F    SR
26             Dirkk Surles  19.9 28 1991-92 George Washington 28 27 32.8  7.2 15.8 4.8  9.5 2.4  6.3 3.1         4.1  4.0 2.5 1.5 0.2 2.5 2.2 19.9 .457 .508  .381 .741 .560 .533   G    JR
27               Monty Mack  19.8 32 1999-00     Massachusetts 32 28 33.9  6.9 16.7 3.9  8.3 3.0  8.3 2.9 3.6 0.8 2.6  3.4 1.9 1.9 0.1 2.1 2.0 19.8 .415 .468  .361 .817 .538 .505   G    JR
28            Bernard Blunt  19.7 28 1991-92     Saint Josephs 28 28 35.7  6.8 15.1 5.6 11.3 1.3  3.8 4.8         7.0  7.0 3.1 1.5 0.3 3.9 3.7 19.7 .452 .492  .330 .685 .534 .493   G    SO
29            Jameer Nelson  19.7 30 2002-03     Saint Josephs 30 30 34.9  6.5 14.8 4.3  8.5 2.1  6.3 4.6 6.0 1.3 3.8  5.1 4.7 2.2 0.2 2.9 2.1 19.7 .437 .510  .339 .772 .558 .509   G    JR
30            Victor Thomas  19.7 29 2000-01          La Salle 29 29 39.1  6.9 15.5 5.2 10.6 1.6  4.9 4.3 5.8 2.8 4.0  6.8 1.9 1.1 0.5 2.5 2.0 19.7 .442 .495  .329 .746 .538 .494   F    SR
31            Tavorris Bell  19.6 22 2000-01      Rhode Island 22 19 34.8  6.8 12.7 5.9 10.3 0.9  2.5 5.1 7.3 2.5 3.3  5.7 1.2 2.1 0.5 2.8 2.8 19.6 .536 .575  .370 .700 .607 .571   F    JR
32            Kevin Houston  19.5 30 2000-01   St. Bonaventure 30 27 33.2  6.2 14.8 3.7  7.7 2.5  7.1 4.6 5.7 2.5 4.4  6.9 0.7 1.2 0.1 2.0 2.3 19.5 .420 .481  .354 .813 .559 .505   F    SR
33               Monty Mack  19.5 29 2000-01     Massachusetts 29 29 36.2  6.3 16.3 3.0  7.3 3.3  9.0 3.7 4.7 0.6 2.3  2.9 1.9 0.8 0.1 1.9 2.0 19.5 .386 .412  .364 .781 .527 .486   G    SR
34            Marques Green  19.4 27 2003-04   St. Bonaventure 27 27 39.4  6.4 17.3 2.7  7.1 3.6 10.2 3.1 4.0 0.7 2.6  3.3 5.2 4.0 0.1 3.9 2.6 19.4 .368 .383  .356 .769 .505 .472   G    SR
35              Kwame Evans  19.4 32 1994-95 George Washington 32 32 33.8  6.6 15.8 4.3  8.8 2.3  7.0 3.9         5.4  5.7 2.4 1.4 0.6 2.9 3.2 19.4 .416 .486  .329 .724 .527 .489   G    JR
36              Tom Pipkins  19.3 27 1996-97          Duquesne 27 24 33.9  6.2 14.2 2.6  5.6 3.7  8.6 3.1         4.1  3.1 2.7 1.5 0.3 2.4 1.6 19.3 .438 .457  .425 .759 .595 .566   G    SR
37              Eddie Jones  19.2 31 1993-94            Temple 31 31 38.2  7.5 15.8 6.0 11.7 1.5  4.1 2.8 4.3 2.4 4.4  6.8 1.9 2.3 1.5 1.7 2.2 19.2 .470 .512  .352 .662 .537 .516   F    SR
38              Harry Moore  19.0 27 1992-93   St. Bonaventure 27 26 34.8  7.0 14.6 7.0 14.3 0.1  0.3 4.8         7.8  8.1 1.3 0.7 0.5 3.8 3.3 19.0 .481 .487  .222 .619 .517 .484   F    JR
39                Jim McCoy  18.9 33 1990-91     Massachusetts 33 30 34.0  7.3 16.3 7.2 15.9 0.1  0.4 4.2 5.9 1.2 2.3  3.5 1.6 0.8 0.2 3.2 2.3 18.9 .447 .451  .286 .703 .493 .451   G    JR
40             Delonte West  18.9 32 2003-04     Saint Josephs 32 32 33.5  6.6 13.0 4.9  8.8 1.8  4.3 3.9 4.3 1.2 4.2  5.4 4.7 1.7 0.2 2.6 1.9 18.9 .510 .557  .412 .892 .627 .577   G    JR
41             Steve Worthy  18.8 31 1991-92           Rutgers 31 31 31.5  6.4 14.0 4.2  8.5 2.2  5.5 3.8         5.0  4.7 3.8 1.8 0.3 4.5 2.5 18.8 .457 .492  .404 .756 .575 .537   G    JR
42              Aaron McKie  18.8 31 1993-94            Temple 31 31 39.2  6.2 15.5 4.3 10.4 1.9  5.1 4.4 5.4 2.2 5.0  7.2 3.2 1.9 0.3 1.7 1.7 18.8 .401 .416  .371 .815 .519 .463   G    SR
43            Bernard Blunt  18.8 30 1990-91     Saint Josephs 30 30 31.5  7.1 16.9 5.5 12.0 1.6  4.9 3.1         4.3  6.5 2.6 1.7 0.6 2.7 3.7 18.8 .418 .458  .320 .708 .495 .464   G    FR
44             Chris Monroe  18.7 31 2000-01 George Washington 31 26 32.4  5.7 13.5 3.8  8.5 1.9  5.1 5.5 6.9 2.7 3.4  6.1 2.7 1.0 0.4 2.7 3.0 18.7 .419 .445  .376 .794 .557 .489   G    SO
45              Kwame Evans  18.7 29 1995-96 George Washington 29 29 33.3  6.1 15.0 3.9  8.7 2.3  6.3 4.2         5.7  4.8 2.2 1.3 0.7 2.3 2.5 18.7 .409 .446  .359 .729 .528 .485   G    SR
46              Donnie Carr  18.7 28 1998-99          La Salle 28 28 39.8  6.3 15.5 3.7  8.1 2.5  7.4 3.7         5.0  4.6 4.9 0.8 0.3     3.8 18.7 .403 .456  .345 .736 .523 .485   G    JR
47                Gary Neal  18.6 29 2002-03          La Salle 29 22 32.1  5.8 14.6 2.9  6.7 3.0  7.9 4.0 4.9 1.2 3.0  4.2 1.6 0.6 0.0 2.2 2.3 18.6 .400 .430  .374 .817 .551 .501   G    FR
48          Pervires Greene  18.6 29 1993-94     West Virginia 29 29 33.5  6.5 14.3 5.7 12.1 0.8  2.2 4.8         6.3  6.3 1.0 1.2 1.4 2.4 3.2 18.6 .455 .470  .375 .750 .537 .484   F    SR
49                  Lou Roe  18.6 35 1993-94     Massachusetts 35 34 32.1  6.2 12.3 6.1 11.9 0.1  0.4 6.0 9.0 3.7 4.7  8.3 1.7 0.9 0.9 2.5 2.6 18.6 .505 .513  .267 .667 .559 .509   F    JR
50           Michael Haynes  18.6 27 2003-04           Fordham 27 25 33.2  7.0 15.4 5.1 10.4 1.9  5.0 2.7 4.8 1.6 5.8  7.4 2.1 0.7 0.8 3.7 2.8 18.6 .453 .493  .370 .566 .524 .513   F    SR
51             Keith Hughes  18.5 35 1989-90           Rutgers 35 35 32.9  6.9 15.5 5.9 12.5 1.0  3.0 3.7 5.5 2.9 5.3  8.2 0.5 0.7 1.0 2.2 2.7 18.5 .446 .473  .333 .674 .511 .478   F    JR
52            Rasual Butler  18.4 28 1999-00          La Salle 28 28 38.3  6.5 16.1 3.6  8.3 3.0  7.8 2.4 2.9 1.5 3.8  5.3 1.6 0.9 1.2 2.9 1.8 18.4 .407 .431  .381 .817 .528 .499   F    SO
53              Eric Leslie  18.4 22 1990-91      Rhode Island 22 19 33.7  6.3 15.4 5.3 11.9 1.0  3.5 4.8         6.1  5.6 2.2 1.5 0.1 3.3 2.2 18.4 .407 .443  .286 .791 .502 .440   G    SR
54              Bevon Robin  18.3 27 1997-98           Fordham 27 27 36.7  6.0 14.2 3.7  8.3 2.3  5.9 4.1         5.1  3.4 3.8 1.7 0.1 4.0 1.9 18.3 .420 .446  .384 .812 .552 .500   G    FR
55               David West  18.3 32 2001-02            Xavier 32 32 34.2  6.1 11.4 5.8 10.6 0.3  0.9 5.8 7.5 2.8 6.9  9.8 1.6 1.2 2.5 3.1 2.7 18.3 .536 .553  .321 .768 .610 .548   F    JR
56             Steve Worthy  18.3 28 1992-93           Rutgers 28 28 30.5  6.1 14.2 4.3  8.8 1.9  5.5 4.1         5.6  4.0 2.4 2.2 0.4 3.0 2.6 18.3 .432 .486  .346 .737 .542 .499   G    SR
57               Lynn Greer  18.2 37 2000-01            Temple 37 37 39.6  5.8 14.5 3.6  8.7 2.2  5.8 4.4 5.1 0.9 2.6  3.6 5.5 2.0 0.1 2.2 2.1 18.2 .401 .416  .379 .868 .539 .477   G    JR
58              Lenny Brown  18.1 36 1998-99            Xavier 36 36 33.3  6.4 14.2 3.5  6.9 2.9  7.3 2.5         3.2  3.6 2.8 1.7 0.4 2.6 2.7 18.1 .447 .502  .395 .798 .577 .549   G    SR
59              Romain Sato  18.1 32 2002-03            Xavier 32 32 36.9  5.7 13.8 3.1  6.1 2.6  7.7 4.1 5.1 1.9 5.2  7.1 2.3 1.0 0.3 1.9 2.2 18.1 .411 .500  .340 .809 .557 .506   G    JR
60               Monty Mack  18.1 30 1998-99     Massachusetts 30 30 37.8  6.7 15.8 3.8  8.1 2.9  7.7 1.9 2.4 0.9 3.2  4.1 1.8 0.9 0.3 2.7 2.4 18.1 .422 .471  .371 .778 .533 .513   G    SO
61          Romaine Haywood  18.1 30 1995-96          La Salle 30 30 37.1  6.6 17.2 4.5  9.6 2.1  7.6 2.8         4.1  7.2 1.3 1.1 0.4 2.3 2.9 18.1 .382 .465  .276 .691 .472 .443   F    SR
62            Bernard Blunt  18.0 29 1992-93     Saint Josephs 29 29 36.6  5.7 15.2 4.1 10.5 1.6  4.8 5.1         7.0  5.7 2.1 1.1 0.3 3.0 3.1 18.0 .371 .391  .326 .725 .483 .422   G    JR
63              Donnie Carr  18.0 27 1997-98          La Salle 27 27 38.6  6.1 17.4 3.1  7.8 3.0  9.6 2.9         3.5  2.2 4.4 1.0 0.0 3.2 2.3 18.0 .350 .400  .309 .811 .472 .435   G    SO
64              Donnie Carr  17.9 23 1999-00          La Salle 23 23 37.7  5.9 15.7 3.3  8.9 2.5  6.8 3.7 4.7 0.8 2.4  3.2 4.0 1.0 0.0 3.4 1.7 17.9 .375 .377  .372 .785 .501 .456   G    SR
65                Gary Neal  17.9 28 2003-04          La Salle 28 24 32.8  5.8 14.1 3.5  7.4 2.3  6.8 4.0 4.7 0.4 2.8  3.2 2.4 1.3 0.0 2.6 1.8 17.9 .412 .478  .339 .847 .547 .492   G    SO
66               Craig Amos  17.9 27 1991-92     Saint Josephs 27 27 33.4  5.6 13.1 4.1  9.2 1.5  3.9 5.1         7.1  6.1 0.9 0.9 0.4 2.8 3.1 17.9 .428 .444  .390 .720 .542 .486   F    SR
67               David West  17.8 29 2000-01            Xavier 29 29 33.7  6.0 10.9 6.0 10.9 0.0  0.0 5.8 7.8 3.7 7.2 10.9 2.0 1.4 2.1 2.7 2.8 17.8 .551 .552  .000 .740 .609 .551   F    SO
68            Tracy Shelton  17.8 28 1989-90     West Virginia 28 27 31.6  6.6 12.6 4.7  8.3 1.9  4.4 2.8         3.4  2.6 2.3 1.8 0.0 2.1 2.8 17.8 .521 .567  .434 .802 .625 .596   G    SO
69                Abdul Fox  17.7 27 1993-94      Rhode Island 27 27 33.6  5.9 14.2 3.0  7.6 2.9  6.6 3.0         3.9  4.4 2.7 1.1 0.5 2.3 3.0 17.7 .415 .392  .441 .762 .551 .518   G    SR
70               Lamar Odom  17.6 32 1998-99      Rhode Island 32 32 34.9  6.3 13.2 5.3 10.0 1.0  3.1 3.9         5.7  9.4 3.8 0.8 1.5 3.4 2.9 17.6 .482 .530  .330 .687 .556 .521   F    SO
71       Yegor Mescheriakov  17.6 29 1998-99 George Washington 29 28 34.4  6.4 14.2 5.7 11.6 0.8  2.6 4.0         5.3  6.8 2.1 1.0 1.4 2.4 3.4 17.6 .453 .487  .297 .755 .527 .479   F    SR
72              Kenny Green  17.5 26 1989-90      Rhode Island         26  6.3 12.4 6.3 12.4 0.0  0.0 4.9         6.7 10.9 1.1 1.2         4.8 17.5 .508 .506 1.000 .734 .563 .509   F    SR
73               Mike James  17.5 30 1997-98          Duquesne 30 30 34.3  6.3 14.8 4.2  8.6 2.2  6.1 2.7         3.6  3.5 3.5 2.2 0.2 2.7 3.3 17.5 .429 .483  .353 .743 .532 .502   G    SR
74           Marvin OConnor  17.5 29 2001-02     Saint Josephs 29 29 33.0  6.3 14.8 4.3  7.7 2.0  7.1 2.8 3.9 1.4 2.8  4.2 2.5 0.6 0.0 2.1 2.1 17.5 .429 .561  .286 .717 .526 .498   G    SR
75         David Vanterpool  17.5 31 1994-95   St. Bonaventure 31 31 33.1  5.7 12.8 4.0  7.8 1.7  5.0 4.4         5.9  5.5 3.0 2.4 0.2 2.9 2.7 17.5 .444 .508  .344 .753 .562 .511   G    SR
76              Tom Pipkins  17.4 28 1994-95          Duquesne 28 27 37.8  5.7 15.6 3.0  7.4 2.7  8.2 3.3         4.5  4.4 2.1 1.7 0.3 2.3 1.7 17.4 .367 .413  .326 .736 .492 .453   G    SO
77         Darnell Williams  17.3 28 1997-98            Xavier 28 28 32.9  6.6 11.8 5.2  8.6 1.4  3.1 2.8         3.9  3.9 2.0 1.6 0.9 1.7 3.0 17.3 .559 .599  .448 .709 .636 .619   G    JR
78         Sirvaliant Brown  17.3 31 2000-01 George Washington 31 26 31.2  5.6 15.2 4.0  9.7 1.6  5.5 4.5 6.2 0.8 1.9  2.7 1.8 1.5 0.2 2.4 3.4 17.3 .369 .412  .294 .719 .477 .423   G    SO
79             Delonte West  17.3 26 2002-03     Saint Josephs 26 22 30.2  6.2 13.2 4.1  7.5 2.1  5.7 2.7 3.3 1.0 3.3  4.3 3.2 1.6 0.2 2.5 2.2 17.3 .474 .549  .374 .814 .586 .554   G    SO
80           Cuttino Mobley  17.2 34 1997-98      Rhode Island 34 34 33.3  5.7 11.8 3.6  6.9 2.0  4.9 3.9         4.5  4.3 2.6 1.6 0.5 2.2 2.6 17.2 .480 .525  .416 .856 .617 .566   G    SR
81            Chris Leonard  17.2 32 1991-92     West Virginia 32 32 29.6  5.7 11.9 2.5  5.1 3.2  6.9 2.7         3.2  2.2 2.0 0.8 0.1 1.6 2.0 17.2 .474 .494  .459 .843 .638 .606   G    SR
82             Steven Smith  17.1 30 2003-04          La Salle 30 30 35.2  6.2 13.6 5.1 10.3 1.1  3.4 3.5 4.3 2.6 5.5  8.1 1.1 1.1 0.4 2.7 3.2 17.1 .457 .500  .327 .820 .545 .498   F    SO
83              Bevon Robin  17.0 27 1998-99           Fordham 27 25 34.9  5.4 13.5 3.5  7.3 1.9  6.1 4.4         5.3  3.6 3.6 1.6 0.1     3.3 17.0 .398 .475  .307 .838 .533 .468   G    SO
84              Eddie Jones  17.0 32 1992-93            Temple 32 32 36.3  6.6 14.5 5.1 10.1 1.5  4.4 2.2 3.6 2.4 4.7  7.0 1.8 2.2 1.3 1.7 2.3 17.0 .458 .506  .348 .603 .524 .511   F    JR
85           Rashaan Palmer  16.9 32 1997-98   St. Bonaventure 32 30 33.3  6.2 13.1 6.0 11.7 0.2  1.4 4.3         6.6  4.9 2.0 1.0 0.3 3.1 2.7 16.9 .473 .512  .152 .656 .521 .481   F    SR
86             Zach Marbury  16.9 29 2000-01      Rhode Island 29 28 33.4  5.5 12.1 4.6  8.2 0.9  3.9 5.0 7.2 1.2 2.9  4.0 2.6 1.6 0.1 3.3 2.9 16.9 .456 .561  .237 .686 .545 .494   G    JR
87              James Posey  16.9 36 1998-99            Xavier 36 36 35.2  5.3 10.9 4.0  7.2 1.3  3.6 5.0         6.1  8.9 2.3 2.8 0.9 3.3 3.4 16.9 .488 .550  .366 .814 .615 .550   F    SR
88               Rashid Bey  16.9 27 1997-98     Saint Josephs 27 27 36.4  5.5 14.0 2.7  6.0 2.8  8.0 3.0         4.0  3.3 4.8 1.8 0.1 3.3 2.3 16.9 .395 .451  .353 .752 .532 .496   G    SR
89            David Hawkins  16.9 34 2002-03            Temple 34 33 36.5  5.4 13.3 3.7  7.7 1.7  5.6 4.4 5.5 1.3 2.9  4.3 2.8 2.5 0.3 3.1 2.4 16.9 .406 .479  .305 .787 .529 .470   G    JR
90           Rashaan Palmer  16.9 28 1996-97   St. Bonaventure 28 28 31.6  5.7 12.5 5.0 10.6 0.7  1.9 4.8         7.3  5.6 1.9 1.5 0.5 3.6 2.8 16.9 .456 .473  .358 .665 .530 .483   F    JR
91             Chris Brooks  16.7 31 1990-91     West Virginia 31 31 29.1  7.2 10.8 7.1 10.6 0.1  0.2 2.4         5.7  8.0 1.3 1.4 0.7 2.3 3.2 16.7 .663 .669  .333 .410 .619 .666   F    SR
92              Wayne Smith  16.7 29 1999-00          Duquesne 29 28 32.9  5.3 14.1 3.5  8.9 1.8  5.2 4.3 6.1 2.1 4.9  7.0 2.6 1.7 0.5 2.7 2.8 16.7 .377 .397  .342 .706 .492 .440   F    SO
93             Rick Brunson  16.7 30 1994-95            Temple 30 30 38.3  5.5 14.9 3.1  6.5 2.4  8.4 3.3 4.8 2.1 3.8  5.9 4.1 2.5 0.1 2.4 2.3 16.7 .366 .469  .286 .699 .485 .446   G    SR
94              Wayne Smith  16.6 28 1998-99          Duquesne 28 27 32.4  5.5 14.7 4.0 10.1 1.6  4.6 4.0         5.5  6.2 2.0 1.7 0.7 3.4 2.8 16.6 .377 .394  .341 .723 .481 .431   F    FR
95           J.R. Bremer Jr  16.6 30 2000-01   St. Bonaventure 30 30 34.5  5.2 12.5 2.8  6.0 2.5  6.6 3.7 5.0 1.1 2.8  3.9 4.2 1.6 0.0 2.2 2.3 16.6 .418 .464  .376 .735 .557 .516   G    JR
96       Yegor Mescheriakov  16.6 29 1996-97 George Washington 29 28 34.2  6.0 13.7 5.1 11.3 0.9  2.3 3.8         5.3  6.4 1.4 0.4 0.5 3.0 2.6 16.6 .437 .451  .368 .725 .514 .468   F    SO
97       Lionel Chalmers Jr  16.6 37 2003-04            Xavier 37 37 34.9  5.5 12.3 2.8  5.6 2.7  6.7 2.8 4.0 0.5 2.8  3.3 3.2 1.1 0.0 2.8 2.1 16.6 .449 .498  .409 .709 .586 .561   G    SR
98           Marvin OConnor  16.6 28 1999-00     Saint Josephs 28 28 31.6  5.5 13.6 2.9  6.2 2.6  7.4 2.9 3.9 1.0 3.4  4.4 2.6 1.1 0.1 2.5 2.3 16.6 .408 .471  .354 .736 .537 .504   G    SO
99         Courtney Wallace  16.6 30 2000-01          Duquesne 30 30 33.0  5.7 12.9 3.7  8.4 2.0  4.5 3.2 4.0 1.1 3.6  4.7 3.4 1.1 0.3 4.1 3.4 16.6 .442 .442  .441 .798 .560 .519   G    SR
100            Smush Parker  16.5 28 2001-02           Fordham 28 26 35.0  5.5 12.6 3.4  6.4 2.0  6.2 3.6 4.9 1.3 3.1  4.4 4.5 2.3 0.3 4.4 2.5 16.5 .433 .536  .328 .730 .554 .514   G    SO
101           Tyson Wheeler  16.5 34 1995-96      Rhode Island    34 34.6  5.2 12.8 2.9  6.5 2.3  6.3 3.8         5.1  2.9 6.0 1.6 0.0 3.4 2.0 16.5 .406 .439  .371 .747 .543 .497   G    SO
102                 Lou Roe  16.5 34 1994-95     Massachusetts 34 32 28.6  5.9 11.0 5.8 10.9 0.0  0.1 4.7 6.7 3.2 4.9  8.1 1.7 0.6 1.1 2.3 2.4 16.5 .532 .534  .333 .706 .581 .533   F    SR
103           Tyson Wheeler  16.4 30 1996-97      Rhode Island 30 30 33.3  5.5 12.9 2.8  5.7 2.7  7.2 2.6         3.7  3.0 5.6 1.9 0.1 2.9 1.9 16.4 .429 .488  .381 .718 .561 .535   G    JR
104             Wayne Smith  16.4 27 2001-02          Duquesne 27 25 29.8  5.5 12.6 3.9  8.1 1.7  4.4 3.7 4.7 1.9 3.8  5.7 2.0 1.1 0.4 3.0 3.0 16.4 .438 .473  .375 .787 .553 .504   F    SR
105           Carlin Warley  16.4 28 1993-94     Saint Josephs 28 28 35.2  5.1 10.9 5.0 10.1 0.1  0.8 6.0         8.8 11.4 2.0 0.8 0.8 2.4 3.0 16.4 .470 .491  .190 .684 .545 .477   F    JR
106               Jim McCoy  16.4 34 1991-92     Massachusetts 34 34 31.4  6.0 13.8 5.9 13.4 0.0  0.4 4.4 6.7 0.8 1.9  2.7 1.6 1.1 0.2 2.1 1.7 16.4 .434 .444  .077 .656 .483 .435   G    SR
107          Ellis McKennie  16.3 31 1989-90 George Washington         31  5.2 12.5 4.1  8.4 1.0  4.2 5.0         7.1  3.8 5.8 2.6         0.4 16.3 .412 .494  .248 .703 .514 .454   G    JR
108             Romain Sato  16.3 37 2003-04            Xavier 37 37 36.9  4.8 12.0 2.8  6.2 2.0  5.8 4.6 5.5 2.0 6.0  8.0 2.3 1.3 0.1 1.7 2.4 16.3 .404 .456  .349 .829 .558 .489   G    SR
109            Chris Monroe  16.3 30 1999-00 George Washington 30 21 28.7  4.9 11.1 3.9  7.8 1.0  3.2 5.4 7.2 3.9 2.9  6.8 1.6 0.8 0.2 2.7 3.3 16.3 .446 .502  .309 .747 .561 .491   G    FR
110          Maurice Curtis  16.3 27 1997-98           Fordham 27 27 33.4  6.1 11.9 6.1 11.8 0.0  0.0 4.0         5.3  8.3 1.2 0.7 0.7 3.0 3.0 16.3 .519 .520  .000 .748 .566 .519   F    SR
111          Marsalis Basey  16.2 29 1993-94     West Virginia 29 29 34.0  5.2 12.6 2.5  6.1 2.7  6.6 3.2         3.8  5.2 5.1 2.0 0.1 3.7 3.2 16.2 .410 .409  .411 .838 .562 .516   G    SR
112           Victor Thomas  16.2 28 1999-00          La Salle 28 28 37.1  5.6 12.2 4.1  7.7 1.5  4.5 3.5 5.1 3.8 5.0  8.7 1.4 0.7 0.5 1.8 2.5 16.2 .460 .532  .336 .690 .556 .522   F    JR
113          Rashaan Palmer  16.1 27 1995-96   St. Bonaventure    27 30.9  5.7 12.3 5.5 11.4 0.2  0.8 4.6         6.9  5.4 1.0 1.1         0.1 16.1 .465 .482  .227 .661 .520 .473   F    SO
114            Jason Brower  16.1 28 1990-91   St. Bonaventure 28 16 31.4  5.5 13.2 4.0  9.5 1.4  3.6 3.8         4.9  6.4 1.7 1.9 0.3 3.3 3.2 16.1 .415 .423  .392 .779 .521 .469   F    SO
115            Marc Jackson  16.1 31 1996-97            Temple 31 31 38.7  5.6 11.8 5.6 11.6 0.1  0.2 4.8 6.2 3.7 5.2  9.0 1.2 0.9 0.7 2.1 2.1 16.1 .478 .481  .333 .767 .546 .481   F    JR
116             Romain Sato  16.1 32 2001-02            Xavier 32 32 34.6  5.2 11.2 2.6  5.0 2.6  6.3 3.1 4.5 2.0 4.6  6.6 1.8 0.9 0.7 1.8 2.8 16.1 .462 .522  .415 .688 .601 .578   G    SO
117              Craig Amos  16.0 28 1989-90     Saint Josephs 28 28 32.9  5.3 13.3 3.1  8.1 2.1  5.2 3.4         4.2  6.4 1.1 0.9 0.4 2.6 3.7 16.0 .395 .383  .414 .797 .523 .476   F    SO
118              Craig Amos  16.0 30 1990-91     Saint Josephs 30 30 30.1  5.5 12.7 3.7  7.5 1.8  5.2 3.1         3.8  4.8 0.8 0.7 0.6 2.2 2.7 16.0 .435 .496  .346 .817 .550 .505   F    JR
119            Mike Skrocki  16.0 33 2003-04          Richmond 33 33 34.4  4.9 12.0 2.5  5.3 2.4  6.7 3.8 4.7 0.7 2.5  3.2 2.0 0.9 0.2 1.8 2.0 16.0 .406 .472  .353 .819 .560 .504   F    SR
120   Rasheed Brokenborough  16.0 31 1996-97            Temple 31 30 37.7  5.4 14.6 2.9  6.5 2.5  8.1 2.8 3.6 0.8 3.2  4.0 2.5 1.5 0.1 1.9 1.8 16.0 .366 .446  .303 .770 .488 .450   G    SO
121           Sonni Holland  16.0 26 1991-92 George Washington 26 20 29.6  6.0 11.4 6.0 11.4 0.0  0.0 3.9         5.6  5.5 0.5 0.4 0.5 2.2 2.7 16.0 .529       .529 .692 .566 .529   F    JR
122            Tony Stanley  15.9 34 2000-01            Dayton 34 34 32.6  5.2 13.6 2.2  5.6 3.0  8.0 2.5 3.4 1.7 3.4  5.1 1.9 1.3 0.4 2.1 2.1 15.9 .383 .395  .375 .735 .524 .494   G    SR
123              Mike Gizzi  15.9 27 1997-98          La Salle 27 27 35.9  4.9 12.2 2.4  5.4 2.6  6.8 3.5         4.7  4.4 2.5 1.6 0.0 2.8 3.1 15.9 .404 .438  .377 .754 .553 .509   F    SR
124            Mark Karcher  15.8 32 1999-00            Temple 32 32 31.9  5.6 14.9 3.1  7.5 2.6  7.3 1.9 3.4 1.7 2.9  4.6 2.2 1.8 0.2 2.0 2.0 15.8 .378 .407  .349 .569 .477 .464   F    JR
125            Zach Marbury  15.7 30 1999-00      Rhode Island 30 29 33.8  5.1 12.9 3.6  8.0 1.5  4.9 4.1 6.2 0.9 3.1  4.0 3.3 1.6 0.3 4.6 2.2 15.7 .395 .456  .297 .652 .496 .452   G    SO
126             Harry Moore  15.7 28 1991-92   St. Bonaventure 28 26 30.1  5.3 11.6 5.2 11.0 0.1  0.7 4.9         7.6  6.0 0.9 0.5 0.7 3.8 3.4 15.7 .457 .472  .211 .648 .515 .463   F    SO
127             Bevon Robin  15.7 27 1999-00           Fordham 27 27 35.1  4.9 12.0 2.6  5.6 2.3  6.4 3.5 4.4 0.6 3.3  3.9 3.6 1.2 0.2 2.9 2.7 15.7 .410 .464  .364 .792 .556 .508   G    JR
128             Earl Duncan  15.7 24 1990-91           Rutgers 24 22 34.0  4.6 11.0 3.0  6.8 1.6  4.3 4.8         5.7  2.5 3.8 0.6         0.0 15.7 .420 .444  .382 .846 .572 .494   G    SR
129            Marc Jackson  15.7 32 1995-96            Temple 32 32 34.9  5.7 12.0 5.7 11.9 0.1  0.1 4.2 6.2 3.8 5.2  9.0 0.8 0.4 0.2 2.7 1.9 15.7 .477 .476  .500 .668 .523 .479   F    SO
130             Lenny Brown  15.6 29 1996-97            Xavier 29 29 33.4  5.5 13.0 3.6  7.2 1.9  5.7 2.7         3.8  3.8 3.5 2.1 0.4 3.6 2.8 15.6 .426 .495  .337 .700 .529 .500   G    SO
131            KZell Wesson  15.6 28 1998-99          La Salle 28 28 33.4  6.0 12.0 6.0 12.0 0.0  0.0 3.7         5.2 10.8 1.4 0.9 1.4     2.7 15.6 .499       .499 .705 .540 .499   F    SR
132         William Herndon  15.5 26 1989-90     Massachusetts 26 13 29.8  6.4 10.7 6.4 10.7 0.0  0.0 2.7 3.9 2.7 3.0  5.7 1.5 1.3 1.4 1.8 3.3 15.5 .603       .603 .693 .622 .603   F    SO
133           Victor Thomas  15.5 28 1998-99          La Salle 28 27 36.6  5.1 10.6 2.8  5.2 2.3  5.4 3.1         4.9  5.9 1.5 1.0 0.7     1.8 15.5 .477 .534  .421 .635 .599 .584   F    SO
134           Mardy Collins  15.5 29 2003-04            Temple 29 29 39.2  5.9 15.7 4.3 10.1 1.6  5.6 2.1 3.5 0.8 4.1  4.9 2.6 1.8 0.1 1.7 2.1 15.5 .377 .425  .290 .598 .448 .428   G    SO
135              Yinka Dare  15.4 30 1993-94 George Washington 30 28 29.6  5.9 11.0 5.9 11.0 0.0  0.0 3.6         6.1 10.3 0.6 0.7 1.9 2.5 2.9 15.4 .538       .538 .585 .554 .538   C    SO
136           Marques Green  15.4 30 2001-02   St. Bonaventure 30 30 38.0  4.7 11.4 2.4  5.7 2.3  5.8 3.6 4.2 0.8 2.4  3.2 6.0 3.4 0.0 2.6 2.6 15.4 .414 .429  .399 .858 .573 .515   G    SO
137         Rashaun Freeman  15.4 29 2003-04     Massachusetts 29 28 29.3  6.0 10.9 6.0 10.8 0.0  0.0 3.4 5.6 3.1 5.4  8.5 0.9 0.8 0.5 2.9 2.9 15.4 .549 .551  .000 .613 .568 .549   C    FR
138             Tony Barbee  15.3 30 1990-91     Massachusetts 30 27 29.5  5.1 11.3 4.7  9.5 0.4  1.8 4.7 6.8 1.0 3.1  4.2 2.8 1.2 0.3 2.7 3.1 15.3 .450 .491  .236 .695 .527 .469   F    SO
139         Harper Williams  15.3 22 1992-93     Massachusetts 22 21 28.4  5.6 11.3 5.6 11.2 0.0  0.1 4.1 6.4 3.0 5.5  8.4 1.3 1.0 2.1 1.9 3.4 15.3 .494 .500  .000 .650 .534 .494   F    SR
140             James Posey  15.3 30 1997-98            Xavier 30  2 28.8  4.8  8.7 4.2  6.7 0.6  2.0 5.0         6.1  8.4 1.3 2.1 0.5 2.3 2.9 15.3 .556 .624  .322 .824 .661 .592   F    JR
141              Mike Gizzi  15.3 27 1996-97          La Salle 27 27 36.6  5.1 13.7 3.0  7.7 2.0  6.0 3.1         4.3  5.5 2.2 1.9 0.0 2.2 2.9 15.3 .371 .396  .340 .730 .487 .446   F    JR
142               Ed Fogell  15.3 34 1989-90        Penn State         34  5.6  9.2 5.6  9.2 0.0  0.1 4.1         5.0  6.0 1.9 0.9         1.3 15.3 .608 .612  .000 .812 .659 .608   C    SR
143            Andre Samuel  15.3 27 1993-94      Rhode Island 27 27 35.6  5.1 12.3 3.9  8.8 1.1  3.5 4.0         5.1  8.8 2.3 1.7 0.7 2.8 3.4 15.3 .413 .447  .326 .770 .518 .459   F    SR
144            Jason Harris  15.3 28 1999-00           Fordham 28 20 32.0  4.8 11.9 1.5  3.4 3.3  8.5 2.4 3.0 0.8 2.0  2.8 2.3 2.8 0.0 1.6 2.4 15.3 .401 .427  .391 .795 .572 .540   F    JR
145           Ryan Perryman  15.2 33 1997-98            Dayton 33 33 33.1  5.4  9.7 5.4  9.6 0.0  0.1 4.5         6.8 12.5 1.4 0.8 0.1 2.5 2.7 15.2 .558 .562  .000 .653 .591 .558   F    SR
146             Wayne Smith  15.2 28 2000-01          Duquesne 28 21 28.9  4.7 11.1 3.3  7.4 1.4  3.8 4.5 5.6 1.6 4.1  5.7 1.8 1.6 0.5 2.7 2.6 15.2 .420 .449  .362 .803 .551 .481   F    JR
147             Lari Ketner  15.2 32 1997-98     Massachusetts 32 31 30.3  6.1 11.7 6.1 11.7 0.0  0.0 3.0 4.7 2.7 4.8  7.4 0.5 0.4 2.1 1.8 3.1 15.2 .523       .523 .644 .548 .523   C    JR
148             Mark Ashman  15.2 28 1998-99            Dayton 28 28 29.7  5.3 11.5 5.3 11.2 0.0  0.3 4.5         5.7  5.8 0.6 0.3 0.9 1.9 3.1 15.2 .463 .471  .125 .792 .535 .464   C    JR
149           David Hawkins  15.1 27 2001-02            Temple 27 25 36.9  5.4 13.0 3.5  7.1 1.9  5.9 2.5 3.7 2.1 3.7  5.8 2.3 1.5 0.1 2.2 2.5 15.1 .413 .487  .323 .673 .513 .486   G    SO
150          Michael Haynes  15.1 27 2002-03           Fordham 27 25 33.6  5.7 14.1 3.9  9.0 1.7  5.0 2.1 3.3 2.5 5.5  8.0 2.1 1.0 0.6 3.3 2.1 15.1 .403 .434  .346 .629 .484 .464   F    JR
151               Abdul Fox  15.1 30 1992-93      Rhode Island 30  3 23.3  5.2 11.1 3.6  6.8 1.6  4.3 3.1         4.1  3.2 1.6 1.4         0.4 15.1 .470 .529  .375 .770 .582 .542   G    JR
152          Dawan Robinson  15.1 34 2003-04      Rhode Island 34 33 29.1  5.3 12.3 3.7  8.2 1.6  4.1 2.8 4.4 0.5 3.4  3.9 3.5 1.5 0.1 2.9 2.1 15.1 .433 .448  .403 .642 .525 .500   G    JR
153         Pervires Greene  15.1 28 1992-93     West Virginia 28 27 32.5  5.6 12.8 5.6 12.5 0.0  0.3 3.9         5.9  5.5 1.7 0.9 1.0 2.3 3.1 15.1 .436 .447  .000 .671 .484 .436   F    JR
154               Mike King  15.1 29 1998-99 George Washington 29 28 32.3  5.2 13.1 4.7 10.9 0.5  2.2 4.1         5.9  5.2 2.4 2.1 0.0 2.7 3.4 15.1 .398 .430  .238 .698 .474 .418   G    SO
155            Donald Hodge  15.1 31 1989-90            Temple 31 31 36.1  5.3  9.8 5.3  9.8 0.0  0.0 4.5 6.3 4.1 4.1  8.2 0.7 0.8 0.7 2.4 2.6 15.1 .541       .541 .713 .590 .541   C    SO
156          Maurice McAfee  15.1 33 1999-00            Xavier 33 33 35.2  4.7 11.5 2.0  4.7 2.7  6.8 3.0 3.6 0.6 2.8  3.5 4.2 1.3 0.1 3.7 2.7 15.1 .408 .429  .394 .824 .569 .525   G    JR
157           Quincy Wadley  15.1 33 2000-01            Temple 33 33 37.6  4.8 11.7 2.2  4.8 2.6  6.9 2.8 3.8 0.9 3.6  4.6 2.3 1.5 0.0 1.8 1.7 15.1 .413 .462  .379 .738 .559 .525   G    SR
158      Alejandro Olivares  15.0 27 1998-99           Fordham 27 26 32.6  5.4 11.3 5.1 10.4 0.3  1.0 3.9         5.3  5.9 1.1 0.5 0.5     2.4 15.0 .477 .496  .269 .736 .541 .489   F    SO
159              Rashid Bey  15.0 33 1996-97     Saint Josephs 33  3 34.8  5.1 11.7 3.0  6.4 2.1  5.3 2.7         3.4  3.6 4.6 1.9 0.2 2.8 2.2 15.0 .434 .464  .398 .795 .562 .525   G    JR
160            Tony Stanley  15.0 27 1998-99            Dayton 27 27 32.3  5.2 12.7 3.3  6.8 1.9  6.0 2.6         3.4  5.6 0.9 1.9 0.3 2.1 2.0 15.0 .410 .486  .323 .763 .522 .485   G    SO
161             DeRon Hayes  15.0 32 1990-91        Penn State 32 31 33.1  6.3 12.3 6.3 11.9 0.0  0.4 2.5         3.2  4.8 2.1 0.6 0.1 1.6 1.6 15.0 .509 .525  .000 .767 .542 .509   F    SO
162          Ricky Robinson  14.9 29 1993-94     West Virginia 29 26 32.9  5.8 11.7 5.8 11.6 0.0  0.1 3.2         5.4  8.1 1.4 0.9 0.3 1.9 2.2 14.9 .500 .501  .333 .599 .525 .501   F    SR
163             Eddie Lucas  14.9 28 1998-99     Virginia Tech 28 28 35.4  5.1 11.6 2.3  5.1 2.8  6.5 1.9         2.2  4.2 1.5 0.7 0.1 1.9 1.9 14.9 .440 .448  .434 .855 .590 .562   G    SR
164        Seldon Jefferson  14.9 26 1994-95     West Virginia 26 24 32.9  5.0 11.8 3.7  7.2 1.2  4.6 3.8 4.9 0.9 2.3  3.2 4.3 2.0 0.0 3.7 1.8 14.9 .420 .519  .267 .772 .528 .472   G    SO
165           Tyson Wheeler  14.9 34 1997-98      Rhode Island 34 34 34.0  5.1 12.6 2.4  5.3 2.7  7.4 2.1         3.2  2.6 6.0 1.3 0.1 2.9 1.9 14.9 .402 .458  .363 .648 .527 .508   G    SR
166          Alexander Koul  14.9 29 1995-96 George Washington 29 29 27.9  5.6  8.8 5.6  8.8 0.0  0.0 3.6         5.4  7.8 0.8 0.7 1.8 2.8 3.9 14.9 .642       .642 .665 .655 .642   C    SO
167          Maurice Curtis  14.9 14 1996-97           Fordham 14 11 29.2  5.4 10.1 5.4 10.1 0.0  0.0 4.0         5.3  7.3 1.4 0.8 1.3 1.8 3.1 14.9 .539       .539 .757 .590 .539   F    JR
168          Chris Kirkland  14.8 33 1999-00     Massachusetts 33 33 34.1  5.1 11.3 5.0 10.7 0.2  0.6 4.5 6.3 2.5 3.7  6.1 1.7 1.8 0.6 2.8 2.3 14.8 .454 .466  .250 .710 .521 .461   F    SR
169         Reggie Townsend  14.8 32 1995-96     Saint Josephs 32 32 34.6  5.8 11.3 5.8 11.3 0.0  0.0 3.2         4.2  6.4 1.3 0.5 0.1 2.6 1.8 14.8 .512 .511 1.000 .761 .557 .514   F    SR
170               Zain Shaw  14.8 26 1994-95     West Virginia 26 26 28.5  5.7 13.0 5.4 10.7 0.3  2.3 3.0 4.3 2.8 3.8  6.6 2.2 1.8 0.4 2.9 3.2 14.8 .441 .509  .131 .705 .492 .453   F    SR
171        Carmelo Travieso  14.8 33 1996-97     Massachusetts 33 31 36.2  5.2 14.0 2.4  6.3 2.8  7.7 1.6 2.3 1.1 2.5  3.6 3.2 1.0 0.4 2.0 1.9 14.8 .369 .378  .362 .711 .489 .469   G    SR
172            Tony Stanley  14.7 31 1999-00            Dayton 31 31 31.6  5.2 12.5 2.9  6.2 2.3  6.2 2.1 2.9 2.0 3.5  5.5 2.0 1.7 0.3 1.8 1.7 14.7 .415 .461  .368 .733 .533 .506   G    JR
173            Gary Lumpkin  14.7 29 1996-97            Xavier 29 29 34.6  4.8 10.6 2.4  4.6 2.4  6.0 2.7         3.3  2.9 4.3 1.1 0.2 3.3 2.8 14.7 .453 .519  .402 .823 .606 .567   G    SO
174              Ace Custis  14.7 31 1996-97     Virginia Tech 31 31 35.0  5.3 11.5 4.9 10.2 0.4  1.3 3.8         5.4  9.0 2.0 1.7 0.7 2.3 2.2 14.7 .457 .481  .268 .717 .523 .472   F    SR
175             Kevin Price  14.7 27 1995-96          Duquesne 27 23 27.1  5.6 11.1 5.6 11.1 0.0  0.0 3.4         4.7  6.7 0.4 0.6 0.5 2.0 3.1 14.7 .508       .508 .738 .553 .508   F    SO
176             Lenny Brown  14.7 30 1997-98            Xavier 30 30 31.9  5.3 12.0 3.7  7.6 1.6  4.4 2.5         3.4  3.5 3.5 2.7 0.3 3.2 2.9 14.7 .443 .487  .366 .743 .542 .510   G    JR
177             Tom Pipkins  14.7 30 1993-94          Duquesne    30 37.9  5.3 13.1 3.3  7.4 1.9  5.7 2.2         3.0  4.7 2.7 1.4         0.3 14.7 .403 .450  .341 .744 .507 .477   G    FR
178          Shawnta Rogers  14.7 33 1997-98 George Washington 33 32 34.1  4.5 10.8 2.7  6.0 1.8  4.8 3.8         5.0  4.4 4.8 2.4 0.1 2.7 2.2 14.7 .419 .452  .377 .774 .559 .503   G    JR
179             Cyrus Jones  14.7 26 1994-95     West Virginia 26 25 32.5  5.2 12.1 2.8  6.0 2.5  6.1 1.8 2.5 1.3 2.6  3.9 2.3 1.5 0.3 2.5 2.7 14.7 .432 .459  .405 .697 .551 .533   G    JR
180         Reggie Townsend  14.7 29 1994-95     Saint Josephs 29 29 30.9  6.3 10.9 6.3 10.8 0.0  0.0 2.1         3.0  5.7 1.3 0.5 0.1 2.2 2.0 14.7 .581 .583  .000 .690 .598 .581   F    JR
181            Arthur Davis  14.7 33 1996-97     Saint Josephs 33 32 29.7  5.0 12.6 3.0  7.4 2.0  5.2 2.8         3.9  4.2 1.6 1.1 0.1 1.8 2.1 14.7 .395 .406  .380 .705 .508 .473   G    FR
182         Michael Burnett  14.7 18 1990-91   St. Bonaventure 18 14 32.9  5.6 13.8 3.9  8.4 1.7  5.4 1.7         2.6  5.3 2.2 1.0 0.2 2.3 3.4 14.7 .407 .464  .320 .674 .489 .470   G    SR
183               Jeff Kent  14.7 32 1991-92      Rhode Island 32 32 31.8  5.4 11.3 4.4  8.8 1.0  2.5 2.8         3.7  8.5 1.8 2.0 1.4 2.2 2.8 14.7 .481 .502  .405 .761 .562 .525   C    SR
184           Mike Williams  14.6 31 1993-94     Massachusetts 31 27 30.4  5.2 13.1 3.6  7.5 1.6  5.6 2.6 4.1 0.9 2.5  3.4 2.5 1.4 0.1 2.4 2.5 14.6 .398 .481  .287 .638 .487 .459   G    JR
185          Ramod Marshall  14.6 32 2003-04            Dayton 32 32 35.4  4.6 13.1 2.5  6.3 2.1  6.8 3.3 4.4 0.4 2.3  2.8 5.2 0.8 0.1 2.8 1.8 14.6 .353 .403  .307 .743 .481 .433   G    SR
186          Shannon Crooks  14.6 29 2001-02     Massachusetts 29 29 35.1  5.1 12.2 3.3  7.2 1.8  4.9 2.6 3.7 1.1 2.6  3.7 4.0 1.3 0.2 2.6 3.1 14.6 .419 .462  .357 .704 .523 .492   G    SR
187         Michael Burnett  14.6 28 1989-90   St. Bonaventure         28  5.3 11.1 4.0  8.1 1.3  3.0 2.7         3.9  4.9 1.6 1.2         0.3 14.6 .474 .489  .435 .694 .562 .534   G    JR
188            Donta Bright  14.5 37 1995-96     Massachusetts 37 37 30.5  5.5 11.4 5.2 10.4 0.3  1.0 3.3 4.2 2.4 3.4  5.8 1.7 1.2 0.7 2.2 2.7 14.5 .479 .495  .306 .794 .543 .492   F    SR
189            Dirkk Surles  14.5 30 1992-93 George Washington 30 26 27.3  5.3 11.7 3.6  6.9 1.7  4.8 2.3         3.1  3.2 1.7 1.2         0.1 14.5 .450 .517  .354 .734 .551 .523   G    SR
190             Mik Kilgore  14.5 29 1991-92            Temple 29 29 34.9  4.8 11.7 3.6  8.0 1.3  3.6 3.6 5.7 1.4 4.5  5.9 3.0 1.2 0.3 2.6 2.3 14.5 .414 .442  .352 .630 .506 .469   F    SR
191          Alexander Koul  14.5 29 1996-97 George Washington 29 29 28.1  5.6  9.3 5.6  9.3 0.0  0.0 3.2         5.2  7.8 0.5 0.7 1.4 2.9 3.8 14.5 .601       .601 .623 .613 .601   C    JR
192            Steven Smith  14.5 20 2002-03          La Salle 20 20 31.1  5.3 10.4 4.3  7.6 1.1  2.8 2.8 3.7 1.8 6.3  8.1 0.9 0.9 0.7 2.5 3.1 14.5 .510 .559  .375 .757 .594 .560   F    FR
193            Dirkk Surles  14.4 30 1990-91 George Washington 30 18 24.5  5.7 11.9 5.1 10.3 0.6  1.6 2.3 3.2 1.2 2.9  4.1 1.8 1.0 0.1 2.3 2.1 14.4 .483 .497  .396 .719 .538 .510   G    SO
194           Jameer Nelson  14.4 30 2001-02     Saint Josephs 30 30 35.5  4.8 11.0 3.1  6.2 1.7  4.7 3.1 4.1 1.2 3.6  4.8 6.3 1.3 0.0 3.0 2.2 14.4 .438 .497  .359 .762 .558 .515   G    SO
195            Reggie Brown  14.4 35 2001-02          Richmond 35 32 32.5  5.0 14.0 2.7  6.3 2.3  7.7 2.0 2.9 0.5 2.7  3.2 2.5 1.3 0.1 2.1 2.0 14.4 .358 .428  .301 .710 .468 .441   G    JR
196        Courtney Wallace  14.4 28 1998-99          Duquesne 28 27 35.0  4.9 13.3 3.7  8.8 1.3  4.5 3.3         4.7  5.8 3.9 1.3 0.4 4.5 3.7 14.4 .370 .417  .278 .697 .462 .417   G    SO
197           Tavorris Bell  14.3 29 1999-00      Rhode Island 29 24 33.0  5.2  9.8 4.7  8.3 0.6  1.6 3.4 5.9 3.3 3.4  6.7 1.9 1.3 0.2 2.9 2.8 14.3 .530 .563  .356 .576 .569 .558   F    SO
198               Mark Bass  14.3 32 1995-96     Saint Josephs 32 31 33.1  4.7 12.3 1.8  4.0 2.8  8.4 2.2         2.8  1.9 1.8 1.3 0.0 1.8 2.1 14.3 .377 .457  .340 .775 .524 .492   G    SR
199             Bevon Robin  14.3 29 2000-01           Fordham 29 29 36.3  4.4 11.3 2.7  5.4 1.7  5.9 3.8 4.6 1.0 3.1  4.1 5.1 1.8 0.1 3.2 2.2 14.3 .390 .506  .285 .813 .529 .465   G    SR
200              Mike James  14.2 27 1995-96          Duquesne 27 24 31.2  5.6 11.8 5.5 11.1 0.1  0.7 2.9         4.0  3.5 3.9 2.2 0.1 2.4 2.7 14.2 .475 .495  .158 .731 .520 .480   G    SO
[/code]

Provided by [url=https://www.sports-reference.com/sharing.html?utm_source=direct&utm_medium=Share&utm_campaign=ShareTool]Stathead[/url]: [url=https://www.sports-reference.com/stathead/basketball/cbb/player-season-finder.cgi?utm_source=direct&utm_medium=Share&utm_campaign=ShareTool]Found with Stathead. See Full Results.[/url]
Generated 6/11/2026.