[code]                                                                                                                                                                                     
                                                                                                                                                                                 Per 
Rk                Player PTS/G  G  Season           Team  G GS   MP  FG  FGA  2P  2PA  3P  3PA  FT FTA ORB DRB  TRB AST STL BLK TOV  PF  PTS  FG%  2P%   3P%  FT%  TS% eFG% Pos Class
1           Dennis Scott  27.7 35 1989-90   Georgia Tech 35 35 39.1 9.6 20.6 5.7 11.2 3.9  9.5 4.6         5.8  6.6 2.0 1.8 0.9 2.6 2.1 27.7 .465 .509  .414 .793 .593 .560   F    JR
2          Rodney Monroe  27.0 31 1990-91       NC State 31 31 37.6 9.2 20.7 5.8 13.0 3.4  7.7 5.2         5.9  4.4 2.8 1.1 0.2 2.4 1.9 27.0 .445 .450  .435 .885 .574 .526   G    SR
3          Walt Williams  26.8 29 1991-92       Maryland 29 29 35.9 8.8 18.7 5.8 10.4 3.1  8.3 6.0 8.0 2.2 3.3  5.6 3.6 2.1 1.0 3.8 3.4 26.8 .472 .553  .371 .758 .595 .554   F    SR
4         Kenny Anderson  25.9 30 1990-91   Georgia Tech 30 29 38.9 9.3 21.2 7.1 15.0 2.2  6.2 5.2         6.2  5.7 5.6 3.0 0.1 3.8 2.3 25.9 .437 .472  .351 .829 .535 .488   G    SO
5          Rodney Monroe  23.2 30 1989-90       NC State 30 30 36.5 7.6 16.8 4.8 11.0 2.8  5.8 5.2         6.4  4.3 2.5 0.8 0.2 2.7 1.8 23.2 .451 .435  .483 .818 .585 .535   G    JR
6          Tom Gugliotta  22.5 30 1991-92       NC State 30 30 36.9 8.0 17.8 4.9 10.0 3.1  7.8 3.4         5.0  9.8 3.1 2.1 0.5 3.6 2.5 22.5 .449 .488  .399 .685 .558 .537   F    SR
7         Antawn Jamison  22.2 37 1997-98 North Carolina 37 32 33.1 8.5 14.8 8.4 14.4 0.2  0.4 5.0         7.5 10.5 0.8 0.8 0.8 1.6 2.5 22.2 .579 .584  .400 .667 .607 .584   F    JR
8          Matt Harpring  21.6 32 1997-98   Georgia Tech 32 32 36.3 7.2 15.8 5.6 10.5 1.6  5.3 5.6         6.9  9.4 2.6 1.4 0.2 3.4 2.2 21.6 .456 .530  .310 .810 .567 .508   F    SR
9           Jay Williams  21.6 39 2000-01           Duke 39 39 31.8 7.3 15.5 3.9  7.5 3.4  7.9 3.6 5.4 0.8 2.5  3.3 6.1 2.0 0.1 3.9 2.2 21.6 .473 .520  .427 .659 .598 .582   G    SO
10    Christian Laettner  21.5 35 1991-92           Duke 35 35 32.2 7.3 12.6 5.7  9.9 1.5  2.8 5.4         6.6  7.9 2.0 2.1 0.9 3.3 2.6 21.5 .575 .580  .557 .815 .680 .636   C    SR
11          Hubert Davis  21.4 33 1991-92 North Carolina 33 30 33.2 7.3 14.4 4.7  8.4 2.6  6.0 4.2         5.1  2.3 1.6 1.3 0.2 1.4 1.3 21.4 .508 .565  .429 .828 .638 .598   G    SR
12          Jay Williams  21.3 35 2001-02           Duke 35 35 33.6 7.1 15.6 4.0  7.5 3.1  8.1 4.0 5.9 0.8 2.8  3.5 5.3 2.2 0.1 3.7 2.3 21.3 .457 .536  .383 .676 .580 .556   G    JR
13          Brian Oliver  21.3 34 1989-90   Georgia Tech 34 34 37.6 7.6 14.8 6.0 10.5 1.7  4.3 4.3         6.0  6.0 3.3 0.8 0.1 2.9 2.6 21.3 .516 .569  .388 .721 .602 .572   G    SR
14           Bob Sura Jr  21.2 27 1993-94  Florida State 27 26 34.5 7.5 16.0 5.6  9.9 1.9  6.1 4.3         6.6  7.9 4.5 2.4 0.7 4.1 2.5 21.2 .469 .562  .317 .654 .555 .529   G    JR
15      Rodney Rogers Jr  21.2 30 1992-93    Wake Forest 30 29 32.4 8.0 14.4 7.2 12.1 0.8  2.2 4.5         6.2  7.4 2.3 1.8 0.9 3.2 2.7 21.2 .555 .591  .358 .717 .612 .582   F    JR
16          Norman Nolan  21.0 30 1997-98       Virginia 30 30 35.9 8.6 16.3 8.6 16.3 0.0  0.1 3.9         6.0  9.2 1.2 0.7 0.4 2.9 3.0 21.0 .524 .527  .000 .648 .548 .524   F    SR
17           Todd Fuller  20.9 31 1995-96       NC State 31 31 33.7 7.3 14.4 6.7 13.0 0.5  1.4 5.9         7.4  9.9 1.3 0.3 1.8 2.3 1.5 20.9 .506 .520  .372 .799 .586 .524   C    SR
18          Joseph Forte  20.9 33 2000-01 North Carolina 33 32 34.7 7.6 16.9 5.9 12.5 1.7  4.4 4.0 4.7 1.2 4.8  6.1 3.5 2.0 0.4 2.5 1.8 20.9 .450 .476  .377 .853 .546 .499   G    SO
19          Will Solomon  20.9 30 1999-00        Clemson 30 30 36.0 7.1 17.7 4.0  9.4 3.1  8.3 3.6 5.3 0.8 3.3  4.1 3.2 1.3 0.5 4.2 2.8 20.9 .401 .424  .375 .684 .517 .489   G    SO
20             Joe Smith  20.8 34 1994-95       Maryland 34 34 32.6 7.2 12.5 6.9 11.9 0.3  0.6 6.1 8.3 4.0 6.7 10.6 1.2 1.5 2.9 2.1 3.0 20.8 .578 .586  .429 .741 .634 .588   C    SO
21          Bryant Stith  20.8 32 1989-90       Virginia 32 31 35.2 6.8 14.1 5.5 10.9 1.3  3.2 6.0         7.7  6.9 1.7 1.3 0.3 1.9 2.0 20.8 .481 .507  .392 .777 .586 .525   G    SO
22            Tim Duncan  20.8 31 1996-97    Wake Forest 31 31 36.7 7.5 12.4 7.4 11.7 0.2  0.7 5.5         8.7 14.7 3.2 0.7 3.3 3.2 2.2 20.8 .608 .628  .273 .636 .629 .616   C    SR
23          Bryant Stith  20.7 33 1991-92       Virginia 33 33 36.4 7.0 15.4 5.9 12.5 1.1  2.9 5.7         7.0  6.6 2.2 1.2 0.4 2.0 2.4 20.7 .452 .471  .368 .815 .552 .486   G    SR
24        Kenny Anderson  20.6 35 1989-90   Georgia Tech 35 35 37.7 8.1 15.7 6.7 12.3 1.4  3.3 3.1         4.2  5.5 8.1 2.3 0.1 4.0 1.9 20.6 .515 .544  .410 .733 .583 .559   G    FR
25      Rodney Rogers Jr  20.5 29 1991-92    Wake Forest 29 28 32.6 8.4 13.8 7.8 12.0 0.7  1.7 3.0         4.3  8.5 2.8 1.3 0.9 2.4 3.0 20.5 .614 .648  .380 .683 .648 .638   F    SO
26            Juan Dixon  20.4 36 2001-02       Maryland 36 36 33.6 7.0 14.9 4.4  8.4 2.6  6.4 3.9 4.4 1.4 3.3  4.6 2.9 2.6 0.2 2.5 2.0 20.4 .469 .525  .397 .898 .603 .555   G    SR
27           Travis Best  20.2 30 1994-95   Georgia Tech 30 30 37.2 7.0 15.6 4.5  9.2 2.4  6.4 3.9         4.6  3.2 5.0 2.0 0.2 2.3 2.4 20.2 .446 .491  .380 .847 .568 .523   G    SR
28    Randolph Childress  20.1 32 1994-95    Wake Forest 32 32 38.0 5.7 13.1 2.8  5.4 2.9  7.7 5.8         6.9  3.6 5.2 1.5 0.2 3.9 2.3 20.1 .438 .514  .384 .833 .616 .550   G    SR
29        Rashad McCants  20.0 30 2003-04 North Carolina 30 29 32.0 7.2 15.0 4.6  8.7 2.6  6.4 3.0 4.0 2.1 2.5  4.6 2.2 1.8 0.7 2.5 2.1 20.0 .479 .531  .408 .748 .590 .565   G    SO
30         Shane Battier  19.9 39 2000-01           Duke 39 39 34.9 6.4 13.7 3.3  6.1 3.2  7.6 3.9 4.9 2.4 4.9  7.3 1.8 2.1 2.3 1.5 2.1 19.9 .471 .536  .419 .796 .624 .587   F    SR
31           Bob Sura Jr  19.9 34 1992-93  Florida State 34 34 35.7 7.1 15.7 4.9  9.2 2.1  6.5 3.5         5.5  6.1 2.7 1.6 0.2 3.8 2.6 19.9 .452 .537  .332 .638 .542 .521   G    SO
32          Bryant Stith  19.8 33 1990-91       Virginia 33 32 33.9 6.9 14.7 5.8 10.9 1.2  3.8 4.8         6.1  6.2 1.2 1.5 0.6 2.5 2.5 19.8 .471 .529  .304 .791 .563 .510   G    JR
33    Christian Laettner  19.8 39 1990-91           Duke 39 39 30.2 6.9 12.1 6.5 10.7 0.5  1.4 5.4         6.7  8.7 1.9 1.9 1.1 3.1 2.8 19.8 .575 .605  .340 .802 .647 .594   C    JR
34    Randolph Childress  19.7 30 1992-93    Wake Forest 30 29 34.3 6.1 12.7 2.9  5.4 3.2  7.2 4.3         5.3  2.8 4.2 1.4 0.1 3.0 2.5 19.7 .484 .540  .442 .810 .650 .611   G    SO
35          Will Solomon  19.7 30 2000-01        Clemson 30 28 33.3 6.1 15.4 2.9  7.0 3.2  8.4 4.3 5.5 0.6 2.3  2.9 3.4 1.4 0.3 4.1 2.4 19.7 .397 .421  .377 .788 .548 .500   G    JR
36    Randolph Childress  19.6 29 1993-94    Wake Forest 29 28 35.1 5.4 13.1 2.9  6.1 2.6  7.0 6.1         7.7  3.4 3.9 1.6 0.2 3.7 2.6 19.6 .415 .469  .368 .789 .582 .513   G    JR
37           Josh Howard  19.5 31 2002-03    Wake Forest 31 31 32.3 6.6 13.8 4.9  9.2 1.7  4.6 4.7 5.6 3.3 5.0  8.3 1.9 2.1 1.5 2.6 2.9 19.5 .477 .528  .373 .833 .593 .539   F    SR
38         James Forrest  19.5 30 1992-93   Georgia Tech 30 29 34.5 8.2 15.1 8.1 15.0 0.1  0.1 3.1         4.5  7.5 1.4 1.0 0.9 1.9 3.1 19.5 .542 .542  .500 .687 .566 .544   F    SO
39           Keith Booth  19.5 32 1996-97       Maryland 32 32 34.4 6.4 13.7 6.4 13.0 0.0  0.7 6.7 9.3 2.6 5.3  7.9 2.6 2.0 0.6 3.2 2.9 19.5 .469 .490  .048 .717 .540 .470   F    SR
40             Joe Smith  19.4 30 1993-94       Maryland 30 30 32.9 6.9 13.2 6.8 13.0 0.1  0.2 5.6 7.6 3.6 7.1 10.7 0.8 1.4 3.1 2.0 2.9 19.4 .522 .523  .400 .734 .578 .524   C    FR
41      Jerry Stackhouse  19.2 34 1994-95 North Carolina 34 33 34.4 6.3 12.2 5.2  9.6 1.1  2.6 5.4         7.6  8.2 2.7 1.5 1.7 3.3 2.2 19.2 .517 .546  .411 .712 .604 .561   F    SO
42            Tim Duncan  19.1 32 1995-96    Wake Forest 32 32 37.2 7.1 12.8 6.9 12.1 0.2  0.7 4.7         6.8 12.3 2.9 0.7 3.8 3.3 2.3 19.1 .555 .570  .304 .687 .595 .563   C    JR
43        Antawn Jamison  19.1 35 1996-97 North Carolina 35 34 34.3 7.7 14.2 7.7 13.9 0.1  0.3 3.6         5.8  9.4 0.9 1.1 0.6 1.8 2.7 19.1 .544 .553  .182 .621 .564 .546   F    SO
44        Cherokee Parks  19.0 31 1994-95           Duke 31 31 35.2 7.2 14.3 6.2 11.5 1.0  2.7 3.7         4.7  9.3 1.5 0.8 1.8 2.0 2.2 19.0 .501 .534  .365 .776 .574 .536   F    SR
45         James Forrest  19.0 25 1993-94   Georgia Tech 25 22 34.5 7.5 16.0 7.5 15.8 0.0  0.2 4.0         5.6  7.9 1.4 0.8 0.7 2.3 2.8 19.0 .468 .475  .000 .716 .509 .468   F    JR
46         Matt Harpring  19.0 27 1996-97   Georgia Tech 27 27 37.6 6.3 15.2 3.9  8.1 2.4  7.0 4.1         6.0  8.2 2.2 1.2 0.4 3.6 2.6 19.0 .412 .473  .342 .675 .526 .491   F    JR
47       Stephon Marbury  18.9 36 1995-96   Georgia Tech 36 35 37.4 6.5 14.3 4.1  7.7 2.4  6.6 3.4         4.6  3.1 4.5 1.8 0.1 3.2 2.3 18.9 .457 .533  .370 .738 .574 .543   G    FR
48        Cory Alexander  18.8 31 1992-93       Virginia 31 31 36.1 6.9 15.2 4.8  9.5 2.1  5.6 3.0         4.3  3.5 4.6 0.8 0.2 3.4 2.4 18.8 .453 .503  .368 .705 .547 .521   G    SO
49         James Forrest  18.8 24 1994-95   Georgia Tech 24 23 34.6 7.7 15.7 7.7 15.5 0.0  0.2 3.5         5.2  8.3 1.6 1.4 1.0 1.9 2.7 18.8 .488 .493  .000 .664 .517 .488   F    SR
50         Walt Williams  18.7 17 1990-91       Maryland 17 14 31.6 6.4 14.3 4.8  8.7 1.6  5.6 4.2 5.1 1.4 3.7  5.1 5.4 1.5 0.4 4.1 3.0 18.7 .449 .547  .295 .837 .560 .506   F    JR
51         Matt Harpring  18.6 36 1995-96   Georgia Tech 36 36 36.9 6.5 12.7 4.6  8.4 1.8  4.3 3.8         5.0  8.1 2.2 1.8 0.1 2.4 2.5 18.6 .510 .551  .429 .762 .617 .582   F    SO
52           Bob Sura Jr  18.6 27 1994-95  Florida State 27 26 36.3 6.1 14.6 4.2  8.7 1.9  5.9 4.6         6.6  6.9 5.4 1.8 0.2 3.4 2.8 18.6 .417 .481  .323 .687 .525 .482   G    SR
53        Roger Mason Jr  18.6 29 2001-02       Virginia 29 29 36.1 5.6 13.7 2.8  6.0 2.8  7.6 4.6 5.2 0.6 2.6  3.2 4.1 0.9 0.4 3.0 2.2 18.6 .409 .463  .367 .881 .575 .511   G    JR
54           Evers Burns  18.5 28 1992-93       Maryland 28 28 32.9 7.5 14.9 7.5 14.9 0.0  0.0 3.4 5.1 3.7 5.2  8.9 1.5 1.7 0.8 2.5 3.4 18.5 .506 .507  .000 .671 .534 .506   F    SR
55        Phil Henderson  18.5 37 1989-90           Duke 37 37 31.5 6.8 14.4 4.6  9.2 2.1  5.2 2.8         3.3  3.8 2.3 1.5 0.1 2.6 2.2 18.5 .473 .506  .414 .836 .580 .547   G    SR
56         Jerrod Mustaf  18.5 33 1989-90       Maryland 33 33 31.8 7.2 13.5 6.8 12.9 0.3  0.6 3.8 5.0 2.3 5.4  7.7 1.8 0.5 0.7 2.7 2.0 18.5 .529 .531  .500 .774 .581 .540   F    SO
57           Dion Glover  18.4 33 1997-98   Georgia Tech 33 33 35.2 6.7 15.2 5.4 10.2 1.4  5.0 3.6         5.6  5.0 2.6 2.1 0.2 3.6 2.0 18.4 .441 .525  .271 .640 .514 .486   G    FR
58           Sam Cassell  18.4 31 1991-92  Florida State 31 31 33.7 6.6 14.6 4.8  9.4 1.9  5.3 3.2         4.6  4.5 3.8 1.8 0.3 3.0 3.5 18.4 .454 .510  .354 .704 .547 .518   G    JR
59           Travis Best  18.3 29 1993-94   Georgia Tech 29 29 37.5 6.2 13.4 4.5  8.5 1.7  5.0 4.2         4.9  3.6 5.8 2.0 0.1 2.4 2.9 18.3 .462 .533  .340 .866 .581 .524   G    JR
60          Doug Edwards  18.3 31 1992-93  Florida State 31 31 35.0 7.2 13.7 7.0 12.9 0.2  0.8 3.7         5.1  9.4 2.9 1.4 1.4 2.7 3.3 18.3 .528 .546  .240 .722 .569 .535   F    SR
61           Sam Cassell  18.3 35 1992-93  Florida State 35 35 37.1 6.7 13.3 5.3  9.6 1.4  3.7 3.5         4.6  4.3 4.9 2.8 0.3 2.8 3.1 18.3 .502 .549  .382 .759 .590 .556   G    SR
62         James Collins  18.3 27 1995-96  Florida State 27 27 35.8 6.4 15.3 3.8  7.9 2.6  7.4 3.0         4.4  4.5 3.2 2.3 0.3 2.5 2.8 18.3 .417 .484  .347 .675 .527 .501   G    JR
63         Carlos Boozer  18.2 35 2001-02           Duke 35 35 28.4 6.6  9.9 6.6  9.9 0.0  0.0 5.1 6.7 3.4 5.3  8.7 1.1 0.9 0.6 1.9 3.1 18.2 .665 .667  .000 .754 .696 .665   C    JR
64            Juan Dixon  18.2 36 2000-01       Maryland 36 36 30.5 6.4 13.3 4.7  9.1 1.7  4.2 3.6 4.1 1.3 3.0  4.3 2.6 2.6 0.2 2.4 2.1 18.2 .483 .517  .411 .865 .594 .548   G    JR
65          Julius Hodge  18.2 31 2003-04       NC State 31 29 34.9 6.1 12.0 5.3  9.7 0.8  2.3 5.1 6.2 1.8 4.6  6.4 3.6 1.4 0.8 3.1 2.6 18.2 .507 .542  .361 .828 .606 .542   G    JR
66        Curtis Staples  18.1 30 1997-98       Virginia 30 30 39.1 5.6 13.8 1.3  2.7 4.3 11.1 2.5         3.3  4.4 1.8 0.7 0.1 2.3 2.4 18.1 .407 .476  .390 .765 .588 .564   G    SR
67       Junior Burrough  18.1 34 1994-95       Virginia 34 33 31.7 6.9 13.9 6.9 13.7 0.0  0.1 4.2         5.9  8.7 1.6 0.9 0.8 2.2 2.4 18.1 .501 .503  .250 .710 .543 .502   F    SR
68         James Collins  18.0 27 1994-95  Florida State 27 27 33.4 6.7 13.1 4.0  7.0 2.7  6.1 2.0         2.8  4.3 1.8 1.4 0.3 2.7 2.7 18.0 .511 .574  .439 .697 .624 .613   G    SO
69            Grant Hill  18.0 26 1992-93           Duke 26 26 31.6 7.1 12.3 7.0 11.8 0.2  0.5 3.6         4.8  6.4 2.8 2.5 1.4 2.4 2.3 18.0 .578 .592  .286 .746 .616 .584   F    JR
70            Juan Dixon  18.0 35 1999-00       Maryland 35 35 34.0 6.7 14.5 5.3 10.6 1.4  3.9 3.2 4.1 2.2 3.3  5.5 3.6 2.7 0.3 3.7 2.2 18.0 .462 .499  .363 .790 .549 .511   G    SO
71       Tony Massenburg  18.0 31 1989-90       Maryland 31 30 31.4 6.6 13.2 6.6 13.1 0.0  0.1 4.7 6.5 3.9 6.3 10.1 0.6 0.9 1.2 2.1 3.0 18.0 .505 .507  .000 .721 .553 .505   F    SR
72      Terrell McIntyre  17.9 35 1998-99        Clemson 35 35 35.7 5.7 13.0 2.9  6.0 2.8  7.0 3.7         4.7  2.3 5.4 1.6 0.0 3.2 1.9 17.9 .436 .476  .402 .793 .587 .545   G    SR
73            Dale Davis  17.9 28 1990-91        Clemson 28 28 34.7 6.8 12.8 6.8 12.8 0.0  0.1 4.3         7.3 12.1 1.3 1.3 2.6 2.4 3.4 17.9 .532 .535  .000 .580 .549 .532   F    SR
74       Darius Songaila  17.9 34 2001-02    Wake Forest 34 34 30.5 6.0 11.5 5.8 11.0 0.2  0.5 5.7 6.6 2.2 5.9  8.1 2.6 1.3 0.8 3.5 3.1 17.9 .523 .529  .375 .854 .610 .531   F    SR
75        Anthony Grundy  17.8 34 2001-02       NC State 34 33 32.4 6.4 13.3 5.1  9.3 1.4  4.0 3.6 4.6 1.6 3.9  5.5 3.5 2.1 0.1 2.2 2.1 17.8 .486 .546  .346 .766 .576 .538   G    SR
76         Drew Nicholas  17.8 31 2002-03       Maryland 31 31 31.7 5.9 13.4 3.5  7.6 2.4  5.7 3.7 4.4 0.9 3.0  3.8 2.7 1.2 0.4 2.1 1.7 17.8 .440 .462  .410 .852 .577 .528   G    SR
77              Matt Roe  17.8 28 1990-91       Maryland 28 28 34.8 6.1 14.8 4.4  9.2 1.7  5.6 3.9 4.9 2.1 3.4  5.5 2.6 0.6 0.0 2.1 1.9 17.8 .411 .473  .308 .801 .519 .469   G    SR
78           Elton Brand  17.7 39 1998-99           Duke 39 37 29.3 6.5 10.5 6.5 10.5 0.0  0.0 4.6         6.6  9.8 1.1 1.3 2.2 1.7 2.5 17.7 .620       .620 .707 .649 .620   C    SO
79          Edward Scott  17.7 28 2002-03        Clemson 28 28 38.5 5.9 15.3 4.3 11.0 1.6  4.3 4.4 5.9 0.8 2.9  3.7 5.8 1.4 0.1 2.8 1.6 17.7 .386 .393  .367 .739 .490 .437   G    SR
80          Julius Hodge  17.7 31 2002-03       NC State 31 31 35.3 5.3 12.1 4.0  8.0 1.3  4.0 5.8 7.1 1.7 4.5  6.1 3.5 1.3 0.7 2.8 2.6 17.7 .439 .494  .328 .817 .573 .493   G    SO
81         Dahntay Jones  17.7 33 2002-03           Duke 33 30 30.7 6.0 12.8 4.6  9.2 1.4  3.6 4.2 5.7 1.4 4.1  5.5 0.9 1.2 0.5 1.9 3.1 17.7 .470 .498  .398 .749 .572 .526   F    SR
82        Robert OKelley  17.5 31 1998-99    Wake Forest 31 31 35.0 5.5 13.8 2.8  6.5 2.7  7.3 3.7         5.2  2.3 2.0 0.7 0.1 2.5 2.1 17.5 .403 .433  .376 .710 .540 .502   G    SO
83         Shane Battier  17.4 34 1999-00           Duke 34 34 35.5 5.6 11.3 3.3  6.0 2.3  5.2 3.9         4.8  5.6 2.1 2.0 2.1 1.3 2.1 17.4 .496 .541  .444 .817 .643 .599   F    JR
84            Grant Hill  17.4 34 1993-94           Duke 34 34 35.7 6.4 13.9 5.3 10.9 1.1  2.9 3.4         4.9  6.9 5.2 1.9 1.2 3.0 2.5 17.4 .462 .481  .390 .703 .537 .503   F    SR
85      Mike Dunleavy Jr  17.3 35 2001-02           Duke 35 35 32.4 6.2 12.9 3.7  6.2 2.5  6.7 2.3 3.4 1.3 5.9  7.2 2.1 2.3 0.7 1.7 2.3 17.3 .483 .596  .378 .681 .596 .581   F    JR
86        Trajan Langdon  17.3 36 1998-99           Duke 36 36 31.0 5.3 11.5 2.2  4.4 3.1  7.1 3.6         4.2  3.4 1.9 1.4 0.1 1.8 2.3 17.3 .462 .497  .441 .842 .641 .598   G    SR
87         Jason Collier  17.2 25 1998-99   Georgia Tech 25 25 34.0 6.1 13.9 4.8 10.3 1.3  3.6 3.7         5.1  7.3 1.4 0.6 1.4 3.5 3.5 17.2 .441 .471  .356 .719 .527 .487   C    JR
88             Jon Barry  17.2 35 1991-92   Georgia Tech 35 35 35.2 5.7 13.4 2.9  5.8 2.8  7.6 2.9         4.1  4.3 5.9 2.0 0.2 3.4 2.3 17.2 .429 .502  .374 .697 .561 .535   G    SR
89           Donald Hand  17.1 30 1998-99       Virginia 30 30 34.9 5.0 13.4 3.4  8.1 1.7  5.3 5.4         6.3  4.8 4.1 1.9 0.1 3.7 3.2 17.1 .375 .414  .314 .862 .522 .437   G    SO
90           Tim Pickett  17.1 29 2002-03  Florida State 29 29 33.1 5.8 15.1 2.9  6.1 2.9  8.9 2.7 3.1 1.1 4.6  5.7 2.1 2.8 0.3 2.1 3.0 17.1 .382 .466  .324 .865 .516 .478   G    JR
91          Doug Edwards  17.1 30 1991-92  Florida State 30 30 35.9 6.6 12.8 6.2 11.1 0.4  1.8 3.5         4.7  9.0 2.7 1.6 1.4 3.0 3.2 17.1 .512 .557  .226 .746 .566 .527   F    JR
92            Tony Akins  17.0 31 2001-02   Georgia Tech 31 31 34.3 5.5 13.1 2.3  5.3 3.2  7.8 2.9 3.5 0.7 3.1  3.8 5.7 1.9 0.0 3.3 2.5 17.0 .419 .442  .403 .833 .577 .539   G    SR
93          Bobby Hurley  17.0 32 1992-93           Duke 32 32 35.6 4.9 11.7 2.2  5.1 2.8  6.5 4.5         5.6  2.6 8.2 1.5 0.0 3.4 1.9 17.0 .421 .421  .421 .803 .596 .539   G    SR
94         Steve Francis  17.0 34 1998-99       Maryland 34 33 30.7 6.0 11.5 4.7  8.1 1.3  3.4 3.6 4.6 1.7 2.9  4.5 4.5 2.8 0.2 3.0 2.8 17.0 .523 .580  .388 .790 .620 .580   G    JR
95        Rashad McCants  17.0 35 2002-03 North Carolina 35 31 29.9 6.1 12.5 4.1  7.5 2.1  5.0 2.6 3.8 1.7 3.0  4.6 1.5 1.4 0.5 2.3 2.7 17.0 .491 .542  .414 .697 .593 .573   G    FR
96           Justin Gray  17.0 31 2003-04    Wake Forest 31 30 30.2 5.4 13.2 2.3  5.0 3.1  8.3 3.0 3.8 0.7 2.5  3.2 2.8 1.1 0.1 2.5 3.1 17.0 .410 .461  .379 .795 .565 .528   G    SO
97         Jason Collier  17.0 30 1999-00   Georgia Tech 30 30 32.5 5.9 12.5 4.9  9.7 1.0  2.8 4.1 5.5 2.7 6.5  9.2 1.6 0.8 1.1 3.2 2.7 17.0 .473 .503  .369 .735 .560 .515   C    SR
98       Chris Carrawell  16.9 34 1999-00           Duke 34 34 35.6 6.0 12.4 5.2 10.1 0.9  2.3 4.0         5.2  6.1 3.2 1.0 1.1 2.0 1.7 16.9 .486 .510  .377 .778 .570 .520   F    SR
99              Rick Fox  16.9 35 1990-91 North Carolina 35 32 28.5 5.9 13.0 4.0  7.4 1.9  5.6 3.2         3.9  6.6 3.7 2.0 0.5 2.9 2.9 16.9 .453 .537  .342 .804 .567 .526   F    SR
100       Chris Williams  16.8 30 1998-99       Virginia 30 28 33.5 6.3 12.2 5.1  8.2 1.2  4.0 3.1         4.2  7.5 1.8 1.5 1.4 2.8 3.5 16.8 .512 .615  .300 .732 .591 .561   F    FR
101           Tim Duncan  16.8 32 1994-95    Wake Forest 32 32 36.5 6.5 11.0 6.4 10.8 0.1  0.2 3.7         5.0 12.5 2.1 0.4 4.2 2.8 2.4 16.8 .591 .594  .429 .742 .628 .595   C    SO
102    Shammond Williams  16.8 38 1997-98 North Carolina 38 32 32.9 5.5 11.3 3.2  5.6 2.3  5.7 3.5         3.8  3.2 4.2 1.0 0.1 2.6 1.2 16.8 .488 .577  .400 .911 .640 .589   G    SR
103        Johnny Rhodes  16.7 30 1995-96       Maryland 30 30 33.3 6.6 13.7 5.2  9.2 1.4  4.5 2.2 3.9 2.7 3.2  5.9 3.3 3.7 0.4 2.3 2.6 16.7 .478 .560  .311 .569 .537 .529   G    SR
104         Harold Deane  16.7 27 1995-96       Virginia 27 25 35.6 4.5 13.1 2.1  6.3 2.4  6.9 5.3         6.6  4.4 3.7 1.6 0.8 3.9 3.0 16.7 .344 .343  .344 .808 .514 .434   G    JR
105           Devin Gray  16.7 30 1992-93        Clemson 30 25 31.7 6.6 12.4 6.1 11.2 0.4  1.2 3.1         4.8  5.5 1.7 2.0 0.7 2.2 2.9 16.7 .530 .548  .361 .641 .567 .547   F    SO
106         Joseph Forte  16.7 36 1999-00 North Carolina 36 34 33.2 6.3 13.8 4.8  9.5 1.6  4.3 2.4 3.3 1.6 3.9  5.5 2.6 1.5 0.4 2.4 2.2 16.7 .459 .504  .359 .752 .543 .515   G    FR
107       Cory Alexander  16.7 20 1994-95       Virginia 20 20 34.6 6.0 13.2 4.3  8.3 1.7  4.9 3.1         4.4  4.2 5.5 1.6 0.2 3.9 2.0 16.7 .452 .512  .351 .701 .547 .517   G    JR
108      Rasheed Wallace  16.6 34 1994-95 North Carolina 34 34 30.3 7.0 10.7 7.0 10.6 0.0  0.1 2.6         4.1  8.2 1.0 0.5 2.7 1.5 2.8 16.6 .654 .657  .333 .631 .657 .655   F    SO
109       Clint Harrison  16.6 32 1997-98       NC State 32 32 36.4 5.8 13.2 3.3  7.4 2.5  5.7 2.6         3.5  4.0 2.4 1.2 0.0 1.8 2.5 16.6 .437 .437  .437 .735 .559 .532   G    SR
110        James Collins  16.6 31 1996-97  Florida State 31 31 34.9 5.9 12.8 3.5  6.3 2.4  6.5 2.4         3.6  5.1 2.8 1.8 0.5 2.1 2.7 16.6 .458 .552  .369 .670 .571 .553   G    SR
111       Jeff Capel III  16.6 31 1995-96           Duke 31 31 35.0 6.0 15.9 3.6  8.7 2.4  7.1 2.3         3.0  3.9 3.7 0.8 0.2 2.4 2.3 16.6 .376 .413  .330 .763 .479 .450   G    JR
112       Robert OKelley  16.6 30 1997-98    Wake Forest 30 19 29.6 5.1 12.3 2.6  6.2 2.6  6.1 3.7         4.6  2.1 1.8 0.6 0.1 2.4 1.6 16.6 .417 .414  .421 .806 .571 .522   G    FR
113         Jeff McInnis  16.5 31 1995-96 North Carolina 31 29 34.4 5.7 13.2 3.6  7.7 2.2  5.5 2.8         3.5  2.6 5.5 1.2 0.0 2.5 2.3 16.5 .435 .466  .392 .800 .554 .517   G    JR
114          Tim Pickett  16.5 33 2003-04  Florida State 33 33 29.8 5.6 12.9 2.3  4.7 3.3  8.2 1.9 2.5 1.0 3.5  4.5 2.1 2.5 0.4 2.4 2.5 16.5 .434 .481  .407 .759 .583 .563   G    SR
115          Todd Fuller  16.4 27 1994-95       NC State 27 27 30.2 6.1 11.7 6.1 11.5 0.0  0.2 4.3         5.1  8.5 1.3 0.3 1.7 1.5 2.0 16.4 .519 .529  .000 .841 .582 .519   C    JR
116       Elden Campbell  16.4 35 1989-90        Clemson 35 30 29.7 6.4 12.3 6.4 12.3 0.0  0.0 3.5         5.9  8.0 1.3 1.5 2.8 2.7 2.8 16.4 .522 .521 1.000 .599 .543 .523   F    SR
117     Rodney Rogers Jr  16.3 30 1990-91    Wake Forest 30 29 29.8 6.6 11.6 6.3 10.5 0.3  1.2 2.7         4.0  7.9 1.5 1.8 0.6 2.7 2.8 16.3 .570 .602  .286 .669 .602 .585   F    FR
118      Chris Corchiani  16.3 31 1990-91       NC State 31 31 37.7 5.2 11.1 3.5  6.7 1.6  4.4 4.3         5.3  2.5 9.6 2.9 0.1 3.8 2.9 16.3 .466 .524  .378 .822 .601 .541   G    SR
119   Christian Laettner  16.3 38 1989-90           Duke 38 38 29.9 5.1 10.0 4.9  9.7 0.2  0.3 5.9         7.1  9.6 2.2 1.6 1.1 2.7 3.2 16.3 .511 .511  .500 .836 .610 .518   C    SO
120         Greg Buckner  16.3 32 1997-98        Clemson 32 32 31.9 6.4 11.9 5.8 10.1 0.6  1.8 2.9         4.2  4.1 2.6 1.6 0.3 1.5 2.9 16.3 .537 .575  .328 .696 .587 .562   F    SR
121        Chris Collins  16.3 29 1995-96           Duke 29 29 34.6 5.3 11.4 2.6  5.3 2.7  6.2 2.9         4.0  3.8 4.6 1.3 0.1 2.5 2.0 16.3 .467 .497  .441 .722 .610 .586   G    SR
122          Travis Best  16.3 30 1992-93   Georgia Tech 30 30 35.8 5.4 11.5 2.8  5.7 2.7  5.8 2.7         3.6  3.1 5.9 1.7 0.2 2.8 2.4 16.3 .472 .488  .457 .752 .615 .588   G    SO
123             Rick Fox  16.2 34 1989-90 North Carolina 34 30 28.9 6.0 11.4 3.9  6.7 2.1  4.7 2.2         3.0  4.6 2.5 1.6 0.2 3.2 3.3 16.2 .522 .581  .438 .735 .630 .612   F    JR
124           Chris King  16.1 28 1989-90    Wake Forest 28 26 33.5 6.8 12.4 6.7 12.3 0.0  0.1 2.6         4.4  7.4 1.0 0.8 1.1 2.1 2.4 16.1 .546 .547  .500 .589 .558 .548   F    SO
125             Ron Hale  16.0 30 1998-99  Florida State 30 30 30.5 5.6 11.7 4.3  7.7 1.3  4.0 3.6 4.5 2.0 3.6  5.6 1.4 1.1 0.9 1.9 3.1 16.0 .476 .552  .328 .800 .579 .531   F    JR
126          John Crotty  16.0 32 1989-90       Virginia 32 32 36.8 4.9 12.5 2.8  6.5 2.1  6.1 4.2         6.0  2.9 6.7 1.1 0.1 3.6 2.0 16.0 .389 .435  .340 .702 .521 .471   G    JR
127         Harold Deane  16.0 34 1994-95       Virginia 34 34 34.4 4.4 11.1 2.3  5.4 2.0  5.8 5.2         6.6  3.0 4.3 1.4 0.2 2.6 2.4 16.0 .392 .434  .352 .795 .560 .483   G    SO
128            Jon Barry  15.9 30 1990-91   Georgia Tech 30 30 36.3 6.0 13.5 3.4  6.5 2.6  7.0 1.4         1.9  3.7 3.7 1.8 0.5 2.3 2.2 15.9 .444 .526  .368 .732 .554 .540   G    JR
129          J.J. Redick  15.9 37 2003-04           Duke 37 35 31.1 4.6 11.0 1.9  4.0 2.8  7.0 3.9 4.1 0.7 2.4  3.1 1.6 0.7 0.1 1.9 2.1 15.9 .423 .470  .395 .953 .616 .548   G    SO
130          Evers Burns  15.9 29 1991-92       Maryland 29 29 31.2 6.6 12.7 6.6 12.7 0.0  0.0 2.8 4.3 2.8 4.3  7.1 1.2 1.2 0.8 1.8 3.4 15.9 .516       .516 .643 .539 .516   F    JR
131         Laron Profit  15.8 32 1997-98       Maryland 32 32 31.5 5.8 12.9 4.7  9.2 1.1  3.7 3.3 4.6 2.1 3.1  5.2 3.3 2.7 1.1 2.8 2.7 15.8 .447 .508  .291 .707 .525 .488   F    JR
132       Malcolm Mackey  15.8 35 1991-92   Georgia Tech 35 35 34.6 6.1 11.1 6.1 11.1 0.0  0.0 3.7         5.4  9.0 1.5 0.5 1.2 2.4 2.8 15.8 .546 .548  .000 .683 .579 .546   F    JR
133       Terence Morris  15.8 34 1999-00       Maryland 34 34 32.4 5.9 11.9 4.9  9.1 1.0  2.8 3.0 3.9 2.7 5.9  8.6 2.4 1.6 2.1 2.9 2.6 15.8 .493 .532  .365 .761 .572 .536   F    JR
134        Eric Montross  15.8 38 1992-93 North Carolina 38 36 28.3 5.8  9.5 5.8  9.5 0.0  0.0 4.1         6.0  7.6 0.7 0.6 1.2 1.8 3.0 15.8 .615       .615 .684 .639 .615   C    JR
135       Kevin McLinton  15.8 28 1992-93       Maryland 28 28 33.4 5.5 12.9 5.3 11.9 0.2  1.0 4.5 5.4 1.4 3.5  4.8 6.3 1.6 0.1 4.1 3.1 15.8 .431 .449  .214 .822 .510 .439   G    SR
136       Roger Mason Jr  15.7 29 2000-01       Virginia 29 28 32.0 5.0 10.6 3.6  7.3 1.4  3.3 4.2 4.8 0.9 2.8  3.7 2.5 1.1 0.5 2.3 2.6 15.7 .476 .491  .442 .884 .612 .544   G    SO
137          Thomas Hill  15.7 32 1992-93           Duke 32 32 31.9 5.8 12.0 4.7  9.0 1.1  3.0 3.1         4.6  4.7 1.5 1.6 0.4 1.9 2.3 15.7 .479 .521  .354 .680 .553 .523   G    SR
138        Chris Whitney  15.7 30 1992-93        Clemson 30 29 37.5 5.0 11.3 2.1  4.2 2.9  7.1 2.8         3.5  4.1 6.4 2.4 0.1 3.7 2.9 15.7 .441 .496  .408 .802 .605 .570   G    SR
139       Clint Harrison  15.7 29 1996-97       NC State 29 28 36.3 5.8 12.3 4.2  8.7 1.6  3.7 2.4         3.4  3.8 1.2 1.4 0.1 1.6 2.1 15.7 .472 .488  .434 .714 .561 .536   G    JR
140           Chris Bosh  15.6 31 2002-03   Georgia Tech 31 31 31.0 5.4  9.7 4.7  8.2 0.7  1.5 4.1 5.6 3.1 5.9  9.0 1.2 1.0 2.2 2.3 2.4 15.6 .560 .575  .478 .730 .634 .597   F    FR
141             Ron Hale  15.6 28 1999-00  Florida State 28 25 30.9 5.0 12.4 3.4  8.1 1.5  4.3 4.2 5.5 1.4 3.4  4.8 1.2 0.8 0.9 2.4 2.1 15.6 .399 .423  .355 .755 .519 .461   F    SR
142         Greg Buckner  15.6 33 1996-97        Clemson 33 33 32.5 5.8 11.9 5.2 10.3 0.5  1.6 3.6         5.1  4.5 1.9 1.1 0.3 1.9 2.6 15.6 .483 .510  .315 .708 .546 .505   F    JR
143       Malcolm Mackey  15.6 30 1992-93   Georgia Tech 30 29 34.9 6.4 12.1 6.4 12.1 0.0  0.0 2.8         4.3 10.2 1.4 0.5 2.0 2.7 3.1 15.6 .530 .532  .000 .638 .551 .530   F    SR
144         Lonny Baxter  15.6 35 1999-00       Maryland 35 35 27.7 6.2 11.7 6.2 11.7 0.0  0.0 3.2 5.3 3.6 5.2  8.8 0.9 1.0 2.3 1.8 3.4 15.6 .533       .533 .594 .549 .533   C    SO
145         Lonny Baxter  15.6 36 2000-01       Maryland 36 35 26.0 6.1 10.8 6.1 10.7 0.0  0.1 3.4 5.7 2.8 5.1  7.9 0.5 0.9 1.5 1.6 3.1 15.6 .566 .566  .500 .592 .579 .567   C    JR
146         Vince Carter  15.6 38 1997-98 North Carolina 38 32 31.2 5.9 10.0 4.7  7.2 1.2  2.8 2.6         3.9  5.1 1.9 1.2 0.9 1.1 1.6 15.6 .591 .662  .411 .680 .659 .649   F    JR
147       Kevin Thompson  15.6 30 1991-92       NC State 30 30 34.7 6.5 10.4 6.5 10.4 0.0  0.0 2.6         4.6  8.2 1.9 0.5 1.6 1.9 2.6 15.6 .624       .624 .572 .620 .624   C    JR
148          Jason Capel  15.6 25 2001-02 North Carolina 25 25 33.0 4.8 11.2 3.2  6.1 1.6  5.0 4.5 5.4 2.6 6.0  8.6 3.0 1.2 0.1 2.7 2.7 15.6 .427 .523  .310 .824 .566 .496   F    SR
149          John Crotty  15.5 33 1990-91       Virginia 33 33 34.5 5.3 12.0 3.9  7.9 1.4  4.1 3.5         4.5  2.4 5.1 1.1 0.2 2.5 2.1 15.5 .443 .498  .338 .777 .549 .501   G    SR
150       Kevin Thompson  15.5 27 1992-93       NC State 27 27 34.3 6.5 12.0 6.5 11.7 0.0  0.3 2.4         4.2  9.1 2.0 0.9 1.4 2.3 2.4 15.5 .543 .552  .143 .579 .554 .545   C    SR
151       Monte Cummings  15.5 28 2001-02  Florida State 28 28 29.7 5.7 10.8 5.2  9.5 0.5  1.3 3.7 4.8 1.6 2.1  3.8 1.7 1.0 0.2 1.8 2.3 15.5 .528 .551  .361 .763 .594 .550   G    SR
152      Donald Williams  15.5 34 1994-95 North Carolina 34 34 34.2 5.6 13.0 3.0  6.6 2.6  6.4 1.8         2.9  2.9 2.4 0.7 0.1 1.1 1.1 15.5 .428 .455  .399 .629 .539 .526   G    SR
153       Chris Williams  15.5 31 1999-00       Virginia 31 30 32.2 5.6 11.0 4.5  8.0 1.1  3.0 3.2 4.6 2.1 4.0  6.1 1.9 1.6 0.6 2.7 3.2 15.5 .507 .560  .366 .697 .586 .557   F    SO
154       John Gilchrist  15.4 32 2003-04       Maryland 32 30 34.0 5.7 11.9 4.3  8.4 1.3  3.5 2.7 3.9 1.7 2.8  4.5 5.0 1.8 0.3 3.1 2.1 15.4 .474 .511  .384 .702 .558 .530   G    SO
155       Sharone Wright  15.4 34 1993-94        Clemson 34 33 30.2 5.5 10.4 5.5 10.4 0.0  0.1 4.4         6.9 10.6 1.2 0.7 2.9 3.1 2.8 15.4 .525 .528  .000 .644 .562 .525   C    JR
156           Dale Davis  15.3 35 1989-90        Clemson 35 34 30.8 5.9  9.4 5.9  9.3 0.0  0.0 3.6         6.1 11.3 0.6 1.0 1.7 1.6 2.8 15.3 .625 .627  .000 .596 .626 .625   F    JR
157       Malcolm Mackey  15.3 30 1990-91   Georgia Tech 30 30 34.9 6.3 11.5 6.3 11.5 0.0  0.0 2.7         4.5 10.7 1.0 0.5 1.8 2.0 3.4 15.3 .551 .552  .000 .597 .563 .551   F    SO
158       Terence Morris  15.3 34 1998-99       Maryland 34 34 29.4 5.7 10.4 4.9  8.2 0.8  2.2 3.1 3.7 2.6 4.5  7.1 1.6 1.5 2.3 2.0 2.3 15.3 .551 .604  .355 .825 .629 .589   F    SO
159          Keith Booth  15.3 30 1995-96       Maryland 30 30 31.8 4.8 10.9 4.6  9.8 0.2  1.1 5.4 7.1 2.8 5.0  7.8 2.4 1.4 0.8 3.1 3.3 15.3 .442 .469  .206 .757 .534 .453   F    JR
160           Chris King  15.3 27 1991-92    Wake Forest 27 27 31.3 6.1 12.2 5.7 11.0 0.4  1.2 2.6         3.7  5.1 2.1 1.0 0.6 2.8 1.8 15.3 .505 .522  .344 .693 .548 .521   F    SR
161       Roshown McLeod  15.3 36 1997-98           Duke 36 27 23.7 5.4 11.0 4.2  8.1 1.2  3.0 3.1 4.4 1.8 3.8  5.6 1.4 1.2 0.7 1.9 2.8 15.3 .494 .524  .411 .706 .580 .549   F    SR
162         Lonny Baxter  15.2 35 2001-02       Maryland 35 35 28.7 5.5 10.1 5.5 10.1 0.0  0.0 4.2 6.7 2.3 5.9  8.2 0.8 0.9 2.0 2.2 2.9 15.2 .545 .547  .000 .623 .572 .545   C    SR
163             Sean May  15.2 29 2003-04 North Carolina 29 29 28.9 5.6 12.1 5.6 12.0 0.0  0.1 4.0 5.8 3.4 6.4  9.8 1.4 1.4 1.2 2.4 2.6 15.2 .463 .468  .000 .689 .511 .463   C    SO
164        Tom Gugliotta  15.2 31 1990-91       NC State 31 31 36.2 5.5 11.0 3.4  5.6 2.1  5.4 2.1         3.3  9.1 2.8 1.7 1.1 2.2 2.4 15.2 .500 .598  .398 .644 .607 .597   F    JR
165      Damous Anderson  15.2 27 1999-00  Florida State 27 21 30.4 5.6 11.1 3.7  6.6 1.9  4.5 2.0 3.0 2.1 2.3  4.4 1.3 1.1 0.6 1.6 1.7 15.2 .508 .562  .430 .667 .607 .595   F    SR
166       Antawn Jamison  15.1 32 1995-96 North Carolina 32 29 32.9 6.3 10.1 6.3 10.0 0.0  0.0 2.6         4.9  9.7 1.0 0.8 1.0 1.8 2.2 15.1 .624 .626  .000 .526 .611 .624   F    FR
167      Trelonnie Owens  15.1 33 1993-94    Wake Forest 33 33 34.5 6.0 12.5 5.9 12.1 0.1  0.4 3.1         4.2  6.8 1.3 0.6 0.3 1.8 2.4 15.1 .476 .485  .214 .727 .519 .479   F    SR
168            Luol Deng  15.1 37 2003-04           Duke 37 32 31.1 5.7 11.9 4.6  8.9 1.1  3.0 2.6 3.7 2.2 4.7  6.9 1.8 1.3 1.1 2.2 2.2 15.1 .476 .515  .360 .710 .551 .522   F    FR
169           Chris King  15.1 30 1990-91    Wake Forest 30 29 31.7 6.0 12.2 5.4 10.8 0.6  1.4 2.6         4.0  5.7 2.1 1.1 1.0 2.3 2.1 15.1 .489 .498  .415 .636 .534 .512   F    JR
170       Alaa Abdelnaby  15.1 38 1989-90           Duke 38 37 24.9 5.7  9.2 5.7  9.2 0.0  0.0 3.6         4.7  6.6 0.7 0.7 1.3 1.4 2.6 15.1 .620       .620 .775 .658 .620   F    SR
171          Donald Hand  15.0 31 1999-00       Virginia 31 30 30.7 4.5 11.9 2.8  6.6 1.6  5.2 4.4 5.9 0.6 2.0  2.6 4.3 1.2 0.0 3.2 3.4 15.0 .378 .427  .315 .749 .512 .447   G    JR
172       Rodney Elliott  15.0 32 1997-98       Maryland 32 32 28.9 5.4 11.2 4.6  8.9 0.9  2.3 3.3 4.8 2.1 5.3  7.4 1.6 0.9 0.6 2.1 3.3 15.0 .485 .512  .378 .686 .557 .524   F    SR
173           B.J. Elder  15.0 30 2002-03   Georgia Tech 30 28 29.5 5.7 12.4 3.7  7.2 2.0  5.1 1.6 2.3 1.3 1.4  2.6 2.4 1.1 0.1 2.0 2.2 15.0 .461 .507  .396 .691 .558 .543   G    SO
174          J.J. Redick  15.0 33 2002-03           Duke 33 30 30.7 4.5 10.9 1.6  3.7 2.9  7.2 3.1 3.4 0.6 1.9  2.5 2.0 1.2 0.1 1.6 1.7 15.0 .413 .439  .399 .919 .598 .544   G    FR
175      Junior Burrough  15.0 31 1993-94       Virginia 31 29 31.5 5.8 14.3 5.4 13.1 0.4  1.2 3.1         4.8  7.0 0.9 0.9 0.9 2.4 2.8 15.0 .405 .412  .324 .638 .453 .419   F    JR
176       Sharone Wright  15.0 30 1992-93        Clemson 30 29 30.4 5.9 10.5 5.9 10.4 0.0  0.1 3.1         4.6 10.5 0.9 0.7 4.1 2.5 2.6 15.0 .567 .571  .000 .669 .591 .567   C    SO
177           B.J. Elder  14.9 38 2003-04   Georgia Tech 38 36 26.5 5.1 12.3 3.1  6.9 2.0  5.4 2.7 3.5 1.0 1.8  2.8 1.4 0.7 0.1 1.9 2.0 14.9 .415 .447  .374 .780 .535 .497   G    JR
178       Jawad Williams  14.9 34 2002-03 North Carolina 34 33 33.4 5.4 11.9 4.0  7.9 1.3  4.0 2.9 3.8 1.6 4.0  5.6 2.0 1.0 1.1 1.8 2.1 14.9 .448 .507  .331 .752 .541 .504   F    SO
179        William Avery  14.9 39 1998-99           Duke 39 39 31.0 5.2 10.4 3.2  5.7 1.9  4.7 2.6         3.2  3.5 5.0 1.5 0.0 2.6 2.2 14.9 .495 .566  .411 .810 .623 .589   G    SO
180           Chris Paul  14.8 31 2003-04    Wake Forest 31 31 33.6 4.4  8.8 3.1  6.0 1.3  2.8 4.8 5.7 0.7 2.6  3.3 5.9 2.7 0.4 2.6 2.6 14.8 .496 .511  .465 .843 .645 .570   G    FR
181          Elton Brown  14.8 31 2003-04       Virginia 31 28 27.4 5.4 10.6 5.4 10.3 0.0  0.4 4.1 6.6 2.3 4.0  6.3 1.4 0.6 0.5 2.5 2.5 14.8 .503 .520  .000 .627 .539 .503   F    JR
182   Courtney Alexander  14.8 26 1996-97       Virginia 26 20 28.2 5.5 13.0 3.9  9.5 1.5  3.5 2.3         3.0  2.7 1.4 0.8 0.0 1.2 1.9 14.8 .420 .411  .444 .759 .511 .479   G    SO
183     George Lynch III  14.7 38 1992-93 North Carolina 38 37 30.2 6.2 12.3 6.1 12.1 0.1  0.3 2.3         3.5  9.6 1.9 2.3 0.6 2.3 2.2 14.7 .501 .509  .182 .667 .527 .503   F    SR
184         Kenny Turner  14.7 33 1990-91       Virginia 33 33 32.6 5.4 11.9 4.4  8.2 1.0  3.8 2.8         3.8  7.4 1.5 1.4 0.7 1.7 1.8 14.7 .454 .541  .266 .750 .534 .496   F    SR
185       Trajan Langdon  14.7 36 1997-98           Duke 36 36 28.8 4.8 10.7 2.4  4.7 2.4  6.0 2.8 3.2 0.8 2.1  2.9 1.9 0.6 0.2 1.6 2.1 14.7 .444 .506  .395 .886 .601 .555   G    JR
186      Junior Burrough  14.6 31 1992-93       Virginia 31 31 28.6 5.7 13.1 5.7 13.0 0.0  0.1 3.1         4.9  7.2 0.6 1.1 0.9 2.3 2.8 14.6 .438 .443  .000 .638 .474 .438   F    SO
187       Anthony Grundy  14.6 29 2000-01       NC State 29 25 31.3 5.0 12.1 3.4  7.4 1.6  4.7 3.0 4.0 0.8 3.5  4.3 3.3 2.2 0.2 2.3 2.6 14.6 .413 .463  .333 .765 .521 .477   G    JR
188          Thomas Hill  14.6 36 1991-92           Duke 36 34 30.6 5.4 10.2 4.4  7.7 1.0  2.5 2.7         3.5  3.4 1.5 1.7 0.4 1.4 2.1 14.6 .534 .576  .407 .768 .616 .584   G    JR
189           Tony Akins  14.5 30 2000-01   Georgia Tech 30 29 29.2 4.7 10.6 2.1  4.4 2.6  6.2 2.6 3.4 0.5 3.0  3.5 4.3 1.2 0.0 2.6 2.5 14.5 .440 .470  .419 .757 .594 .563   G    JR
190         Laron Profit  14.5 34 1998-99       Maryland 34 34 28.9 5.4 10.8 4.7  8.6 0.7  2.3 2.9 4.4 1.2 3.5  4.8 2.1 2.0 0.4 2.5 2.3 14.5 .503 .553  .312 .676 .564 .535   F    SR
191       Chris Williams  14.5 29 2000-01       Virginia 29 25 29.1 5.1 10.1 4.0  7.3 1.1  2.8 3.3 4.3 2.2 4.4  6.7 2.0 1.5 0.7 2.2 2.7 14.5 .503 .545  .395 .760 .599 .558   F    JR
192        Terrell Baker  14.5 30 1998-99  Florida State 30 27 31.8 5.0 11.5 3.6  6.9 1.4  4.6 3.0 4.1 1.5 2.9  4.4 2.8 2.7 0.2 2.7 3.2 14.5 .438 .524  .309 .738 .540 .500   G    SR
193         Jay Williams  14.5 34 1999-00           Duke 34 34 34.0 5.3 12.6 3.1  6.5 2.1  6.1 1.8         2.6  4.2 6.5 2.4 0.2 4.1 2.5 14.5 .419 .480  .354 .685 .524 .505   G    FR
194       Scott Williams  14.5 33 1989-90 North Carolina 33 30 24.6 5.8 10.4 5.7 10.2 0.0  0.2 2.9         4.7  7.3 0.8 1.1 1.2 2.2 3.5 14.5 .554 .563  .143 .615 .572 .555   F    SR
195       Cherokee Parks  14.4 34 1993-94           Duke 34 34 30.5 5.5 10.2 5.4  9.7 0.1  0.5 3.4         4.4  8.4 0.9 1.1 2.2 1.7 2.3 14.4 .536 .555  .176 .772 .586 .540   F    JR
196           Devin Gray  14.4 30 1993-94        Clemson 30 14 26.7 5.9 10.4 5.9 10.0 0.0  0.3 2.5         4.5  6.0 1.0 1.2 0.5 1.7 2.8 14.4 .572 .588  .100 .544 .574 .574   F    JR
197      Donald Williams  14.3 26 1993-94 North Carolina 26 21 27.5 4.9 11.6 3.3  6.8 1.6  4.8 3.0         3.8  2.4 2.2 1.0 0.1 1.4 1.1 14.3 .422 .480  .339 .770 .535 .492   G    JR
198       Trajan Langdon  14.3 33 1996-97           Duke 33 33 29.5 4.2  9.3 1.5  3.4 2.6  5.9 3.4         3.8  2.9 2.1 1.0 0.3 1.5 1.7 14.3 .445 .451  .441 .897 .643 .584   G    SO
199        Travis Watson  14.3 31 2002-03       Virginia 31 27 30.7 5.4 10.4 5.2  9.4 0.2  0.9 3.3 4.8 3.1 7.3 10.4 2.2 1.5 1.3 3.0 3.3 14.3 .520 .548  .241 .687 .566 .531   F    SR
200      Donald Williams  14.3 37 1992-93 North Carolina 37 14 24.3 4.7 10.3 2.5  4.9 2.2  5.4 2.6         3.2  1.9 1.2 1.0 0.1 1.1 1.4 14.3 .458 .503  .417 .829 .606 .567   G    SO
[/code]

Provided by [url=https://www.sports-reference.com/sharing.html?utm_source=direct&utm_medium=Share&utm_campaign=ShareTool]Stathead[/url]: [url=https://www.sports-reference.com/stathead/basketball/cbb/player-season-finder.cgi?utm_source=direct&utm_medium=Share&utm_campaign=ShareTool]Found with Stathead. See Full Results.[/url]
Generated 6/11/2026.