[code]                                                                                                                                                                                              
                                                                                                                                                                                          Per 
Rk                  Player PTS/G  G  Season                   Team  G GS   MP  FG  FGA  2P  2PA  3P  3PA  FT FTA ORB DRB  TRB AST STL BLK TOV  PF  PTS  FG%  2P%  3P%  FT%  TS% eFG% Pos Class
1           Larry Robinson  23.0 30 1989-90         Centenary (LA)    30 34.7 9.3 17.4 8.9 16.0 0.4  1.3 3.9         5.6  7.1 3.0 3.5 0.3 2.3 2.7 23.0 .537 .557 .300 .696 .573 .549   G    SR
2           Reggie Elliott  22.6 29 1995-96                 Mercer    29 35.3 7.8 19.1 5.9 12.6 1.9  6.6 5.2         6.5  6.4 4.3 2.0 0.4     4.7 22.6 .407 .471 .284 .798 .509 .456   G    SR
3             Mark Brisker  22.6 28 1991-92                Stetson    28 36.9 7.8 17.9 5.4 10.9 2.4  6.9 4.8         6.1  6.2 1.6 1.1 0.1     2.5 22.6 .434 .493 .340 .773 .544 .500   G    SR
4              Kenny Brown  22.1 26 1992-93                 Mercer 26 26 32.9 7.4 16.5 4.8 10.6 2.6  5.9 4.8         6.2  5.8 2.8 2.2 0.6 4.0 3.2 22.1 .449 .455 .438 .770 .570 .527   G    SR
5            Damon Arnette  21.9 24 1998-99       Florida Atlantic    24 37.3 7.3 15.5 5.4 10.7 1.9  4.8 5.3 7.6 3.0 5.3  8.2 1.8 3.2 0.3 3.4 3.6 21.9 .472 .506 .397 .698 .571 .534   G    SR
6                Sam Bowie  21.9 27 1995-96 Southeastern Louisiana    27 33.8 7.7 17.0 5.5 10.2 2.2  6.8 4.3         6.1  5.3 1.7 1.4 1.5     2.4 21.9 .454 .542 .322 .697 .550 .519   F    SR
7         Henry Washington  21.5 27 1992-93 Southeastern Louisiana 27 27 35.3 7.5 14.4 5.7 10.1 1.8  4.3 4.7         5.7  3.1 4.2 2.9 0.5 3.7 2.5 21.5 .522 .566 .417 .818 .628 .584   G    SR
8             Tommy French  21.4 28 1989-90         Hardin-Simmons 28 26 35.1 7.6 12.1 7.2 11.4 0.4  0.6 5.9         8.0  4.9 1.3 0.4 0.3     3.7 21.4 .627 .631 .556 .732 .673 .642   F    JR
9          Phillip Luckydo  21.0 30 1991-92          Georgia State 30 30 31.1 6.8 14.9 4.8  9.2 2.0  5.6 5.3         7.0  4.0 1.1 1.7 0.2 2.9 2.9 21.0 .460 .520 .361 .752 .576 .528   G    SR
10        Terrence Brandon  20.8 24 1995-96          Georgia State 24 22 34.8 8.1 17.5 7.9 16.4 0.2  1.1 4.3         6.4 10.4 2.1 1.0 0.6 3.0 2.5 20.8 .464 .483 .185 .675 .506 .470   F    SR
11              Mark Jones  20.8 28 1997-98        Central Florida    28 32.6 7.9 15.9 6.8 12.9 1.1  3.0 4.0         5.9  7.2 2.2 1.8 0.6     2.4 20.8 .493 .526 .353 .673 .554 .527   G    SR
12          Ronnie Ellison  20.6 29 1990-91                   UTSA 29 28 29.3 6.8 14.5 4.7  8.7 2.1  5.9 5.0         6.4  4.4 4.1 3.3 0.2 3.0 2.8 20.6 .466 .542 .353 .775 .585 .537   G    JR
13           Patrick Greer  20.6 29 1990-91         Centenary (LA)         29 7.1 17.6 3.9  7.5 3.2 10.1 3.0         3.6  2.4 4.9 1.9         0.1 20.6 .406 .521 .321 .854 .533 .498   G    SR
14          Thomas Terrell  20.5 31 2001-02          Georgia State 31 31 38.2 6.9 15.3 3.9  7.5 3.0  7.8 3.6 4.6 2.3 5.1  7.3 2.1 0.9 0.9 2.2 2.1 20.5 .451 .513 .390 .790 .585 .549   F    SR
15        Kerry Blackshear  20.4 27 1994-95                Stetson 27 27 34.3 7.6 15.1 5.9 10.3 1.7  4.8 3.6         5.1  6.8 1.7 1.4 0.3 3.4 2.7 20.4 .501 .568 .357 .715 .585 .558   G    JR
16         Phillip Luckydo  20.2 31 1990-91          Georgia State 31 31 33.5 6.1 13.4 4.6  8.9 1.5  4.5 6.5         9.5  4.4 1.2 0.9 0.2 3.6 2.6 20.2 .452 .516 .326 .688 .562 .507   G    JR
17           Lamayn Wilson  20.1 28 2001-02             Troy State 28 28 33.2 7.7 15.3 5.6 10.3 2.1  5.0 2.7 3.8 2.1 5.1  7.2 1.2 1.5 1.1 1.3 2.5 20.1 .501 .540 .421 .708 .588 .570   F    SR
18             Keith Horne  20.0 27 1990-91                   UTSA 27 25 29.6 7.1 15.1 4.1  7.6 3.0  7.4 2.9         3.7  4.0 2.1 2.1 0.3 2.6 2.4 20.0 .472 .544 .398 .770 .595 .570   F    JR
19         Jonathan Pixley  20.0 27 1995-96                Samford    27 36.5 5.9 13.5 2.9  6.2 3.0  7.3 5.1         5.9  4.0 2.6 0.5 0.1     2.2 20.0 .438 .473 .409 .868 .612 .549   F    JR
20            Scott Bailey  20.0 27 1989-90                 Mercer         27 6.9 12.9 6.7 12.4 0.2  0.4 6.0         7.9  9.6 1.4 1.1         0.1 20.0 .534 .536 .500 .756 .600 .543   F    SR
21         Jason Alexander  19.9 27 1995-96                Stetson    27 36.5 6.5 15.6 4.1  9.5 2.4  6.1 4.6         5.2  5.0 4.4 2.1 0.0     3.9 19.9 .415 .434 .386 .879 .550 .491   G    SR
22               Sam Bowie  19.6 28 1994-95 Southeastern Louisiana 28 18 31.1 6.6 15.4 4.8  9.5 1.8  5.8 4.7         6.3  4.6 2.5 1.1 0.9 2.6 1.8 19.6 .428 .506 .301 .746 .534 .485   F    JR
23            Herbert Lang  19.6 27 1996-97         Centenary (LA)    27 31.3 7.5 16.9 6.2 12.2 1.3  4.6 3.3         6.0  7.5 2.2 2.7         0.3 19.6 .444 .506 .280 .559 .498 .482   G    JR
24            Mark Brisker  19.5 31 1990-91                Stetson         31 6.5 14.4 4.2  8.5 2.3  6.0 4.3         5.5  4.0 2.0 0.7         0.1 19.5 .447 .496 .378 .782 .571 .526   G    JR
25          Joey Davenport  19.4 23 1993-94                Samford 23 19 37.0 5.2 12.4 2.4  5.8 2.8  6.6 6.3         7.8  2.0 2.2 0.7 0.2 1.3 2.0 19.4 .418 .414 .421 .806 .603 .530   G    SO
26         Ronnie McCollum  19.4 28 1998-99         Centenary (LA)    28 34.7 6.3 15.0 3.9  8.0 2.4  7.1 4.5 5.1 0.4 3.5  3.9 1.0 0.6 0.1 1.7 2.0 19.4 .418 .489 .338 .874 .556 .498   G    SO
27          Chance Solomon  19.3 29 1994-95                 Mercer         29 6.3 15.9 4.2  9.3 2.2  6.6 4.4         5.5  2.6 1.9 0.9         0.3 19.3 .399 .446 .332 .806 .521 .467   G    JR
28          Shaun Thompson  19.2 29 1991-92                 Mercer 29 29 35.4 8.2 16.6 7.6 15.2 0.6  1.3 2.2         3.0  6.5 1.8 0.9 0.2 2.1 1.7 19.2 .496 .501 .436 .724 .533 .514   F    JR
29        Henry Washington  19.0 28 1991-92 Southeastern Louisiana 28 27 33.1 6.2 14.0 4.8  9.6 1.5  4.4 5.1         6.8  3.1 3.3 1.7 0.3 3.4 2.6 19.0 .444 .493 .336 .758 .553 .496   G    JR
30            Ochiel Swaby  19.0 22 1994-95        Central Florida 22 22 30.1 7.0 15.0 6.0 11.0 1.0  4.0 4.0         5.5  6.7 3.0 1.0 0.9 3.1 2.5 19.0 .467 .541 .261 .719 .539 .502   F    SR
31         Jason Alexander  18.9 25 1994-95                Stetson 25 25 36.2 6.2 13.6 4.5  9.1 1.7  4.6 4.8         5.7  3.9 5.6 1.8 0.2 3.2 2.7 18.9 .455 .493 .377 .845 .579 .518   G    JR
32               Adam Sonn  18.8 20 2001-02                Belmont 20 19 29.6 7.5 14.2 7.4 13.9 0.1  0.3 3.9 4.9 3.2 7.2 10.3 3.0 1.0 0.6 3.5 2.8 18.8 .527 .532 .200 .794 .571 .528   C    JR
33             Ledon Green  18.8 29 1995-96                 Mercer         29 7.0 15.9 5.7 11.1 1.3  4.8 3.6         5.2  5.2 2.1 1.3         0.8 18.8 .438 .511 .271 .687 .512 .479   F    SR
34            Donell Grier  18.7 27 1992-93                Stetson 27 27 35.0 6.6 12.7 6.6 12.6 0.0  0.1 5.6         7.9  6.4 0.6 0.9 0.9 2.2 3.1 18.7 .515 .521 .000 .708 .567 .515   F    SR
35        Terrence Brandon  18.7 26 1994-95          Georgia State 26 26 30.2 7.2 14.8 7.2 14.5 0.0  0.3 4.3         6.5  9.0 0.9 1.1 0.5 3.0 2.6 18.7 .484 .493 .000 .673 .523 .484   F    JR
36               Adam Mark  18.6 30 2003-04                Belmont 30 30 34.2 7.8 11.7 7.5 10.9 0.3  0.8 2.8 4.6 2.9 5.1  8.0 2.8 1.9 0.7 2.8 2.9 18.6 .662 .683 .375 .613 .670 .675   F    SR
37           Maurice Cowan  18.6 32 1989-90                Stetson         32 6.8 13.7 4.9  9.5 1.9  4.2 3.0         4.0  3.7 1.7 1.2         0.0 18.6 .501 .521 .455 .764 .599 .571   G    SR
38             Matt OBrien  18.4 28 1989-90          Georgia State         28 6.0 14.8 3.5  8.5 2.4  6.3 4.0         4.6  2.4 3.8 1.0         0.1 18.4 .404 .418 .386 .876 .543 .487   G    FR
39              Carl Brown  18.3 26 1989-90            Little Rock 26 23 32.2 5.7 12.6 3.1  6.6 2.5  6.0 4.5 5.5 0.4 2.3  2.7 4.2 1.2 0.1 2.5 2.2 18.3 .448 .471 .423 .818 .602 .549   G    SR
40          Lincoln Abrams  18.3 27 1995-96         Centenary (LA)         27 6.9 10.6 6.9 10.6 0.0  0.0 4.5         6.9  8.6 1.8 0.7         1.1 18.3 .654      .654 .651 .661 .654   C    SR
41          Dwight Stewart  18.3 28 1991-92  Florida International    28 33.4 6.4 10.8 6.3 10.5 0.1  0.2 5.5         7.1  6.4 3.1 1.3         1.0 18.3 .595 .600 .333 .769 .649 .598   F    JR
42            Dexter Lyons  18.3 31 2003-04        Central Florida 31 29 30.6 6.4 12.8 4.1  7.6 2.3  5.2 3.1 4.4 1.3 3.1  4.4 2.8 1.8 0.4 2.7 2.3 18.3 .501 .540 .444 .708 .614 .592   F    SR
43           Dedric Taylor  18.3 28 1996-97  Florida International         28 5.6 12.1 2.5  4.9 3.1  7.2 3.9         5.7  2.0 3.9 2.0         0.1 18.3 .464 .507 .436 .681 .617 .595   G    SR
44            Ochiel Swaby  18.3 28 1993-94        Central Florida 28 24 28.1 6.4 12.9 5.1  9.0 1.3  3.8 4.1         5.0  5.8 2.3 1.0 1.2 2.8 2.4 18.3 .500 .565 .346 .809 .598 .551   F    JR
45           Chris Collier  18.2 31 1990-91          Georgia State 31 31 34.6 6.8 12.8 6.8 12.8 0.0  0.1 4.7         7.3 10.6 1.2 1.8 1.3 2.6 3.2 18.2 .528 .530 .000 .642 .559 .528   F    SR
46            Darryl Davis  18.1 27 1992-93        Central Florida 27 27 35.9 6.6 13.3 4.9  9.8 1.7  3.6 3.3         4.4  5.3 3.4 1.0 0.3 3.3 2.4 18.1 .494 .504 .469 .739 .587 .557   G    SO
47           Shernard Long  18.0 33 2000-01          Georgia State 33 33 34.2 6.3 14.0 4.7  9.4 1.7  4.6 3.6 5.1 1.4 3.3  4.7 2.7 2.5 1.1 2.5 2.8 18.0 .453 .498 .362 .719 .549 .513   G    SR
48           Nate Williams  18.0 29 2002-03          Georgia State 29 28 36.6 6.8 13.1 6.8 12.9 0.0  0.1 4.4 5.9 1.9 4.6  6.6 2.0 1.2 1.4 2.8 2.3 18.0 .517 .523 .000 .750 .565 .517   F    JR
49               Mike Bell  18.0 27 2003-04       Florida Atlantic 27 27 36.4 7.1 15.5 5.5 10.3 1.6  5.2 2.0 3.8 3.3 6.4  9.7 1.3 1.1 2.1 2.7 1.6 18.0 .461 .536 .312 .539 .519 .513   F    JR
50         Rodney Hamilton  18.0 27 1996-97          Georgia State    27 38.1 6.2 15.1 5.0 11.2 1.2  3.9 4.3         5.1  4.1 4.6 2.2 0.0     3.1 18.0 .411 .449 .302 .854 .512 .450   G    JR
51        Tote Christopher  17.9 27 1998-99             Troy State    27 35.6 5.7 14.4 4.1  8.9 1.6  5.4 5.0 6.4 1.4 4.2  5.6 2.7 1.5 0.3 2.6 2.3 17.9 .394 .461 .286 .791 .515 .448   G    JR
52         Jonathan Pixley  17.9 27 1994-95                Samford 27 27 34.1 5.7 13.1 2.6  5.4 3.1  7.6 3.4         4.4  3.0 2.7 0.4 0.1 2.5 2.3 17.9 .436 .476 .408 .758 .589 .555   F    SO
53             Kenny Brown  17.8 29 1991-92                 Mercer 29 29 31.0 6.0 13.6 5.0 10.6 1.0  3.0 4.7         6.3  5.3 3.2 2.0 0.6 3.6 3.4 17.8 .442 .469 .345 .753 .536 .480   G    JR
54         John Buckwalter  17.7 29 1990-91         Centenary (LA)         29 5.2 10.8 3.5  6.6 1.7  4.2 5.5         6.8  7.1 1.3 1.6         0.6 17.7 .484 .531 .410 .803 .629 .564   F    SR
55         Jonathan Pixley  17.7 28 1996-97                Samford    28 33.2 5.6 13.4 3.2  6.7 2.5  6.7 3.9         4.7  3.4 2.9 0.4 0.2     2.5 17.7 .421 .473 .369 .840 .566 .513   F    SR
56             Wes Burtner  17.7 28 2001-02                Belmont 28 28 35.8 5.6 13.0 2.0  3.2 3.6  9.8 3.0 3.6 1.4 2.9  4.3 1.6 0.8 0.1 2.0 2.4 17.7 .427 .622 .364 .830 .600 .564   F    SR
57           Detric Golden  17.6 28 1999-00             Troy State 28 28 35.4 5.8 11.8 3.8  7.2 1.9  4.6 4.2 5.1 0.4 3.4  3.8 6.0 1.2 0.0 3.0 0.8 17.6 .486 .530 .419 .819 .618 .568   G    SR
58           Tony Windless  17.6 31 1991-92       Georgia Southern 31 31 30.3 6.6 12.5 5.0  8.8 1.6  3.7 2.8         3.8  5.9 2.9 1.5 0.5 1.8 3.1 17.6 .528 .571 .426 .737 .615 .591   F    SR
59          Joey Davenport  17.6 27 1994-95                Samford 27 27 36.4 4.5 10.1 1.4  3.5 3.0  6.6 5.6         6.4  1.9 3.2 0.5 0.1 1.9 2.6 17.6 .443 .415 .458 .868 .668 .593   G    JR
60           Mike McDaniel  17.5 22 2000-01     Jacksonville State 22 18 32.8 6.9 12.2 6.9 12.1 0.0  0.0 3.8 5.8 2.9 4.4  7.2 1.9 1.6 0.8 2.0 3.2 17.5 .563 .566 .000 .661 .588 .563   F    SR
61         Ronnie McCollum  17.5 30 1997-98         Centenary (LA)    30 30.5 5.9 12.9 2.5  4.9 3.4  8.0 2.4         3.0  2.9 1.1 0.6         0.1 17.5 .455 .514 .419 .811 .612 .585   G    FR
62           Harry Kennedy  17.5 26 1996-97        Central Florida 26       0 5.7 14.7 2.5  5.7 3.1  9.0 3.0         3.7  2.5 1.4 0.7         0.2 17.5 .384 .443 .346 .814 .529 .490   G    SR
63          Joey Davenport  17.4 27 1995-96                Samford    27 36.7 4.3 10.4 1.4  3.1 2.9  7.3 5.9         7.6  2.6 2.3 0.3 0.0     2.0 17.4 .413 .447 .398 .780 .621 .552   G    SR
64              Mike Nalls  17.4 27 1992-93          Georgia State 27 27 33.3 7.3 13.7 7.1 13.5 0.1  0.2 2.7         4.6  8.7 1.0 1.8 0.9 2.4 2.3 17.4 .530 .530 .500 .602 .547 .534   F    SR
65            Rodney Kirtz  17.4 28 2000-01                 Mercer 28 28 34.3 6.1 14.1 4.4  8.7 1.6  5.4 3.6 4.6 1.0 3.4  4.4 3.3 1.6 0.3 3.1 1.8 17.4 .431 .508 .307 .775 .534 .490   G    SR
66            Scott Forbes  17.3 18 1995-96  Florida International 18 15 33.2 6.8 11.3 6.6 10.1 0.2  1.2 3.6         6.6  8.3 2.1 2.4 0.8 2.2 2.5 17.3 .598 .648 .182 .542 .600 .608   F    SR
67           Chris Collier  17.2 26 1989-90          Georgia State         26 6.5 11.5 6.5 11.3 0.0  0.2 4.1         7.1  9.9 1.2 1.3         1.2 17.2 .570 .575 .250 .576 .580 .572   F    JR
68           Victor Saxton  17.2 27 1992-93        Central Florida 27 27 29.4 6.4 11.2 6.1 10.7 0.3  0.6 4.1         5.3  5.8 0.5 0.9 0.5 1.4 1.8 17.2 .571 .576 .467 .776 .625 .583   F    JR
69          Aleem Muhammad  17.2 29 2001-02                 Mercer 29 29 32.6 6.4 13.5 5.0  9.8 1.3  3.7 3.1 4.2 1.1 3.7  4.8 2.5 1.3 0.4 3.6 2.9 17.2 .472 .514 .361 .724 .553 .522   F    JR
70            Marc Salyers  17.2 29 2000-01                Samford 29 29 33.2 6.6 12.7 5.2  8.9 1.3  3.8 2.7 3.9 2.0 4.2  6.2 2.9 0.6 0.9 2.9 2.9 17.2 .518 .589 .351 .688 .590 .570   F    SR
71           Harry Kennedy  17.2 30 1995-96        Central Florida 30 25 27.7 5.3 12.6 2.1  4.7 3.1  7.9 3.5         4.1  3.6 1.0 0.4 0.2 2.0 2.4 17.2 .418 .451 .398 .847 .589 .542   G    JR
72          Tarick Johnson  17.1 27 2002-03               Campbell 27 27 33.1 6.7 14.4 5.8 12.1 0.9  2.4 2.9 4.2 1.4 3.7  5.1 1.8 1.1 0.6 2.3 1.8 17.1 .462 .482 .359 .693 .520 .491   G    JR
73            Chuck Stuart  17.0 21 1993-94  Florida International 21 21 31.7 7.1 13.1 7.0 12.6 0.1  0.5 2.7         6.4  8.8 1.0 1.6 1.0 2.3 2.4 17.0 .540 .555 .182 .425 .526 .543   F    SR
74        Kerry Blackshear  17.0 23 1993-94                Stetson 23 23 30.8 6.0 13.9 4.2  9.0 1.8  4.9 3.1         5.0  5.6 1.7 1.6 0.3 3.4 2.3 17.0 .433 .466 .372 .626 .522 .498   G    SO
75           Calvin Warner  16.9 23 2002-03           Jacksonville 23 23 31.7 6.9 12.8 6.5 11.8 0.4  1.0 2.8 4.0 2.8 5.0  7.8 1.3 0.9 1.4 3.0 2.0 16.9 .536 .548 .391 .703 .575 .551   F    SR
76          Derell Johnson  16.9 25 1997-98     Jacksonville State    25 27.5 5.6 12.6 3.1  6.0 2.5  6.6 3.2         4.1  3.8 1.1 0.8         0.1 16.9 .446 .517 .382 .775 .582 .546   G    SO
77           Shernard Long  16.9 22 1999-00          Georgia State 22 22 34.0 6.0 13.0 5.0  9.7 1.0  3.2 3.8 5.1 1.5 4.1  5.6 2.1 2.9 0.4 2.4 2.5 16.9 .463 .509 .324 .750 .548 .504   G    JR
78            Marion Busby  16.9 29 1994-95  College of Charleston 29 28 33.3 5.8 14.7 3.2  7.4 2.6  7.3 2.7         3.3  4.3 3.7 1.4 0.6 2.4 1.6 16.9 .394 .428 .360 .794 .518 .484   G    SR
79          Craig Buchanan  16.8 24 1996-97       Florida Atlantic         24 6.6 14.0 6.0 12.4 0.5  1.6 3.1         4.4  3.3 2.4 1.7         0.0 16.8 .472 .488 .342 .708 .524 .491   G    SR
80             E.J. Gordon  16.8 27 2003-04                Stetson 27 27 34.3 6.1 15.9 5.7 14.2 0.4  1.7 4.2 6.3 3.0 4.1  7.1 3.1 2.4 0.6 3.6 2.8 16.8 .384 .405 .213 .667 .444 .395   G    SO
81            Marc Salyers  16.8 32 1999-00                Samford 32 32 31.6 6.4 11.8 5.2  8.8 1.2  3.0 2.9 3.9 1.9 5.3  7.3 3.2 1.2 0.7 2.3 2.8 16.8 .538 .592 .381 .736 .612 .587   F    JR
82             Brad Traina  16.7 24 1998-99        Central Florida    24 28.1 5.6 11.3 3.3  5.7 2.3  5.6 3.3 4.1 1.6 2.1  3.7 1.5 0.9 0.3 1.7 1.7 16.7 .494 .581 .407 .796 .631 .596   G    SR
83        Kerry Blackshear  16.7 27 1992-93                Stetson 27 23 27.4 6.0 11.7 4.4  7.5 1.6  4.3 3.2         3.9  5.1 0.8 1.0 0.3 2.8 2.3 16.7 .508 .589 .365 .829 .615 .574   G    FR
84            Marion Busby  16.6 28 1993-94  College of Charleston 28 28 33.6 5.8 13.0 3.4  6.7 2.5  6.3 2.5         3.3  3.0 3.8 1.9 0.5 2.1 2.3 16.6 .449 .503 .392 .780 .574 .544   G    JR
85              Troy Green  16.6 27 1995-96 Southeastern Louisiana    27 29.2 5.7 15.7 2.1  5.2 3.6 10.5 1.5         2.1  3.0 2.8 1.2         0.0 16.6 .366 .404 .346 .732 .498 .481   G    FR
86           Michael Curry  16.6 28 1989-90       Georgia Southern    28 33.1 5.9  9.4 5.9  9.3 0.0  0.1 4.9         6.1  7.0 2.1 1.2         0.2 16.6 .621 .628 .000 .806 .674 .621   G    SR
87           Bryant Conner  16.6 27 1992-93                Stetson 27 27 34.1 5.9 11.6 5.2  9.5 0.7  2.1 4.1         5.5  5.6 2.7 1.3 0.2 2.1 2.6 16.6 .508 .551 .316 .757 .584 .537   G    JR
88               Raja Bell  16.6 29 1997-98  Florida International    29 29.5 5.7 12.9 4.3  8.7 1.3  4.2 3.9         5.0  4.1 2.2 1.2 0.1     2.2 16.6 .442 .500 .322 .767 .544 .495   F    JR
89            Kevin Morris  16.6 24 1998-99          Georgia State    24 37.2 5.8 13.9 3.6  7.4 2.2  6.5 2.9 4.0 0.5 3.5  4.0 5.9 2.3 0.3 4.7 2.1 16.6 .413 .486 .331 .737 .525 .491   G    SO
90            Harvey Baker  16.6 27 1993-94 Southeastern Louisiana         27 6.4 14.0 6.4 13.7 0.0  0.3 3.7         4.5  5.6 1.2 0.8         0.0 16.6 .460 .469 .000 .811 .513 .460   F    JR
91           Reed Rawlings  16.5 30 1998-99                Samford    30 33.9 5.0 10.0 2.8  4.2 2.2  5.9 4.4         6.4  5.2 2.0 2.2         0.8 16.5 .495 .664 .375 .691 .633 .605   F    JR
92           Garrett Davis  16.5 27 1998-99                Stetson    27 34.5 6.0 12.3 4.4  8.8 1.6  3.5 2.9 3.4 1.0 2.1  3.1 3.1 0.9 0.1 3.1 2.7 16.5 .486 .500 .453 .868 .593 .551   F    SR
93             Anton Reese  16.4 30 1998-99          Georgia State    30 32.9 5.8 14.4 2.9  6.7 2.9  7.7 2.0 2.7 1.3 2.5  3.7 2.0 1.2 0.3 2.5 2.1 16.4 .400 .431 .374 .763 .524 .500   G    JR
94          Thomas Terrell  16.4 34 2000-01          Georgia State 34 34 33.7 5.9 13.1 3.4  6.9 2.4  6.2 2.3 2.9 2.3 5.2  7.5 1.2 1.1 1.1 1.7 1.9 16.4 .447 .498 .392 .794 .568 .540   F    JR
95           Scott Emerson  16.4 28 2000-01                 Mercer 28 28 31.0 5.9 12.1 5.0  9.6 1.0  2.5 3.6 4.5 2.9 4.6  7.5 1.6 0.6 0.8 2.5 3.6 16.4 .488 .515 .386 .800 .575 .528   F    SO
96            Raheim Brown  16.4 31 2001-02       Florida Atlantic 31 30 31.5 6.9 12.9 6.8 12.7 0.0  0.2 2.6 3.8 3.3 5.2  8.5 1.0 0.8 1.9 1.9 2.2 16.4 .533 .539 .143 .692 .558 .534   F    SR
97             Anton Reese  16.4 29 1999-00          Georgia State 29 29 29.9 5.8 13.0 3.0  6.7 2.7  6.3 2.1 2.8 0.9 2.9  3.8 1.4 1.3 0.2 1.6 1.7 16.4 .444 .454 .434 .765 .573 .549   G    SR
98          Craig Buchanan  16.4 27 1995-96       Florida Atlantic 27 18 27.5 6.4 14.3 5.7 12.4 0.7  1.9 3.0         3.7  4.6 1.7 1.4 0.3 2.6 1.3 16.4 .446 .458 .360 .792 .509 .469   G    JR
99               Adam Mark  16.4 28 2002-03                Belmont 28 28 29.2 7.1 10.6 6.4  8.9 0.7  1.7 1.5 3.2 2.9 3.8  6.7 1.6 2.2 0.4 2.1 2.6 16.4 .670 .723 .396 .456 .674 .702   F    JR
100           James Mazyck  16.4 28 1994-95  Florida International 28 26 32.9 5.7 12.7 5.1 11.1 0.6  1.6 4.3         5.6  5.8 3.4 1.2         0.2 16.4 .449 .460 .378 .766 .531 .473   F    SR
101           Ray Abellard  16.3 31 2002-03        Central Florida 31 30 32.3 4.6 10.5 1.8  3.5 2.8  7.0 4.2 5.0 0.3 2.4  2.6 3.0 1.2 0.0 3.3 1.6 16.3 .444 .523 .406 .839 .636 .580   G    SR
102         Dwight Stewart  16.3 30 1992-93  Florida International 30 30 33.6 6.1 12.0 6.0 11.7 0.1  0.3 4.0         5.7  6.4 2.2 1.3 1.2     2.4 16.3 .508 .514 .300 .706 .555 .513   F    SR
103           Herbert Lang  16.3 30 1997-98         Centenary (LA)         30 6.1 14.0 5.4 11.1 0.7  2.9 3.4         5.6  6.6 2.3 1.8         0.6 16.3 .436 .485 .244 .605 .489 .461   G    SR
104           Harvey Baker  16.3 28 1994-95 Southeastern Louisiana 28 27 32.3 6.4 12.9 5.8 11.0 0.7  1.9 2.7         3.7  6.3 1.5 0.9 0.1 2.0 2.5 16.3 .500 .523 .365 .738 .556 .526   F    SR
105         Kevin Sheppard  16.2 29 2002-03           Jacksonville 29 29 34.9 5.6 12.0 4.1  7.6 1.5  4.3 3.6 4.7 0.2 2.1  2.3 4.5 1.6 0.0 3.4 1.9 16.2 .467 .538 .341 .765 .572 .529   G    SR
106       Calvin Slaughter  16.2 25 1999-00           Jacksonville 25 25 31.2 6.4 11.9 6.4 11.8 0.0  0.0 3.4 5.0 2.8 3.9  6.7 1.0 1.2 0.1 2.7 2.4 16.2 .539 .541 .000 .680 .568 .539   F    SR
107           Jay Knowlton  16.2 26 1997-98     Jacksonville State         26 5.0 11.5 3.0  5.9 2.0  5.6 4.2         5.4  5.7 1.2 1.1         0.5 16.2 .436 .510 .359 .773 .577 .523   F    SR
108       Earnest Crumbley  16.2 28 2002-03       Florida Atlantic 28 27 36.1 5.2 14.6 2.0  6.1 3.1  8.5 2.7 3.4 0.6 2.1  2.7 4.8 2.0 0.0 3.7 2.6 16.2 .355 .333 .370 .798 .499 .462   G    JR
109           Quincy Gause  16.2 23 1998-99          Georgia State    23 34.3 6.3  9.6 6.3  9.6 0.0  0.0 3.7 4.4 4.1 4.7  8.8 1.2 2.0 0.6 2.1 2.2 16.2 .652      .652 .824 .690 .652   F    SR
110              Adam Sonn  16.1 29 2002-03                Belmont 29 29 32.4 5.8 12.7 5.6 12.0 0.2  0.7 4.4 5.7 2.7 9.4 12.1 3.8 1.1 0.5 3.7 2.7 16.1 .453 .463 .286 .770 .522 .461   C    SR
111       DQuarius Stewart  16.1 32 1999-00        Central Florida 32 32 30.7 6.1 14.3 4.1  8.9 2.0  5.3 1.8 2.6 1.1 1.8  3.0 1.9 1.2 0.3 2.4 2.1 16.1 .430 .458 .382 .699 .520 .501   G    SR
112          Damon Arnette  16.1 26 1997-98       Florida Atlantic    26 32.2 5.5 13.0 4.2  9.0 1.3  3.9 3.7         5.5  6.6 2.2 2.2         0.2 16.1 .424 .460 .343 .674 .516 .476   G    JR
113       Kerry Blackshear  16.0 27 1995-96                Stetson    27 34.3 6.2 14.0 4.7  9.7 1.5  4.3 2.1         3.1  7.1 2.1 1.9 0.2     2.6 16.0 .443 .487 .345 .671 .516 .496   G    SR
114        Rodney Hamilton  16.0 28 1997-98          Georgia State    28 35.5 5.9 14.5 5.2 11.7 0.8  2.8 3.4         3.9  3.4 6.1 2.2 0.1     3.9 16.0 .410 .442 .273 .873 .491 .436   G    SR
115            Nate Taylor  15.9 28 1993-94         Centenary (LA)         28 6.1 12.0 5.5 10.2 0.6  1.8 3.2         5.1  9.1 1.8 1.3         1.1 15.9 .507 .537 .340 .627 .554 .533   F    SR
116            Joey Raines  15.9 27 1998-99             Troy State    27 29.4 4.7 11.3 2.2  4.6 2.5  6.7 4.0 5.4 1.7 3.4  5.1 1.8 0.9 0.1 2.0 2.3 15.9 .416 .476 .376 .733 .573 .528   G    JR
117       Calvin Slaughter  15.8 27 1998-99           Jacksonville    27 29.0 5.6 10.1 5.6 10.0 0.0  0.0 4.6 6.1 2.3 4.0  6.3 1.0 1.4 0.4 3.0 3.2 15.8 .559 .561 .000 .745 .609 .559   F    JR
118      Thaddeous Delaney  15.8 32 1996-97  College of Charleston 32 31 32.3 6.2 11.6 6.0 11.3 0.1  0.3 3.4         5.5  9.5 1.0 1.2         2.0 15.8 .531 .536 .364 .610 .556 .536   C    SR
119            Nate Taylor  15.8 28 1991-92         Centenary (LA)         28 6.1 12.3 6.0 11.6 0.1  0.7 3.4         4.8  9.3 1.3 0.9         0.5 15.8 .499 .519 .158 .711 .542 .503   F    SO
120         Robert Rushing  15.8 28 2001-02             Troy State 28 28 34.1 5.1 12.6 3.0  6.4 2.1  6.2 3.5 4.4 0.7 2.6  3.3 4.2 2.2 0.0 3.4 2.1 15.8 .404 .472 .333 .782 .534 .486   G    SR
121           Adam Fellers  15.7 28 1999-00               Campbell 28 28 36.3 5.2 12.6 1.8  4.1 3.4  8.6 1.9 2.1 0.1 2.6  2.7 1.9 1.0 0.0 1.6 1.0 15.7 .412 .439 .400 .867 .575 .548   G    SO
122           Bubba Sheafe  15.7 28 1991-92                Samford 28 26 30.2 5.4 11.0 3.8  7.3 1.6  3.8 3.4 4.2 1.6 4.7  6.3 1.3 1.0 0.1 3.0 2.8 15.7 .485 .517 .425 .803 .602 .558   F    JR
123           Darryl Eaton  15.7 27 1989-90                   UTSA 27 23 27.6 5.5 11.7 2.6  5.3 2.9  6.3 1.7         2.0  2.8 2.9 1.7 0.4 1.5 1.9 15.7 .473 .493 .456 .887 .622 .597   G    JR
124          Derrall Dumas  15.7 27 1989-90                Stetson         27 6.4 10.9 6.4 10.9 0.0  0.0 2.8         4.5  8.9 1.4 1.0         1.6 15.7 .592      .592 .615 .601 .592   C    JR
125       Pete Meriweather  15.6 28 1991-92 Southeastern Louisiana 28 28 33.9 5.9 12.4 5.5 11.5 0.4  0.9 3.5         5.9 11.0 1.3 1.3 0.4 3.4 4.2 15.6 .474 .478 .423 .591 .514 .490   F    JR
126           Zavian Smith  15.6 26 1993-94          Georgia State 26 24 29.0 6.2 12.2 6.2 12.2 0.0  0.1 3.3         5.6  8.7 1.3 1.5 2.1 3.9 3.2 15.6 .503 .506 .000 .586 .523 .503   C    SR
127             Greg Davis  15.5 31 2003-04             Troy State 31 31 33.8 5.5 13.1 3.5  6.9 2.0  6.2 2.6 3.4 0.6 2.4  3.0 8.3 2.4 0.1 2.8 1.2 15.5 .415 .500 .321 .781 .527 .491   G    SR
128           Adam Fellers  15.5 28 2000-01               Campbell 28 28 37.5 4.9 11.8 1.8  4.1 3.1  7.7 2.7 3.2 0.2 2.1  2.4 2.0 0.9 0.0 2.0 0.9 15.5 .412 .439 .398 .844 .582 .542   G    JR
129         Aleem Muhammad  15.5 29 2002-03                 Mercer 29 29 31.6 5.4 11.6 3.4  7.2 2.1  4.4 2.5 3.7 1.4 3.0  4.4 2.9 1.1 0.3 2.7 2.3 15.5 .470 .469 .472 .689 .581 .560   F    SR
130            Brad Traina  15.4 28 1997-98        Central Florida    28 30.4 5.3 10.9 3.4  6.1 1.9  4.8 3.0         4.0  4.8 2.2 1.6 0.5     2.1 15.4 .482 .547 .398 .759 .603 .569   G    JR
131          Tony Windless  15.4 27 1990-91       Georgia Southern 27 27 33.1 6.0 11.7 5.4 10.3 0.6  1.4 2.9         3.7  6.8 2.8 1.7 0.3 2.4 2.6 15.4 .513 .527 .405 .778 .573 .536   F    JR
132       Calvin Sinkfield  15.4 28 1991-92       Georgia Southern 28 28 28.3 6.0 10.3 5.9 10.1 0.1  0.1 3.3         5.1  5.8 1.6 1.8 0.9 2.9 3.4 15.4 .583 .585 .500 .655 .606 .587   F    JR
133            James Scott  15.4 28 1990-91            Little Rock 28 24 32.8 5.1 11.9 3.4  7.1 1.7  4.7 3.5 6.1 1.0 3.4  4.4 4.2 1.6 0.1 3.4 3.2 15.4 .431 .475 .364 .567 .522 .503   G    SR
134              Rob Lewin  15.4 31 2003-04             Troy State 31 31 31.3 5.6 10.3 5.3  9.5 0.4  0.7 3.8 5.0 3.3 4.7  8.0 1.2 1.5 1.8 2.4 3.0 15.4 .547 .553 .478 .755 .608 .564   C    SR
135           James Mazyck  15.3 27 1993-94  Florida International 27 25 31.3 5.1 10.4 4.9  9.5 0.2  0.9 4.9         7.3  6.7 2.6 1.2 0.2 3.3 3.4 15.3 .489 .510 .261 .672 .552 .500   F    JR
136   Sebastian Singletary  15.3 28 1999-00                Stetson 28 28 32.1 6.0 13.1 5.9 12.9 0.1  0.2 3.3 4.5 3.9 5.4  9.3 1.8 1.5 0.9 1.8 3.4 15.3 .455 .453 .600 .722 .501 .459   F    JR
137          Scott Emerson  15.3 18 2003-04                 Mercer 18 18 29.7 5.7 11.5 4.8  8.9 0.9  2.6 2.9 3.8 3.1 5.1  8.2 2.1 0.5 0.7 3.0 2.7 15.3 .498 .534 .370 .765 .575 .539   F    SR
138          Victor Saxton  15.3 30 1993-94        Central Florida 30 29 29.1 6.0 11.8 5.3 10.5 0.6  1.4 2.7         3.9  5.6 0.7 0.9 0.8 1.0 2.0 15.3 .504 .510 .463 .698 .558 .531   F    SR
139            Bruce Simms  15.2 26 1996-97                 Mercer    26 31.1 5.0 11.8 3.8  8.0 1.2  3.8 4.1         5.3  2.6 3.1 1.9         0.1 15.2 .422 .476 .306 .775 .532 .471   G    JR
140         Kenny Sorenson  15.2 27 1996-97     Jacksonville State         27 5.8 11.3 4.7  8.7 1.1  2.6 2.5         3.6  6.6 1.9 0.7         0.2 15.2 .515 .545 .414 .691 .584 .562   F    SR
141          Scott Emerson  15.2 33 1999-00                 Mercer 33 33 31.5 5.9 11.3 5.6 10.6 0.2  0.7 3.2 4.7 3.6 4.7  8.3 1.3 0.8 1.2 1.8 3.8 15.2 .522 .533 .348 .677 .562 .532   F    FR
142          Jamar Comeaux  15.1 27 1994-95         Centenary (LA) 27 26 27.6 5.3 12.8 4.1  8.9 1.2  3.9 3.3         4.3  3.4 1.7 1.1 0.1 2.1 2.1 15.1 .413 .463 .302 .769 .508 .460   G    SR
143          Scott Emerson  15.1 28 2002-03                 Mercer 28 28 30.5 5.9 10.1 5.0  8.0 0.8  2.1 2.6 4.3 3.1 6.0  9.1 2.0 0.8 0.7 2.8 2.8 15.1 .582 .632 .390 .600 .624 .622   F    JR
144             Tim Donlon  15.1 28 1990-91                Samford         28 5.2 10.1 5.2 10.1 0.0  0.0 4.7         8.2  6.6 1.8 0.6         0.2 15.1 .518      .518 .570 .541 .518   C    JR
145           Aaron Kelley  15.1 27 1995-96     Jacksonville State 27 27 27.7 5.0 12.0 3.2  6.2 1.8  5.8 3.3         4.6  2.4 1.3 1.0 0.3 3.1 2.2 15.1 .418 .515 .314 .710 .533 .494   G    JR
146            Scott Neely  15.1 28 1995-96               Campbell 28 28 33.2 5.1 11.5 2.3  4.8 2.8  6.6 2.0         2.5  4.1 2.2 0.9 0.0 2.0 2.2 15.1 .449 .481 .425 .786 .596 .572   G    SR
147          Sedric Webber  15.1 29 1997-98  College of Charleston    29 31.7 6.1 11.9 6.1 11.7 0.0  0.2 2.9         4.2  7.9 1.6 2.3         1.0 15.1 .510 .519 .000 .697 .542 .510   F    JR
148           Omar Barlett  15.0 30 2002-03     Jacksonville State 30 30 28.8 5.9  9.8 5.9  9.7 0.0  0.0 3.2 6.0 2.5 4.6  7.1 1.2 1.4 1.1 2.3 3.1 15.0 .608 .610 .000 .531 .597 .608   G    SR
149           Aaron Kelley  15.0 26 1996-97     Jacksonville State         26 5.2 11.9 3.5  6.5 1.7  5.4 3.0         4.3  4.3 2.1 0.8         0.3 15.0 .432 .538 .305 .696 .536 .502   G    SR
150           Greg Winnier  15.0 26 1993-94 Southeastern Louisiana         26 5.0 13.5 2.5  5.6 2.5  8.0 2.5         3.4  4.0 2.8 1.7         0.1 15.0 .366 .441 .314 .742 .493 .459   F    JR
151          Dedric Taylor  14.9 28 1995-96  Florida International 28 27 33.9 4.5 11.2 1.3  3.1 3.2  8.1 2.8         3.8  2.8 3.4 1.7 0.1 3.0 2.6 14.9 .401 .425 .392 .733 .574 .543   G    JR
152       Jason Winningham  14.9 27 1995-96 Southeastern Louisiana         27 5.9 11.7 5.4 10.2 0.4  1.6 2.8         4.9 10.2 1.8 1.5         1.5 14.9 .498 .535 .262 .571 .530 .516   F    SR
153          Dexter Abrams  14.9 31 1991-92       Georgia Southern 31 31 27.3 6.3 11.0 6.3 10.9 0.0  0.1 2.4         3.1  7.4 1.4 0.5 1.1 2.0 3.2 14.9 .567 .572 .000 .763 .595 .567   C    JR
154          Derrick Owens  14.9 30 1989-90            Little Rock 30 25 30.5 5.6 13.2 4.5  9.6 1.1  3.5 2.5 3.9 1.5 3.3  4.8 3.8 1.5 0.4 2.0 2.5 14.9 .428 .471 .311 .655 .497 .470   F    SR
155           Bubba Sheafe  14.9 27 1992-93                Samford 27 25 28.4 5.5 10.8 3.7  6.1 1.8  4.7 2.0         2.7  5.7 1.6 0.4     0.1 2.8 14.9 .510 .602 .389 .753 .615 .594   F    SR
156          Jonte Edwards  14.9 27 2001-02               Campbell 27 26 30.1 5.3  9.6 5.3  9.6 0.0  0.0 4.3 6.9 2.6 3.2  5.8 0.6 0.5 0.7 1.4 2.5 14.9 .550 .552 .000 .622 .576 .550   F    JR
157       Shellord Pinkett  14.8 28 1997-98          Georgia State         28 5.1 12.0 1.9  4.7 3.3  7.4 1.2         1.6  2.9 2.4 0.8         0.3 14.8 .427 .405 .442 .739 .575 .562   G    SR
158            E.J. Gordon  14.7 26 2002-03                Stetson 26 24 27.2 5.3 12.8 4.7 10.7 0.6  2.2 3.6 5.3 2.1 2.5  4.5 1.4 2.1 0.3 2.7 2.8 14.7 .411 .437 .286 .674 .480 .435   G    FR
159          Nate Williams  14.7 22 2003-04          Georgia State 22 17 29.0 5.5  9.9 5.4  9.8 0.0  0.1 3.7 4.3 2.0 5.0  7.0 2.0 0.6 1.6 2.6 2.8 14.7 .553 .553 .500 .863 .616 .555   F    SR
160          Philip Huyler  14.7 27 1996-97       Florida Atlantic    27 33.4 4.4  9.5 3.9  7.9 0.6  1.6 5.2         6.6  5.6 3.5 3.2 0.1     3.3 14.7 .469 .491 .357 .792 .581 .498   G    SR
161           Zavian Smith  14.7 30 1991-92          Georgia State 30 30 29.3 5.5 10.3 5.5 10.1 0.0  0.2 3.6         5.6  7.8 2.1 1.7 2.1 2.8 3.3 14.7 .537 .550 .000 .643 .566 .537   C    JR
162           Gary Durrant  14.7 26 1998-99       Florida Atlantic    26 30.2 5.4 13.8 3.4  8.3 2.0  5.4 1.8 2.5 1.3 3.0  4.3 0.5 0.9 0.3 2.2 2.7 14.7 .394 .406 .376 .719 .490 .468   G    SR
163          Lamayn Wilson  14.6 31 2000-01             Troy State 31 30 30.4 5.5 12.9 3.6  7.4 1.9  5.5 1.6 2.4 2.1 3.8  5.9 0.9 1.3 0.8 1.3 2.8 14.6 .431 .489 .353 .685 .523 .506   F    JR
164          Patrick Greer  14.6 30 1989-90         Centenary (LA)         30 5.2 12.1 2.7  6.1 2.5  5.9 1.8         2.7  2.4 3.1 1.0         0.1 14.6 .428 .440 .416 .688 .549 .530   G    JR
165            Oscar Moore  14.6 27 1989-90                 Mercer         27 5.6 11.9 5.3 10.7 0.3  1.1 3.0         4.3  4.7 1.6 0.6         0.2 14.6 .475 .495 .290 .707 .527 .489   F    SR
166       Terrence Brandon  14.6 27 1993-94          Georgia State 27 23 27.7 5.7 11.7 5.7 11.7 0.0  0.1 3.2         6.0  7.0 1.0 1.1 0.9 2.3 3.0 14.6 .486 .489 .000 .534 .501 .486   F    SO
167   Cornelius Richardson  14.6 30 2002-03     Jacksonville State 30 29 31.6 4.7 11.3 2.5  5.8 2.2  5.5 3.0 4.1 1.0 2.3  3.3 4.4 1.6 0.1 3.2 1.9 14.6 .416 .434 .396 .740 .551 .512   G    SR
168            Jeff Cowans  14.6 28 2002-03       Florida Atlantic 28 23 32.3 5.3 13.2 3.6  8.3 1.7  4.9 2.3 2.8 1.1 2.9  4.1 1.8 1.1 0.0 1.9 2.6 14.6 .403 .440 .341 .808 .501 .466   G    JR
169          Reed Rawlings  14.6 32 1999-00                Samford 32 32 31.3 4.8  9.7 2.7  4.4 2.0  5.3 3.0 3.9 0.9 3.7  4.6 1.6 1.9 0.4 1.9 2.2 14.6 .492 .621 .385 .770 .632 .597   F    SR
170            Ryan Hercek  14.6 29 1999-00       Florida Atlantic 29 29 36.2 4.6 11.4 1.3  3.2 3.3  8.2 2.0 2.3 0.5 2.0  2.6 2.8 1.0 0.0 2.9 1.3 14.6 .404 .394 .408 .851 .580 .550   G    SR
171      Thaddeous Delaney  14.6 29 1995-96  College of Charleston 29 29 34.7 5.8 10.6 5.7 10.4 0.1  0.2 2.9         4.9 11.4 1.3 1.3 1.7 2.0 2.2 14.6 .545 .550 .333 .592 .562 .549   C    JR
172         Robert Rushing  14.5 31 2000-01             Troy State 31 30 32.8 4.5 11.1 2.6  4.7 1.9  6.3 3.6 4.7 0.8 2.9  3.7 4.4 2.6 0.1 3.3 1.8 14.5 .408 .558 .296 .767 .546 .493   G    JR
173       Brandon Williams  14.5 28 2000-01           Jacksonville 28 28 27.6 4.7 11.1 2.4  4.7 2.4  6.4 2.7 3.3 1.0 2.1  3.2 1.9 0.8 0.1 1.7 2.2 14.5 .424 .500 .369 .835 .573 .531   G    SR
174          Bryant Conner  14.5 26 1993-94                Stetson 26 26 33.2 5.1 12.0 3.9  8.6 1.2  3.3 3.1         4.5  4.8 3.0 1.4 0.2 2.5 2.2 14.5 .428 .455 .356 .690 .515 .477   G    SR
175           Adam Fellers  14.5 27 2001-02               Campbell 27 27 30.5 4.8 11.7 2.1  4.7 2.7  7.0 2.1 2.5 0.2 2.0  2.2 1.5 0.5 0.0 1.1 1.2 14.5 .410 .438 .392 .838 .560 .527   G    SR
176           Shawn Platts  14.5 28 2000-01           Jacksonville 28 28 31.0 4.9  8.8 3.6  6.1 1.3  2.7 3.4 4.1 1.0 3.2  4.2 2.4 1.4 0.0 2.0 2.5 14.5 .555 .593 .467 .835 .671 .626   G    SR
177   Cornelius Richardson  14.4 29 2001-02     Jacksonville State 29 29 34.8 4.4 11.6 2.1  5.3 2.4  6.3 3.2 4.0 0.8 2.5  3.3 3.7 1.3 0.0 3.3 2.1 14.4 .385 .392 .379 .800 .538 .488   G    JR
178           Donell Grier  14.4 28 1991-92                Stetson         28 5.4 10.1 4.7  8.4 0.7  1.8 2.9         4.9  6.0 0.9 1.3         0.8 14.4 .534 .560 .408 .599 .580 .569   F    JR
179   Sebastian Singletary  14.4 29 2000-01                Stetson 29 29 31.8 5.7 11.7 5.7 11.5 0.0  0.2 3.0 4.0 3.4 5.8  9.2 2.5 1.2 1.0 2.5 3.3 14.4 .490 .497 .000 .741 .530 .490   F    SR
180          Patrick Butts  14.4 27 1994-95        Central Florida 27 27 34.7 4.7 10.6 2.2  4.6 2.6  6.0 2.4         3.2  2.6 3.7 1.3 0.0 2.3 1.8 14.4 .448 .472 .429 .744 .595 .568   G    SR
181       Anthony Register  14.4 27 2003-04                Stetson 27 27 36.0 4.5 10.5 2.9  6.4 1.6  4.1 3.8 4.8 0.9 3.1  4.0 2.6 1.7 0.1 2.8 1.9 14.4 .428 .445 .400 .791 .564 .505   G    SO
182           Gene Derkack  14.4 25 1996-97  Florida International    25 28.2 4.7 11.1 3.8  7.8 1.0  3.3 4.0         6.0  4.2 1.6 1.8         0.5 14.4 .424 .482 .289 .660 .514 .468   F    SO
183            John Thomas  14.4 28 1990-91                Samford         28 4.8 11.1 3.8  8.6 0.9  2.6 3.9         4.6  3.2 3.1 1.1         0.0 14.4 .426 .446 .361 .853 .538 .468   G    SR
184        Jeff Warbritton  14.3 26 1997-98                Stetson         26 5.1  9.3 5.1  9.3 0.0  0.0 4.2         6.7  8.9 0.6 0.6         0.2 14.3 .545      .545 .621 .573 .545   C    SR
185         Robert Rushing  14.3 27 1998-99             Troy State    27 30.7 4.7 13.9 1.7  4.2 3.0  9.7 1.8 2.4 1.2 3.0  4.3 1.0 1.3 0.1 1.4 1.9 14.3 .342 .416 .310 .738 .475 .451   G    FR
186      Haminn Quaintance  14.3 28 2003-04           Jacksonville 28 27 32.1 5.7 10.7 5.6 10.2 0.1  0.5 2.8 4.4 3.3 5.5  8.8 2.7 1.8 3.0 3.8 3.0 14.3 .532 .545 .231 .639 .559 .537   F    FR
187           Omar Barlett  14.2 29 2001-02     Jacksonville State 29 28 28.6 5.3  9.3 5.3  9.2 0.1  0.1 3.5 5.9 2.4 4.0  6.4 0.3 1.0 0.5 2.1 3.4 14.2 .576 .575 .667 .587 .589 .580   G    JR
188         Craig Buchanan  14.2 27 1994-95       Florida Atlantic 27 21 26.8 5.3 11.3 4.7  9.6 0.7  1.7 2.9         3.7  4.9 1.0 1.1 0.5 2.1 1.7 14.2 .474 .486 .400 .770 .545 .503   G    SO
189              Adam Mark  14.2 26 2001-02                Belmont 26 26 29.9 5.8  8.2 5.2  6.9 0.6  1.3 2.0 3.4 2.5 3.7  6.2 1.8 1.1 0.2 1.7 2.6 14.2 .708 .749 .485 .591 .725 .745   F    SO
190        Marlon Jemerson  14.1 27 1993-94       Florida Atlantic 27 26 28.4 5.4 12.5 5.0 11.1 0.5  1.3 2.8         3.9  5.4 2.0 1.6 0.5 1.9 3.1 14.1 .436 .445 .361 .721 .494 .455   G    JR
191            Will Daniel  14.1 30 1998-99                Samford    30 32.9 4.6 10.3 2.0  3.3 2.6  7.0 2.2         2.9  4.2 2.3 1.1         0.7 14.1 .450 .610 .373 .759 .602 .576   G    JR
192          Marlon Gurley  14.0 25 1998-99     Jacksonville State    25 28.6 5.2 14.8 2.4  6.5 2.9  8.3 0.7 1.1 1.0 2.4  3.4 1.9 1.2 0.0 2.6 1.4 14.0 .354 .364 .346 .607 .458 .451   G    JR
193             Mike Smith  14.0 27 1990-91                 Mercer         27 4.6 11.2 2.7  5.6 2.0  5.6 2.8         4.1  2.0 3.3 1.4         0.0 14.0 .413 .474 .351 .685 .533 .500   G    FR
194              David Lee  14.0 28 2003-04           Jacksonville 28 28 32.3 4.5 11.4 2.3  5.0 2.1  6.5 3.0 3.7 1.0 2.7  3.7 1.8 0.8 0.1 2.6 2.3 14.0 .391 .468 .331 .798 .532 .484   G    JR
195            Matt Holman  14.0 31 2000-01             Troy State 31 31 31.5 4.6 11.8 2.4  5.4 2.2  6.4 2.6 3.2 1.2 3.0  4.2 2.0 0.8 0.1 2.4 2.7 14.0 .392 .452 .342 .810 .527 .485   G    SR
196       Earnest Crumbley  14.0 28 2003-04       Florida Atlantic 28 27 33.2 4.5 11.8 1.6  4.5 2.9  7.3 2.1 2.5 1.1 2.3  3.4 5.2 1.4 0.0 3.1 2.5 14.0 .383 .352 .402 .817 .540 .508   G    SR
197           Marion Busby  14.0 27 1992-93  College of Charleston 27 27 33.9 4.7 11.0 2.8  5.3 1.9  5.7 2.7         3.4  3.2 4.2 1.9 0.1 2.1 2.3 14.0 .426 .521 .338 .774 .552 .513   G    SO
198         Reggie Elliott  14.0 27 1994-95                 Mercer    27 27.4 5.0 11.6 3.7  7.7 1.3  3.9 2.8         4.1  4.4 2.6 2.3 0.5     3.3 14.0 .428 .481 .324 .691 .517 .482   G    JR
199        Travis Robinson  14.0 24 2001-02           Jacksonville 24  4 20.3 5.0 12.3 2.2  4.4 2.9  7.8 1.0 1.5 1.0 2.8  3.8 0.5 1.0 0.2 1.8 1.6 14.0 .412 .491 .367 .694 .540 .529   G    JR
200             Troy Green  14.0 28 1996-97 Southeastern Louisiana    28 31.6 4.2 13.4 1.9  5.0 2.3  8.4 3.4         4.0  3.5 3.4 1.0         0.0 14.0 .312 .381 .271 .832 .457 .397   G    SO
[/code]

Provided by [url=https://www.sports-reference.com/sharing.html?utm_source=direct&utm_medium=Share&utm_campaign=ShareTool]Stathead[/url]: [url=https://www.sports-reference.com/stathead/basketball/cbb/player-season-finder.cgi?utm_source=direct&utm_medium=Share&utm_campaign=ShareTool]Found with Stathead. See Full Results.[/url]
Generated 6/11/2026.