[code]                                                                                                                                                                                       
                                                                                                                                                                                   Per 
Rk                  Player PTS/G  G  Season           Team  G GS   MP   FG  FGA  2P  2PA  3P 3PA  FT FTA ORB DRB  TRB AST STL BLK TOV  PF  PTS  FG%  2P%   3P%  FT%  TS% eFG% Pos Class
1           Glenn Robinson  30.3 34 1993-94         Purdue 34 34 34.3 10.8 22.4 8.5 16.3 2.3 6.1 6.3 7.9 3.0 7.1 10.1 1.9 1.6 0.9 4.1 2.6 30.3 .483 .522  .380 .796 .578 .535   F    JR
2            Shawn Respert  25.6 28 1994-95 Michigan State 28 28 33.6  8.2 17.3 3.9  8.3 4.3 9.0 5.0         5.7  4.0 3.0 1.4 0.0 2.9 2.6 25.6 .473 .472  .474 .869 .639 .596   G    SR
3              Steve Smith  25.1 30 1990-91 Michigan State 30 30 37.8  8.9 18.9 6.7 13.5 2.2 5.4 5.0         6.2  6.1 3.6 0.5 0.2 3.3 2.6 25.1 .473 .500  .407 .802 .574 .532   G    SR
4            Shawn Respert  24.3 32 1993-94 Michigan State 32 32 33.6  8.5 17.6 5.6 11.2 2.9 6.4 4.4         5.3  4.0 2.5 1.3 0.2 3.3 2.0 24.3 .484 .504  .449 .840 .606 .566   G    JR
5           Glenn Robinson  24.1 28 1992-93         Purdue 28 28 36.1  8.8 18.5 7.6 15.7 1.1 2.9 5.4 7.3 3.6 5.6  9.2 1.8 2.0 1.2 3.7 2.9 24.1 .474 .487  .400 .741 .548 .505   F    SO
6           Alan Henderson  23.5 31 1994-95        Indiana 31 30 35.3  9.2 15.4 9.1 15.0 0.1 0.3 5.1         8.1  9.7 1.7 1.4 2.1 2.9 3.1 23.5 .597 .605  .200 .633 .612 .599   F    SR
7             Quincy Lewis  23.1 27 1998-99      Minnesota 27 27 33.8  8.4 18.3 6.4 13.4 2.0 4.9 4.4         5.5  5.9 1.4 1.9 0.6 2.1 2.9 23.1 .457 .478  .398 .811 .553 .510   F    SR
8              Jim Jackson  22.4 32 1991-92     Ohio State 32 32 35.4  8.3 16.7 6.9 13.3 1.4 3.4 4.6         5.6  6.8 4.0 1.7 0.3 3.4 2.2 22.4 .493 .515  .407 .811 .579 .535   G    JR
9          Calbert Cheaney  22.4 35 1992-93        Indiana 35 35 33.7  8.7 15.8 7.3 12.6 1.3 3.1 3.8         4.7  6.4 2.4 0.9 0.3 2.4 2.2 22.4 .549 .579  .427 .795 .622 .591   G    SR
10          Michael Finley  22.1 28 1992-93      Wisconsin 28 28 35.0  8.0 17.1 5.7 10.9 2.3 6.2 4.0         5.1  5.8 3.1 1.8 0.6 2.7 2.8 22.1 .467 .525  .364 .771 .567 .532   F    SO
11            Michael Redd  21.9 30 1997-98     Ohio State 30 30 37.9  8.0 18.3 6.5 13.3 1.5 5.1 4.3 7.0 2.5 4.0  6.5 3.0 2.0 0.1 3.5 2.2 21.9 .438 .490  .303 .616 .506 .480   G    FR
12          Kris Humphries  21.7 29 2003-04      Minnesota 29 28 34.1  7.6 17.2 7.0 15.4 0.6 1.7 5.9 7.9 3.1 7.0 10.1 0.7 0.9 1.1 2.8 2.2 21.7 .444 .455  .340 .742 .518 .461   F    FR
13          Evan Eschmeyer  21.7 27 1997-98   Northwestern 27 27 37.6  7.4 12.1 7.4 12.1 0.0 0.0 6.9        11.2 10.7 2.5 0.7 0.9 3.8 2.7 21.7 .610       .610 .613 .620 .610   C    JR
14         Calbert Cheaney  21.6 34 1990-91        Indiana 34 34 30.3  8.5 14.3 7.2 11.6 1.3 2.7 3.3         4.1  5.5 1.4 0.7 0.4 2.3 2.9 21.6 .596 .624  .473 .801 .665 .640   G    SO
15           Andy Kaufmann  21.3 31 1990-91       Illinois 31 30 31.2  7.3 15.5 5.9 12.2 1.3 3.4 5.5         6.5  5.0 2.2 0.6 0.0 3.6 2.4 21.3 .467 .487  .394 .833 .571 .509   F    JR
16             Brian Evans  21.2 31 1995-96        Indiana 31 31 37.3  6.8 15.3 4.8 10.2 2.0 5.1 5.5         6.5  7.1 4.1 1.4 0.6 2.3 1.8 21.2 .447 .475  .392 .847 .577 .513   F    SR
17            Juwan Howard  20.8 30 1993-94       Michigan 30 30 34.9  8.7 15.6 8.7 15.4 0.0 0.2 3.4         5.0  8.9 2.4 1.5 0.7 2.6 3.3 20.8 .557 .563  .143 .675 .578 .558   C    JR
18           Louis Bullock  20.7 31 1998-99       Michigan 31 31 35.1  6.3 15.4 3.9  8.9 2.4 6.4 5.7         6.6  4.1 2.3 1.2 0.2 2.3 2.4 20.7 .410 .433  .377 .864 .560 .488   G    SR
19          Michael Finley  20.5 27 1994-95      Wisconsin 27 27 37.0  6.6 17.4 4.4  9.9 2.1 7.6 5.2         6.7  5.2 4.0 1.9 0.6 3.0 2.7 20.5 .379 .451  .284 .773 .498 .440   F    SR
20         Demetrius Calip  20.5 29 1990-91       Michigan 29 29 35.2  7.4 16.8 4.8 10.3 2.6 6.5 3.1         4.2  3.9 3.5 1.2 0.0 3.3 1.7 20.5 .439 .465  .399 .740 .545 .516   G    SR
21          Michael Finley  20.4 29 1993-94      Wisconsin 29 29 36.1  7.2 15.4 4.9  9.1 2.3 6.3 3.8         4.8  6.7 3.2 1.4 0.7 2.6 2.3 20.4 .466 .538  .363 .786 .578 .540   F    JR
22             Steve Smith  20.2 31 1989-90 Michigan State 31 29 34.9  7.5 14.3 6.1 11.1 1.5 3.2 3.7         5.4  7.0 4.8 0.8 0.5 3.6 2.6 20.2 .526 .545  .459 .695 .600 .577   G    JR
23         Andre Woolridge  20.2 32 1996-97           Iowa 32 32 34.2  6.8 14.8 4.9 10.1 1.8 4.7 4.8 6.5 0.5 2.2  2.7 6.1 1.4 0.3 3.9 1.8 20.2 .458 .489  .389 .749 .565 .519   G    SR
24           Shawn Respert  20.1 28 1992-93 Michigan State 28 28 34.3  6.9 14.3 4.7  9.3 2.1 5.0 4.3         5.0  4.0 2.6 0.9 0.2 2.8 2.0 20.1 .481 .510  .429 .856 .605 .556   G    SO
25            Kendall Gill  20.0 29 1989-90       Illinois 29 29 34.5  7.3 14.6 6.5 12.3 0.8 2.3 4.7         6.0  4.9 3.3 2.2 0.6 2.5 2.3 20.0 .500 .528  .348 .777 .575 .527   G    SR
26              Brian Cook  20.0 30 2002-03       Illinois 30 30 31.3  6.7 14.1 5.8 11.1 0.9 3.0 5.6 6.8 1.5 6.1  7.6 2.0 0.7 0.4 2.8 2.9 20.0 .479 .526  .303 .820 .577 .511   F    SR
27              Jalen Rose  19.9 32 1993-94       Michigan 32 32 36.0  6.9 14.9 5.2 10.1 1.7 4.8 4.4         6.0  5.7 3.9 1.2 0.2 2.7 2.6 19.9 .461 .512  .355 .734 .560 .519   G    JR
28           Geno Carlisle  19.7 27 1995-96   Northwestern 27 26 35.2  6.3 16.0 3.6  8.7 2.7 7.3 4.4         5.7  2.6 2.7 1.0 0.2 2.6 1.9 19.7 .393 .411  .371 .773 .526 .477   G    SO
29             A.J. Guyton  19.7 29 1999-00        Indiana 29 29 34.3  7.0 15.3 4.6  9.4 2.5 5.9 3.1 3.9 0.6 2.5  3.1 2.3 1.0 0.4 2.4 0.9 19.7 .459 .485  .419 .789 .572 .541   G    SR
30            Damon Bailey  19.6 30 1993-94        Indiana 30 30 33.9  6.3 13.0 4.7  9.3 1.6 3.7 5.5         6.9  4.3 4.3 1.5 0.2 3.3 2.5 19.6 .481 .504  .423 .802 .602 .541   G    SR
31          Evan Eschmeyer  19.6 29 1998-99   Northwestern 29 29 32.3  6.2 10.6 6.2 10.6 0.0 0.0 7.2         9.4 10.1 2.6 0.8 1.7 3.2 3.4 19.6 .584       .584 .762 .649 .584   C    SR
32             Deon Thomas  19.6 28 1993-94       Illinois 28 26 29.4  7.4 11.7 7.4 11.6 0.0 0.1 4.8         6.9  6.9 1.5 0.8 1.3 1.9 2.4 19.6 .633 .634  .500 .693 .655 .635   F    SR
33               Acie Earl  19.5 30 1991-92           Iowa 30 30 31.3  7.1 13.3 7.1 13.3 0.0 0.0 5.4         8.1  7.8 0.9 1.0 4.0 2.8 2.3 19.5 .533       .533 .667 .571 .533   F    JR
34            Michael Redd  19.5 36 1998-99     Ohio State 36 36 32.9  7.3 15.6 6.0 11.8 1.3 3.8 3.8 6.1 2.1 3.5  5.6 2.4 1.4 0.1 2.5 1.7 19.5 .466 .506  .341 .614 .529 .507   G    SO
35            Devin Harris  19.5 32 2003-04      Wisconsin 32 32 36.3  5.9 12.9 3.6  6.6 2.3 6.3 5.3 6.8 0.6 3.7  4.3 4.4 1.8 0.1 2.1 1.9 19.5 .459 .540  .373 .792 .606 .550   G    JR
36             Joe Crispin  19.5 33 2000-01     Penn State 33 33 34.0  5.9 15.8 2.6  6.7 3.3 9.2 4.4 5.0 0.5 3.1  3.6 3.3 1.4 0.2 2.9 2.1 19.5 .373 .395  .356 .873 .534 .476   G    SR
37           Kiwane Garris  19.4 32 1996-97       Illinois 32 32 34.0  5.3 13.4 3.0  7.2 2.4 6.2 6.4         7.7  3.5 5.6 1.6 0.1 2.5 2.4 19.4 .400 .411  .386 .833 .571 .488   G    SR
38             Deon Thomas  19.4 28 1991-92       Illinois 28 26 33.8  7.1 12.1 7.1 12.1 0.0 0.0 5.1         7.8  6.9 0.7 0.9 1.6 2.7 1.5 19.4 .585       .585 .661 .611 .585   F    SO
39           Willie Burton  19.3 32 1989-90      Minnesota 32 31 31.3  6.6 12.7 4.9  8.4 1.6 4.3 4.5         5.8  6.4 1.8 1.2 0.8 2.7 2.8 19.3 .519 .587  .382 .770 .624 .583   F    SR
40            Jimmy Oliver  19.2 29 1990-91         Purdue 29 29 35.4  6.5 14.0 3.8  7.7 2.7 6.3 3.4 4.0 1.4 3.2  4.6 3.1 0.7 0.3 2.5 1.6 19.2 .466 .495  .429 .861 .604 .563   G    SR
41        Chris Webber III  19.2 36 1992-93       Michigan 36 36 31.6  7.8 12.6 7.1 10.4 0.8 2.2 2.8 5.1 4.3 5.8 10.1 2.5 1.4 2.5 2.9 2.8 19.2 .619 .679  .338 .552 .638 .649   F    SO
42         Rumeal Robinson  19.2 30 1989-90       Michigan 30 30 34.0  6.7 13.7 5.1  9.8 1.6 3.9 4.2         6.2  3.0 6.1 1.4 0.5 4.0 3.3 19.2 .490 .522  .410 .676 .577 .549   G    SR
43            Ray Thompson  19.1 10 1989-90           Iowa 10  7 29.5  7.5 14.0 6.5 10.6 1.0 3.4 3.1         4.5  5.2 2.1 2.3 0.5 3.2 2.2 19.1 .536 .613  .294 .689 .592 .571   G    SO
44             Kirk Haston  19.0 33 2000-01        Indiana 33 28 30.8  7.4 16.7 6.6 14.6 0.8 2.1 3.5 5.0 2.4 6.3  8.7 1.2 1.1 1.2 2.4 2.8 19.0 .440 .449  .377 .687 .496 .464   C    JR
45           Voshon Lenard  18.9 33 1993-94      Minnesota 33 33 31.2  6.6 14.0 4.0  7.7 2.6 6.3 3.1         3.7  3.7 2.2 1.3 0.4 2.0 2.9 18.9 .472 .522  .411 .844 .601 .565   G    JR
46             Jim Jackson  18.9 31 1990-91     Ohio State 31 31 32.2  7.4 14.2 6.8 12.6 0.5 1.6 3.6         4.8  5.5 4.3 1.8 0.8 3.2 2.2 18.9 .517 .541  .333 .752 .572 .536   G    SO
47        Jarrett Stephens  18.8 35 1999-00     Penn State 35 35 34.9  7.4 13.1 7.3 12.6 0.1 0.5 3.8 5.4 4.1 6.4 10.5 1.4 1.8 0.6 2.4 2.1 18.8 .566 .577  .294 .698 .599 .572   F    SR
48             Joe Crispin  18.5 35 1999-00     Penn State 35 35 33.9  5.5 14.3 3.1  7.3 2.4 6.9 5.2 5.8 0.4 3.0  3.3 5.1 1.0 0.2 3.9 1.9 18.5 .385 .422  .346 .892 .545 .469   G    JR
49            Woody Austin  18.5 33 1991-92         Purdue 33 33 32.6  7.0 15.2 5.4 11.2 1.7 3.9 2.8         3.3  4.8 2.9 1.0 0.2 2.2 2.3 18.5 .464 .478  .423 .827 .552 .519   G    SR
50           Bracey Wright  18.5 29 2003-04        Indiana 29 29 38.3  5.6 14.9 3.2  7.9 2.4 7.0 4.9 6.2 1.3 4.1  5.4 2.4 0.9 0.5 2.3 1.6 18.5 .374 .402  .343 .789 .517 .455   G    SO
51           Cuonzo Martin  18.4 32 1994-95         Purdue 32 28 30.0  6.0 13.7 3.2  7.6 2.8 6.1 3.6         4.5  3.9 2.2 0.7 0.2 1.5 1.1 18.4 .439 .416  .469 .799 .584 .543   F    SR
52             Deon Thomas  18.3 32 1992-93       Illinois 32 30 34.3  7.0 11.6 7.0 11.6 0.0 0.0 4.3         6.6  8.0 1.2 0.5 1.3 1.8 2.2 18.3 .606       .606 .646 .622 .606   F    JR
53             Brent Darby  18.3 32 2002-03     Ohio State 32 32 38.1  5.1 13.5 3.4  8.4 1.7 5.1 6.4 7.9 0.5 3.3  3.9 4.4 1.8 0.1 3.6 2.7 18.3 .378 .401  .340 .810 .532 .442   G    SR
54            Sam Jacobson  18.2 32 1997-98      Minnesota 32 31 31.3  6.7 15.8 5.2 11.2 1.5 4.6 3.3         4.5  5.2 1.8 1.3 0.2 1.8 2.6 18.2 .426 .468  .324 .727 .508 .473   F    SR
55             Terry Mills  18.1 31 1989-90       Michigan 31 31 31.0  7.6 13.1 7.6 13.1 0.0 0.0 2.8         3.7  8.0 2.2 1.2 0.9 2.4 2.6 18.1 .585       .585 .759 .611 .585   C    SR
56             Luke Recker  18.1 18 2000-01           Iowa 18 18 33.6  5.6 12.8 3.0  6.7 2.6 6.1 4.3 5.0 0.9 3.1  3.9 2.7 1.1 0.1 1.8 2.3 18.1 .439 .446  .431 .856 .598 .541   G    JR
57             Kevin Lynch  18.1 28 1990-91      Minnesota 28 27 33.9  6.8 14.8 5.3 10.9 1.5 3.8 3.0         3.6  4.3 3.2 1.7 0.3 2.1 2.0 18.1 .460 .484  .393 .832 .549 .511   G    SR
58           James Winters  18.0 23 1993-94           Iowa 23 23 27.1  6.3 13.7 6.1 13.0 0.3 0.7 5.0         7.9  6.6 2.0 1.1 1.1 3.6 2.7 18.0 .462 .467  .375 .641 .515 .472   F    SR
59             Jitim Young  17.9 29 2003-04   Northwestern 29 29 38.2  6.3 11.8 5.2  8.3 1.1 3.5 4.2 6.6 2.2 3.8  6.0 2.1 2.3 0.0 2.4 2.2 17.9 .534 .625  .317 .647 .602 .581   G    SR
60          Marcus Liberty  17.8 29 1989-90       Illinois 29 29 33.0  7.0 13.8 6.7 13.1 0.3 0.7 3.6         4.7  7.1 1.3 1.1 0.9 1.6 3.0 17.8 .508 .515  .381 .763 .557 .518   F    JR
61        LaVell Blanchard  17.8 28 2000-01       Michigan 28 27 33.3  6.2 14.0 4.4  9.7 1.8 4.3 3.7 4.7 3.2 5.2  8.4 1.8 0.5 0.4 2.3 3.1 17.8 .442 .458  .408 .788 .550 .505   F    SO
62          Alan Henderson  17.8 30 1993-94        Indiana 30 29 32.8  6.6 12.4 6.5 12.2 0.1 0.2 4.5         6.9 10.3 1.2 1.3 1.9 2.0 3.0 17.8 .531 .534  .333 .657 .566 .534   F    JR
63            Willie Deane  17.8 30 2002-03         Purdue 30 30 28.8  5.5 13.1 3.9  8.1 1.6 5.0 5.3 6.7 0.8 4.3  5.0 2.2 1.7 0.2 2.3 2.5 17.8 .417 .475  .322 .782 .546 .478   G    SR
64            Kevin Turner  17.7 33 1997-98       Illinois 33 33 33.2  6.5 15.5 4.2  9.1 2.4 6.4 2.3         3.2  3.2 2.8 1.3 0.1 2.8 1.8 17.7 .420 .457  .368 .717 .519 .496   G    SR
65             Danny Jones  17.7 31 1989-90      Wisconsin 31 31 33.6  6.9 13.3 6.9 13.2 0.0 0.1 3.8         6.1  4.5 0.8 0.6 0.5 2.2 2.9 17.7 .522 .527  .000 .628 .547 .522   F    SR
66         Calbert Cheaney  17.6 34 1991-92        Indiana 34 32 29.1  6.7 12.8 5.7 10.3 1.0 2.5 3.3         4.1  4.9 1.4 1.1 0.2 1.9 2.5 17.6 .522 .556  .384 .800 .597 .560   G    JR
67             Rex Walters  17.6 28 1989-90   Northwestern 28 28 31.9  6.5 12.9 4.6  8.9 1.9 4.0 2.8         3.5  2.7 4.5 1.2 0.3 2.9 2.9 17.6 .503 .516  .473 .794 .606 .576   G    SO
68              Jalen Rose  17.6 34 1991-92       Michigan 34 33 33.1  6.1 12.5 5.0  9.2 1.1 3.3 4.4         5.8  4.3 4.0 1.1 0.2 3.4 2.2 17.6 .486 .543  .324 .756 .577 .528   G    FR
69             Brian Evans  17.4 31 1994-95        Indiana 31 29 33.9  5.7 12.4 3.8  7.9 1.9 4.5 4.1         5.2  6.7 3.3 0.8 0.5 2.3 2.5 17.4 .462 .488  .417 .783 .585 .538   F    JR
70           Andy Kaufmann  17.3 31 1992-93       Illinois 31 25 29.1  5.9 14.0 4.7 10.5 1.2 3.4 4.3         5.4  4.1 2.4 0.5 0.0 3.6 2.2 17.3 .423 .446  .349 .798 .524 .465   F    SR
71           Tracy Webster  17.3 31 1991-92      Wisconsin 31 31 34.7  6.0 13.5 3.6  8.6 2.4 4.9 2.9         3.7  3.7 4.9 1.5 0.2 3.6 2.1 17.3 .444 .417  .490 .783 .567 .533   G    SO
72           Voshon Lenard  17.3 31 1994-95      Minnesota 31 31 32.2  5.6 13.6 3.0  5.7 2.6 7.9 3.5         4.5  4.3 2.6 1.0 0.3 1.6 2.3 17.3 .412 .522  .332 .759 .548 .508   G    SR
73            Michael Redd  17.3 30 1999-00     Ohio State 30 30 33.5  6.6 15.1 5.4 11.5 1.1 3.6 3.0 3.9 1.9 4.7  6.5 2.1 1.2 0.2 2.1 1.9 17.3 .436 .474  .315 .776 .511 .473   G    JR
74            Willie Deane  17.3 30 2001-02         Purdue 30 23 29.5  5.6 13.0 3.5  7.5 2.1 5.5 3.9 5.1 0.4 2.2  2.6 3.3 1.5 0.4 3.1 2.9 17.3 .432 .471  .380 .765 .559 .513   G    JR
75        Rashard Griffith  17.2 26 1994-95      Wisconsin 26 26 29.1  6.4 11.3 6.4 11.3 0.0 0.0 4.3         7.5 10.8 0.8 0.4 2.2 2.9 2.7 17.2 .566       .566 .579 .577 .566   C    SO
76             Brad Miller  17.2 34 1997-98         Purdue 34 32 29.2  5.6  8.9 5.5  8.6 0.1 0.3 5.9         7.5  8.9 2.5 1.2 1.6 3.0 2.7 17.2 .632 .644  .300 .780 .690 .637   C    SR
77             Luke Recker  17.1 35 2001-02           Iowa 35 32 33.3  5.7 12.9 3.1  6.5 2.6 6.4 3.1 3.5 0.8 2.6  3.4 2.5 1.6 0.4 2.8 2.5 17.1 .444 .476  .413 .885 .591 .547   G    SR
78           Voshon Lenard  17.1 31 1992-93      Minnesota 31 30 28.5  6.2 12.9 4.3  7.8 1.9 5.1 2.9         3.6  3.6 2.6 1.6 0.3 1.8 2.4 17.1 .481 .556  .367 .802 .588 .554   G    SO
79         Calbert Cheaney  17.1 29 1989-90        Indiana 29 29 32.0  6.9 12.0 6.0 10.2 0.9 1.8 2.5         3.3  4.6 1.7 0.8 0.6 1.8 2.7 17.1 .572 .586  .490 .750 .629 .608   G    FR
80           Louis Bullock  17.1 34 1997-98       Michigan 34 34 33.3  5.4 12.1 2.6  6.0 2.7 6.1 3.6         4.0  3.3 2.9 0.9 0.2 2.4 1.8 17.1 .443 .436  .449 .911 .610 .556   G    JR
81             Chad Austin  17.0 30 1996-97         Purdue 30 30 34.4  5.4 13.4 3.1  7.4 2.3 6.0 3.9         5.0  3.5 2.3 1.1 0.2 3.2 1.7 17.0 .403 .414  .389 .773 .539 .490   G    JR
82             Chad Austin  17.0 35 1997-98         Purdue 35 35 32.7  6.1 14.2 4.1  8.5 1.9 5.7 2.9         3.9  3.7 3.7 1.3 0.1 2.4 1.5 17.0 .427 .488  .335 .763 .529 .494   G    SR
83               Acie Earl  16.9 32 1992-93           Iowa 32 32 31.0  6.3 12.6 6.3 12.5 0.0 0.1 4.3         6.1  8.9 1.3 1.3 2.8 3.4 2.2 16.9 .505 .509  .000 .701 .548 .505   F    SR
84            John Amaechi  16.9 25 1993-94     Penn State 25 25 33.5  5.0  9.7 4.8  9.1 0.2 0.6 6.8         9.8  8.9 1.5 0.9 2.3 2.6 2.4 16.9 .510 .526  .267 .698 .589 .519   C    JR
85            Scoonie Penn  16.9 36 1998-99     Ohio State 36 36 34.6  5.6 12.5 3.2  6.1 2.4 6.4 3.3 4.4 0.5 3.4  3.9 4.3 1.9 0.1 2.7 2.2 16.9 .449 .516  .384 .741 .580 .547   G    JR
86           Cedric Neloms  16.8 26 1992-93   Northwestern 26 22 30.3  6.0 13.3 5.7 12.2 0.3 1.1 4.6         6.3  5.2 1.0 1.0 0.2 2.7 2.0 16.8 .449 .464  .286 .732 .518 .461   F    SO
87         Morris Peterson  16.8 39 1999-00 Michigan State 39 38 29.1  5.6 12.0 3.4  6.9 2.2 5.1 3.5 4.5 2.0 4.0  6.0 1.3 1.2 0.3 2.2 2.0 16.8 .465 .494  .425 .773 .594 .555   F    SR
88              Sean Mason  16.8 32 1998-99      Wisconsin 32 32 29.3  5.1 13.1 2.6  6.6 2.4 6.5 4.3         5.3  4.3 1.9 0.9 0.4 2.5 2.4 16.8 .387 .398  .375 .811 .540 .480   G    SR
89           Marcus Taylor  16.8 29 2001-02 Michigan State 29 29 34.4  5.7 14.1 3.6  8.4 2.1 5.7 3.4 4.2 0.4 2.4  2.9 5.3 1.1 0.1 3.1 1.8 16.8 .400 .426  .361 .813 .521 .473   G    SO
90             A.J. Guyton  16.8 32 1997-98        Indiana 32 30 34.0  5.9 12.6 3.4  6.9 2.5 5.6 2.6         3.3  3.5 3.7 1.2 0.3 2.5 1.9 16.8 .468 .491  .439 .766 .593 .566   G    SO
91        Walker Lambiotte  16.8 27 1989-90   Northwestern 27 25 30.6  6.5 13.3 6.2 12.5 0.3 0.8 3.4         5.5  4.9 2.7 1.8 0.3 2.6 2.6 16.8 .490 .497  .381 .624 .527 .501   F    SR
92         Steve Scheffler  16.8 30 1989-90         Purdue 30 30 33.2  5.8  8.3 5.8  8.3 0.0 0.0 5.2         6.5  6.1 1.2 0.3 0.2 2.0 2.1 16.8 .698       .698 .805 .738 .698   C    SR
93         Chris Kingsbury  16.8 33 1994-95           Iowa 33 25 28.2  5.1 12.8 1.6  3.8 3.5 9.0 3.0         3.7  2.7 1.7 1.2 0.2 1.8 2.8 16.8 .400 .413  .394 .803 .575 .538   G    SO
94          Jamal Crawford  16.6 17 1999-00       Michigan 17 16 33.9  6.2 15.0 4.2  9.1 1.9 5.9 2.4 3.0 0.4 2.4  2.8 4.5 1.1 0.9 3.1 1.1 16.6 .412 .468  .327 .784 .507 .476   G    FR
95             Greg Graham  16.5 35 1992-93        Indiana 35 32 31.9  5.1  9.3 3.5  6.2 1.6 3.2 4.6         5.5  3.2 2.9 1.3 0.2 1.9 2.0 16.5 .550 .569  .514 .825 .688 .638   G    SR
96    Lawrence Funderburke  16.3 28 1992-93     Ohio State 28 28 31.4  6.6 12.5 6.6 12.4 0.0 0.1 3.0         4.8  6.8 1.2 0.8 1.9 2.0 1.8 16.3 .533 .535  .333 .622 .553 .534   F    JR
97           Eric Anderson  16.3 29 1989-90        Indiana 29 28 33.0  6.3 11.7 6.2 11.4 0.1 0.2 3.7         5.1  7.0 0.8 0.3 0.6 2.2 2.8 16.3 .537 .542  .286 .728 .578 .540   F    SO
98          Quinton Brooks  16.3 31 1995-96 Michigan State 31 29 27.4  6.3 11.2 6.3 10.9 0.0 0.2 3.7         4.9  5.6 0.6 1.0         0.6 16.3 .564 .572  .143 .750 .604 .565   F    SR
99           Cuonzo Martin  16.3 34 1993-94         Purdue 34 34 32.3  5.7 12.4 3.1  6.6 2.6 5.8 2.2 3.0 2.0 2.3  4.3 1.9 0.7 0.1 2.0 1.6 16.3 .463 .476  .449 .735 .589 .568   F    JR
100           Pete Lisicky  16.3 27 1996-97     Penn State 27 26 35.0  5.5 13.2 2.2  4.6 3.3 8.6 2.0         2.3  3.1 2.3 0.9 0.1 2.1 1.6 16.3 .416 .480  .382 .885 .570 .541   G    JR
101          Louis Bullock  16.3 35 1996-97       Michigan 35 35 33.3  5.2 11.3 2.3  5.2 2.9 6.1 3.0         3.7  3.0 2.2 1.1 0.1 1.7 1.9 16.3 .457 .440  .472 .828 .623 .585   G    SO
102              Acie Earl  16.3 32 1990-91           Iowa 32 24 28.8  5.6 11.1 5.6 11.1 0.0 0.0 5.0         7.6  6.7 1.5 0.9 3.3 3.6 3.0 16.3 .503 .501 1.000 .665 .552 .504   F    SO
103            Brian Brown  16.3 32 2001-02     Ohio State 32 32 33.3  5.7 11.6 4.7  8.9 1.1 2.8 3.8 4.9 0.8 3.2  4.0 3.3 0.9 0.1 2.5 1.5 16.3 .492 .525  .386 .759 .582 .538   G    SR
104            Doug Etzler  16.3 28 1994-95     Ohio State 28 28 35.1  5.8 12.9 3.0  6.5 2.8 6.4 1.8 2.0 0.7 2.0  2.7 3.9 0.8 0.0 2.0 2.1 16.3 .453 .467  .438 .895 .588 .561   G    SR
105         Robert Traylor  16.2 34 1997-98       Michigan 34 34 32.1  6.6 11.4 6.6 11.4 0.0 0.0 3.1         4.8 10.1 2.6 1.3 1.4 3.2 3.2 16.2 .579 .580  .000 .642 .595 .579   C    JR
106            Kirk Penney  16.2 32 2002-03      Wisconsin 32 32 35.0  5.7 12.8 3.8  7.8 1.9 5.0 2.8 3.8 0.6 5.4  6.0 3.1 0.8 0.2 2.5 1.7 16.2 .446 .486  .385 .752 .555 .522   G    SR
107          Bracey Wright  16.2 30 2002-03        Indiana 30 30 33.6  5.2 12.1 3.0  6.2 2.2 5.9 3.5 4.7 1.4 3.6  5.0 2.1 0.8 0.6 2.1 2.0 16.2 .433 .487  .375 .752 .565 .523   G    FR
108         Frank Williams  16.2 35 2001-02       Illinois 35 34 32.4  5.0 12.7 3.4  8.1 1.5 4.5 4.7 5.8 0.9 3.7  4.7 4.4 2.0 0.3 2.7 2.1 16.2 .393 .423  .340 .808 .525 .454   G    JR
109       LaVell Blanchard  16.2 30 2002-03       Michigan 30 30 32.0  5.2 12.4 3.0  7.1 2.2 5.3 3.5 4.3 1.9 5.0  6.8 1.0 0.6 0.3 1.8 2.7 16.2 .422 .425  .418 .814 .560 .511   F    SR
110          Pierre Pierce  16.1 29 2003-04           Iowa 29 29 34.5  6.0 12.6 5.6 10.9 0.4 1.6 3.7 6.5 1.7 4.0  5.7 3.7 0.9 0.3 4.0 2.4 16.1 .478 .511  .255 .574 .516 .495   G    SO
111         Mateen Cleaves  16.1 30 1997-98 Michigan State 30 29 33.5  5.4 13.4 3.7  8.4 1.7 5.1 3.7         5.3  2.5 7.2 2.4 0.2 3.9 2.7 16.1 .400 .438  .336 .703 .506 .463   G    SO
112            Jim Jackson  16.1 30 1989-90     Ohio State 30 30 34.5  6.5 13.0 5.8 11.0 0.7 2.0 2.4         3.1  5.5 3.7 1.3 0.5 3.2 2.7 16.1 .499 .524  .356 .785 .556 .526   G    FR
113           John Amaechi  16.1 32 1994-95     Penn State 32 32 34.6  5.3  9.4 5.2  9.2 0.1 0.2 5.5         8.1  9.9 1.7 0.7 2.1 3.1 2.1 16.1 .560 .565  .333 .677 .607 .563   C    SR
114            Luke Recker  16.1 34 1998-99        Indiana 34 33 31.8  5.4 12.5 3.5  7.3 1.9 5.2 3.5         4.6  4.0 2.6 1.7 0.3 2.3 2.4 16.1 .428 .474  .364 .747 .546 .504   G    SO
115      Gyasi Cline-Heard  16.0 33 2000-01     Penn State 33 33 33.4  5.5 11.0 5.5 10.9 0.0 0.1 5.0 6.8 3.0 5.2  8.2 1.8 1.3 1.5 1.7 2.9 16.0 .501 .503  .333 .735 .564 .503   F    SR
116            A.J. Guyton  16.0 34 1998-99        Indiana 34 34 34.1  5.8 12.8 3.6  7.3 2.2 5.5 2.1         2.8  3.4 2.6 0.6 0.4 2.3 1.2 16.0 .455 .492  .406 .755 .566 .543   G    JR
117          Kiwane Garris  15.9 31 1994-95       Illinois 31 30 33.5  4.8 11.0 3.4  7.2 1.5 3.8 4.8         5.7  2.8 3.8 1.2 0.0 2.4 2.4 15.9 .439 .466  .387 .831 .579 .506   G    SO
118          Kiwane Garris  15.9 28 1993-94       Illinois 28 27 31.8  4.8 11.0 3.7  7.9 1.0 3.1 5.4         6.7  3.5 3.8 1.2 0.0 2.8 2.1 15.9 .433 .473  .333 .803 .563 .480   G    FR
119            Ray Jackson  15.8 31 1994-95       Michigan 31 31 33.5  5.7 11.9 4.9  9.4 0.8 2.5 3.6 4.7 2.1 3.2  5.3 3.0 1.1 0.3 3.7 2.9 15.8 .478 .524  .308 .774 .559 .511   F    SR
120        Chauncey Leslie  15.8 31 2002-03           Iowa 31 31 36.2  5.8 11.7 5.0  9.0 0.8 2.8 3.5 4.4 1.3 3.2  4.5 2.9 1.5 0.5 2.5 2.4 15.8 .492 .554  .291 .781 .571 .526   G    SR
121             Paul Davis  15.8 30 2003-04 Michigan State 30 30 28.2  5.4  9.6 5.3  9.1 0.2 0.5 4.8 6.0 2.1 4.2  6.2 2.0 1.5 0.6 2.5 2.9 15.8 .568 .581  .333 .799 .637 .577   C    SO
122          Shawn Respert  15.8 30 1991-92 Michigan State 30 30 31.8  5.8 11.5 3.8  7.1 2.0 4.4 2.3         2.6  2.1 2.1 1.1 0.1 2.6 1.7 15.8 .503 .533  .455 .872 .622 .590   G    FR
123            Titus Ivory  15.8 33 2000-01     Penn State 33 33 31.1  4.8 10.9 2.4  4.8 2.4 6.1 3.8 4.2 1.3 3.1  4.4 4.5 2.5 0.5 2.5 3.0 15.8 .440 .497  .395 .899 .612 .550   G    SR
124           Rick Rickert  15.6 32 2002-03      Minnesota 32 31 30.8  5.8 13.0 4.5  9.4 1.3 3.6 2.8 4.1 1.8 4.4  6.2 1.2 0.8 0.8 2.1 2.7 15.6 .442 .477  .353 .682 .521 .492   F    SO
125           Jess Settles  15.6 26 1994-95           Iowa 26 19 24.4  5.3 11.3 4.1  7.8 1.2 3.5 3.7         4.7  6.2 2.0 1.2     0.2 2.8 15.6 .469 .522  .352 .802 .576 .524   F    SO
126           Scoonie Penn  15.6 30 1999-00     Ohio State 30 30 35.0  4.9 12.7 2.7  5.8 2.2 6.9 3.6 4.8 0.4 3.9  4.4 4.3 2.2 0.1 2.6 2.0 15.6 .386 .474  .313 .755 .520 .471   G    SR
127           Pete Lisicky  15.6 32 1997-98     Penn State 32 32 32.3  4.8 11.9 2.1  4.6 2.7 7.3 3.3         3.7  2.8 3.5 1.1 0.1 1.6 1.7 15.6 .402 .456  .368 .891 .569 .514   G    SR
128       Chris Webber III  15.5 34 1991-92       Michigan 34 34 32.0  6.7 12.1 6.3 10.5 0.4 1.6 1.6         3.3 10.0 2.2 1.6 2.5 2.8 2.9 15.5 .556 .601  .259 .496 .567 .573   F    FR
129             Loy Vaught  15.5 31 1989-90       Michigan 31 31 30.0  6.4 10.7 6.4 10.6 0.0 0.0 2.8         3.5 11.2 1.0 0.5 0.8 1.5 3.2 15.5 .595 .597  .000 .804 .629 .595   F    SR
130             Sean Mason  15.5 31 1997-98      Wisconsin 31 26 26.5  4.8 12.2 3.1  7.0 1.7 5.2 4.1         5.1  3.4 1.5 0.5 0.4 3.1 2.8 15.5 .394 .438  .335 .815 .530 .466   G    JR
131           Reggie Evans  15.4 34 2001-02           Iowa 34 31 34.0  5.0 10.0 5.0 10.0 0.0 0.0 5.5 8.9 3.6 7.5 11.1 1.3 1.6 0.5 2.7 3.0 15.4 .496 .497  .000 .619 .542 .496   F    SR
132          Kiwane Garris  15.4 25 1995-96       Illinois 25 22 31.4  4.7 12.6 3.2  8.0 1.5 4.7 4.5         5.2  3.4 3.9 1.7 0.0 1.4 1.9 15.4 .373 .402  .325 .862 .511 .434   G    JR
133          Cory Bradford  15.4 32 1998-99       Illinois 32 32 35.2  5.4 14.1 2.8  7.7 2.7 6.4 1.9         2.8  2.6 1.9 0.8 0.0 2.4 1.9 15.4 .387 .363  .415 .678 .501 .481   G    FR
134             Jalen Rose  15.4 36 1992-93       Michigan 36 36 34.3  5.6 12.6 4.7  9.8 0.9 2.9 3.2 4.5 1.0 3.1  4.2 3.9 1.2 0.4 3.1 2.3 15.4 .446 .483  .320 .720 .522 .482   G    SO
135           Calvin Booth  15.3 27 1998-99     Penn State 27 26 34.9  5.8 11.3 5.8 11.1 0.0 0.2 3.7         4.8  8.7 0.9 0.6 3.5 2.3 2.2 15.3 .513 .523  .000 .775 .564 .513   C    SR
136           Jess Settles  15.3 27 1993-94           Iowa 27 27 27.3  5.8 10.1 5.2  8.5 0.6 1.6 3.2         4.0  7.5 2.3 1.5 0.1 3.2 3.0 15.3 .574 .609  .381 .789 .639 .603   F    FR
137             Kirk Manns  15.3 31 1989-90 Michigan State 31 24 28.9  5.2 10.5 2.6  4.8 2.6 5.7 2.3         2.6  1.8 1.8 0.5 0.0 1.5 1.5 15.3 .495 .544  .455 .864 .650 .619   G    SR
138          Cory Bradford  15.3 32 1999-00       Illinois 32 32 32.8  4.9 13.2 1.9  5.2 3.0 8.0 2.6 3.5 0.6 1.9  2.5 2.0 1.0 0.0 1.6 1.3 15.3 .371 .361  .376 .732 .517 .485   G    SO
139            Kirk Haston  15.3 29 1999-00        Indiana 29 27 27.4  5.8 11.7 5.8 11.6 0.0 0.1 3.7 5.1 2.0 6.3  8.3 1.4 0.8 1.2 2.1 2.9 15.3 .496 .499  .000 .730 .542 .496   C    SO
140           Kevin Rankin  15.3 27 1992-93   Northwestern 27 27 33.1  5.4 10.4 5.4 10.3 0.0 0.1 4.4         6.0  8.4 2.1 1.4 1.0 3.1 2.0 15.3 .523 .527  .000 .730 .576 .523   C    JR
141           Kevin Rankin  15.3 29 1993-94   Northwestern 29 28 30.8  5.6 11.2 5.3 10.2 0.3 1.0 3.7         4.9  8.2 3.5 0.9 1.3 2.9 2.9 15.3 .500 .515  .345 .759 .564 .515   C    SR
142          Bobby Jackson  15.3 35 1996-97      Minnesota 35 35 31.5  5.5 12.4 4.6  9.6 0.9 2.8 3.5         4.4  6.1 4.0 2.1 0.2 2.3 3.0 15.3 .441 .476  .320 .786 .528 .477   G    SR
143          Daniel Horton  15.2 30 2002-03       Michigan 30 30 36.1  5.0 13.5 2.6  6.3 2.5 7.2 2.7 3.5 0.5 1.8  2.3 4.5 1.4 0.4 3.7 2.6 15.2 .372 .405  .343 .764 .501 .463   G    FR
144   Lawrence Funderburke  15.2 29 1993-94     Ohio State 29 20 29.2  6.5 11.9 6.4 11.7 0.1 0.2 2.2         3.7  6.6 1.0 0.4 0.8 1.7 1.8 15.2 .545 .550  .286 .594 .558 .548   F    SR
145         Jaraan Cornell  15.2 34 1998-99         Purdue 34 34 30.7  5.0 12.4 2.5  5.2 2.5 7.2 2.6         3.4  2.8 2.1 1.4 0.1 1.9 2.3 15.2 .406 .489  .347 .789 .544 .507   G    JR
146           Perry Carter  15.2 29 1989-90     Ohio State 29 26 29.2  5.9 11.0 5.9 10.9 0.0 0.0 3.3         5.1  7.8 1.1 0.8 0.9 3.1 3.2 15.2 .541 .543  .000 .644 .566 .541   C    JR
147           Jess Settles  15.1 32 1995-96           Iowa 32 32 28.0  5.6 11.7 4.3  8.1 1.3 3.6 2.7 3.6 2.5 5.0  7.5 3.1 1.5     0.3 3.0 15.1 .477 .535  .348 .741 .563 .531   F    JR
148           Reggie Evans  15.1 35 2000-01           Iowa 35 35 34.9  4.4  9.3 4.4  9.3 0.0 0.0 6.2 9.9 4.1 7.8 11.9 1.6 0.9 0.6 3.9 3.1 15.1 .475 .474 1.000 .630 .539 .477   F    JR
149         Damon Stringer  15.1 27 1996-97     Ohio State 27 26 31.0  5.3 11.8 3.2  7.1 2.0 4.7 2.5 3.0 0.5 2.0  2.5 4.4 1.9 0.3 3.8 3.4 15.1 .445 .455  .430 .840 .569 .531   G    SO
150            Deon Thomas  15.1 30 1990-91       Illinois 30 28 31.1  5.7  9.9 5.7  9.9 0.0 0.0 3.6         5.6  6.8 0.6 0.3 1.8 1.9 2.3 15.1 .577       .577 .643 .598 .577   F    FR
151            Kirk Penney  15.1 32 2001-02      Wisconsin 32 32 32.5  5.2 11.5 3.3  6.5 1.9 5.0 2.7 3.5 1.0 3.9  4.9 1.7 0.6 0.1 2.5 2.1 15.1 .454 .507  .385 .768 .572 .538   G    JR
152         Jared Jeffries  15.0 36 2001-02        Indiana 36 36 32.6  5.3 11.5 4.5  9.5 0.8 2.0 3.7 5.6 2.5 5.1  7.6 2.1 1.5 1.3 2.8 2.4 15.0 .457 .472  .380 .667 .529 .489   F    SO
153            Ricky Davis  15.0 31 1997-98           Iowa 31 26 26.6  5.6 12.0 4.7  9.0 0.9 2.9 2.9 4.2 1.8 3.0  4.8 2.4 1.2 0.3 3.4 1.7 15.0 .466 .518  .308 .698 .537 .504   F    FR
154         Derek Anderson  15.0 22 1993-94     Ohio State 22 22 31.6  4.9 10.5 4.0  7.7 1.0 2.8 4.2         5.1  4.9 4.9 2.0 0.1 2.9 2.6 15.0 .466 .512  .339 .814 .576 .511   F    SO
155         Frank Williams  14.9 34 2000-01       Illinois 34 34 32.2  4.9 12.1 3.8  8.5 1.1 3.6 3.9 4.9 0.7 3.0  3.7 4.4 2.0 0.3 2.6 2.1 14.9 .410 .448  .320 .806 .520 .457   G    SO
156          Jamie Skelton  14.9 29 1993-94     Ohio State 29 29 33.2  5.4 14.1 3.3  8.1 2.1 6.0 2.0         2.8  2.8 3.8 1.3 0.2 2.1 2.0 14.9 .384 .413  .345 .720 .483 .457   G    SR
157            Dean Oliver  14.9 35 2000-01           Iowa 35 35 36.5  4.5 11.5 2.6  6.3 1.9 5.1 4.1 5.3 0.7 2.1  2.8 4.8 1.4 0.1 1.7 2.6 14.9 .392 .414  .363 .769 .533 .473   G    SR
158            Jeff Newton  14.9 34 2002-03        Indiana 34 34 33.4  5.0 11.6 4.7 10.6 0.3 1.1 4.5 6.1 2.2 6.1  8.2 2.0 0.7 1.5 2.3 2.9 14.9 .432 .446  .297 .748 .513 .446   F    SR
159             Les Jepsen  14.9 28 1989-90           Iowa 28 28 29.2  5.5  8.9 5.5  8.9 0.0 0.0 3.8         6.2 10.0 1.3 0.8 1.1 2.7 2.0 14.9 .622 .625  .000 .618 .630 .622   C    SR
160         Melvin Newbern  14.8 32 1989-90      Minnesota 32 32 32.0  5.5 11.2 4.9  9.5 0.6 1.6 3.2         4.5  3.3 5.2 2.3 0.3 2.9 2.9 14.8 .496 .518  .365 .713 .559 .522   G    SR
161       LaVell Blanchard  14.8 29 2001-02       Michigan 29 24 29.6  5.2 12.0 3.8  8.0 1.4 4.0 3.1 3.7 2.3 4.1  6.3 1.4 0.9 0.3 2.2 2.9 14.8 .432 .472  .353 .832 .540 .491   F    JR
162         Antonio Watson  14.8 28 1994-95     Ohio State 28 27 33.1  5.9 10.9 5.9 10.7 0.0 0.2 2.9 4.5 2.7 4.4  7.1 1.1 0.5 1.0 3.9 2.8 14.8 .544 .550  .200 .643 .567 .546   C    SR
163             Jimmy King  14.7 31 1994-95       Michigan 31 31 34.2  5.4 12.5 4.5  9.0 0.9 3.5 3.0 4.4 1.5 3.5  5.0 2.9 1.9 0.2 3.0 2.3 14.7 .433 .502  .257 .679 .504 .469   G    SR
164            Kevin Clark  14.7 26 1998-99      Minnesota 26 26 32.2  4.9 10.6 3.2  6.3 1.7 4.3 3.3         4.2  3.8 2.7 1.1 0.1 1.6 1.7 14.7 .460 .503  .396 .773 .583 .540   G    SR
165       Jason Richardson  14.7 33 2000-01 Michigan State 33 32 28.5  5.5 11.0 4.0  7.3 1.5 3.7 2.2 3.2 1.8 4.1  5.9 2.2 1.2 0.8 1.3 2.2 14.7 .503 .554  .402 .689 .589 .570   G    SO
166           Jerry Hester  14.7 33 1997-98       Illinois 33 32 31.6  5.6 12.0 4.4  8.5 1.2 3.5 2.2         2.9  5.3 1.5 0.8 0.2 1.7 2.1 14.7 .471 .520  .351 .771 .552 .522   F    SR
167       Sharif Chambliss  14.7 28 2002-03     Penn State 28 25 34.6  4.6 11.9 1.4  3.6 3.2 8.3 2.3 2.5 0.4 1.6  2.0 1.9 1.1 0.0 1.9 2.3 14.7 .387 .396  .384 .901 .560 .521   G    JR
168             Val Barnes  14.7 32 1992-93           Iowa 32 32 30.8  5.4 12.3 4.1  8.7 1.3 3.6 2.5         3.3  3.2 2.1 1.3 0.1 1.9 1.0 14.7 .441 .473  .365 .764 .530 .495   G    SR
169          Dusty Rychart  14.6 31 2000-01      Minnesota 31 30 32.4  5.5 10.9 5.2  9.8 0.3 1.1 3.4 4.0 3.1 4.8  8.0 1.5 1.1 0.5 1.9 2.7 14.6 .504 .528  .294 .832 .573 .519   F    JR
170       Sharif Chambliss  14.6 28 2001-02     Penn State 28 19 31.5  4.5 11.5 1.0  3.1 3.5 8.4 2.0 2.3 0.6 1.8  2.4 1.6 1.2 0.1 1.3 1.7 14.6 .396 .326  .421 .891 .583 .550   G    SO
171             Tony Jones  14.6 30 1989-90         Purdue 30 30 37.5  5.5 11.8 4.9  9.8 0.5 2.0 3.2         5.2  2.9 5.7 1.2 0.4 2.7 2.0 14.6 .465 .503  .271 .605 .513 .487   G    SR
172           Juwan Howard  14.6 36 1992-93       Michigan 36 36 31.5  5.7 11.3 5.7 11.3 0.0 0.1 3.1 4.4 2.6 4.8  7.4 1.9 0.6 0.4 2.6 2.8 14.6 .506 .509  .000 .700 .542 .506   C    SO
173           Chris Street  14.5 15 1992-93           Iowa 15 15 26.8  4.9  8.6 4.7  7.4 0.3 1.2 4.4         4.9  9.5 1.3 0.6 0.9 2.5 1.7 14.5 .574 .631  .222 .892 .664 .589   F    JR
174           Willie Simms  14.5 29 1990-91      Wisconsin 29 28 31.8  5.3  9.2 5.2  9.1 0.0 0.1 3.9         6.2  5.1 3.4 0.9     0.1 3.1 14.5 .573 .576  .333 .637 .598 .575   F    SR
175         Mike Peplowski  14.5 28 1992-93 Michigan State 28 27 29.1  5.8  9.0 5.8  9.0 0.0 0.0 3.0         4.5 10.0 1.4 0.2 0.9 2.3 2.8 14.5 .639 .641  .000 .667 .651 .639   C    SR
176            Brian Brown  14.5 31 2000-01     Ohio State 31 31 33.8  5.1 11.4 3.8  8.2 1.3 3.2 3.0 4.2 1.0 3.4  4.4 4.1 1.4 0.2 3.1 2.3 14.5 .446 .463  .404 .710 .539 .503   G    JR
177           Quincy Lewis  14.5 35 1997-98      Minnesota 35 33 29.6  5.6 12.3 4.7  9.3 0.9 3.1 2.3         3.4  5.6 1.9 1.9 1.4 1.4 3.4 14.5 .457 .509  .299 .678 .519 .494   F    JR
178    Bernard Robinson Jr  14.4 28 2000-01       Michigan 28 22 29.0  5.1 10.9 4.1  8.1 1.0 2.8 3.3 4.1 1.4 3.5  4.9 2.3 1.2 0.1 3.3 2.4 14.4 .467 .509  .346 .802 .563 .512   F    FR
179       LaVell Blanchard  14.4 28 1999-00       Michigan 28 27 30.6  5.2 11.6 4.0  8.3 1.2 3.3 2.9 3.5 2.6 5.3  7.9 1.5 0.5 0.5 2.0 2.9 14.4 .448 .481  .363 .827 .545 .498   F    FR
180             Ryan Bowen  14.4 31 1997-98           Iowa 31 30 27.5  5.3  8.8 5.0  8.3 0.3 0.5 3.6 5.2 3.3 5.5  8.7 1.5 2.5 1.3 1.5 2.3 14.4 .603 .607  .533 .689 .641 .618   F    SR
181          Cedric Neloms  14.4 28 1991-92   Northwestern 28 26 27.2  4.7 10.2 4.6 10.0 0.1 0.1 4.8         6.3  4.0 1.1 0.8 0.1 3.0 2.0 14.4 .463 .459  .750 .763 .545 .468   F    FR
182            Brad Miller  14.3 30 1996-97         Purdue 30 30 31.0  4.3  8.0 4.2  7.6 0.1 0.4 5.7         7.3  8.3 2.9 1.8 1.5 2.3 3.3 14.3 .536 .548  .273 .777 .626 .542   C    JR
183            Joe Crispin  14.3 27 1998-99     Penn State 27 24 31.9  4.9 12.3 2.3  5.2 2.5 7.1 2.1         2.3  2.7 3.3 0.8 0.0 2.7 1.9 14.3 .395 .447  .356 .905 .535 .497   G    SO
184           Woody Austin  14.3 12 1990-91         Purdue 12  8 23.8  5.3 11.6 3.0  6.6 2.3 5.0 1.3 1.9 1.3 2.3  3.6 2.4 0.5 0.1 2.3 0.5 14.3 .460 .456  .467 .696 .574 .561   G    JR
185         Vedran Vukusic  14.3 28 2003-04   Northwestern 28 28 36.4  4.9 10.9 2.8  5.4 2.1 5.5 2.3 3.0 1.0 3.3  4.3 2.9 1.5 0.6 2.6 3.1 14.3 .451 .520  .383 .765 .577 .547   F    SO
186           Kevin Rankin  14.3 28 1991-92   Northwestern 28 28 30.6  4.8 10.2 4.8 10.2 0.0 0.0 4.8         5.7  7.6 1.7 1.2 1.6 3.7 3.7 14.3 .465       .465 .831 .551 .465   C    SO
187       Terrance Simmons  14.3 32 2000-01      Minnesota 32 32 31.6  4.8 11.5 2.7  6.3 2.1 5.3 2.7 3.8 0.4 2.4  2.9 3.9 1.3 0.1 2.6 1.4 14.3 .412 .430  .391 .699 .533 .501   G    SR
188         Joel Przybilla  14.2 21 1999-00      Minnesota 21 19 30.4  5.8  9.5 5.8  9.5 0.0 0.0 2.6 5.3 2.6 5.8  8.4 2.4 0.8 3.9 3.7 2.9 14.2 .613       .613 .495 .594 .613   C    SO
189           Rick Rickert  14.2 31 2001-02      Minnesota 31 31 28.1  5.1 10.0 3.7  6.5 1.3 3.6 2.8 3.9 1.7 3.5  5.2 1.5 0.7 1.2 1.9 3.0 14.2 .505 .580  .369 .705 .598 .571   F    FR
190          Jamie Skelton  14.2 28 1992-93     Ohio State 28 21 30.2  4.8 12.0 2.9  6.1 2.0 5.9 2.6         3.6  3.0 2.8 1.1 0.2 1.4 2.4 14.2 .403 .468  .335 .730 .520 .485   G    JR
191         Evan Eschmeyer  14.1 29 1996-97   Northwestern 29 16 27.8  5.1  8.3 5.1  8.3 0.0 0.0 4.0         6.1  8.1 1.6 1.0 1.2 2.3 3.1 14.1 .613       .613 .652 .632 .613   C    SO
192          Tracy Webster  14.1 28 1992-93      Wisconsin 28 28 34.6  5.0 12.6 3.4  7.9 1.6 4.8 2.6         3.2  3.4 6.4 2.4 0.1 2.9 2.1 14.1 .393 .427  .336 .809 .498 .456   G    JR
193       Patrick Tompkins  14.1 30 1990-91      Wisconsin 30 30 36.4  5.5  8.6 5.5  8.5 0.0 0.1 3.2         4.9  8.8 2.6 0.8     0.8 2.2 14.1 .636 .641  .000 .646 .645 .636   C    SR
194          Jermaine Tate  14.1 16 1996-97     Ohio State 16 15 31.6  5.8 10.3 5.8 10.1 0.0 0.2 2.6 4.1 2.7 3.7  6.4 1.3 1.0 0.7 2.8 2.6 14.1 .561 .571  .000 .621 .576 .561   F    SO
195         Deron Williams  14.0 30 2003-04       Illinois 30 29 33.9  4.9 12.0 2.7  6.3 2.2 5.7 2.0 2.5 0.5 2.8  3.2 6.2 1.0 0.3 2.5 2.3 14.0 .408 .421  .394 .787 .531 .501   G    SO
196           Sean Higgins  14.0 26 1989-90       Michigan 26 19 28.0  5.5 11.6 3.8  7.7 1.7 3.9 1.4         1.8  3.6 2.3 0.4 0.4 2.0 2.3 14.0 .470 .495  .422 .804 .562 .541   F    JR
197            Todd Leslie  14.0 28 1990-91   Northwestern 28 27 35.5  4.7 10.3 2.4  5.7 2.3 4.5 2.3         2.8  2.6 2.0 0.9 0.1 2.5 2.6 14.0 .460 .419  .512 .797 .604 .573   G    SO
198        Andre Woolridge  14.0 33 1994-95           Iowa 33 32 29.1  4.6  9.7 3.9  7.8 0.7 1.9 4.0         5.2  2.5 5.8 1.3 0.2 2.6 1.7 14.0 .478 .500  .387 .766 .574 .516   G    SO
199         Maurice Taylor  14.0 32 1995-96       Michigan 32 32 28.4  6.1 11.9 6.0 11.8 0.0 0.1 1.8         3.1  7.0 1.3 0.7 0.8 2.1 2.9 14.0 .511 .513  .250 .592 .524 .512   F    SO
200         Brian Cardinal  13.9 32 1999-00         Purdue 32 29 29.5  4.3 10.4 3.0  6.5 1.3 3.9 4.1 5.3 1.9 4.4  6.3 2.2 2.0 0.3 2.3 2.7 13.9 .411 .455  .339 .769 .540 .474   F    SR
[/code]

Provided by [url=https://www.sports-reference.com/sharing.html?utm_source=direct&utm_medium=Share&utm_campaign=ShareTool]Stathead[/url]: [url=https://www.sports-reference.com/stathead/basketball/cbb/player-season-finder.cgi?utm_source=direct&utm_medium=Share&utm_campaign=ShareTool]Found with Stathead. See Full Results.[/url]
Generated 6/11/2026.