[code]                                                                                                                                                                                     
                                                                                                                                                                                 Per 
Rk                  Player PTS/G  G  Season           Team  G GS   MP  FG  FGA  2P  2PA  3P 3PA  FT FTA ORB DRB  TRB AST STL BLK TOV  PF  PTS  FG%  2P%  3P%  FT%  TS% eFG% Pos Class
1                Cory Carr  23.3 27 1997-98     Texas Tech 27 27 37.5 7.7 18.3 5.3 11.0 2.5 7.3 5.3         6.1  4.9 2.6 1.1 0.3 2.8 2.4 23.3 .423 .480 .338 .861 .548 .491   G    SR
2                Cory Carr  23.1 28 1996-97     Texas Tech 28 28 37.5 7.6 17.8 4.3  8.9 3.4 8.9 4.5         5.7  4.6 2.9 0.9 0.1 3.5 2.1 23.1 .427 .476 .378 .792 .562 .521   G    JR
3             Marcus Fizer  22.8 37 1999-00     Iowa State 37 37 33.6 8.8 15.2 8.4 14.1 0.4 1.1 4.7 6.5 2.7 5.0  7.7 1.1 0.8 1.1 2.1 2.8 22.8 .582 .600 .357 .732 .625 .595   F    JR
4           Reggie Freeman  21.8 30 1996-97          Texas 30 30 38.4 7.0 18.3 4.8 10.9 2.2 7.4 5.7         7.4  7.6 4.2 1.8 0.5 4.2 2.8 21.8 .380 .436 .297 .769 .499 .440   G    SR
5             Andre Emmett  21.8 34 2002-03     Texas Tech 34 33 37.0 8.7 17.5 8.4 16.4 0.3 1.1 4.0 5.6 2.3 4.4  6.6 1.9 1.9 0.5 2.1 1.5 21.8 .499 .513 .289 .712 .540 .508   G    JR
6               Tyronn Lue  21.2 32 1997-98       Nebraska 32 32 35.9 7.5 17.1 5.1 10.6 2.4 6.5 3.8         4.5  4.3 4.8 2.0 0.1 4.1 2.0 21.2 .439 .479 .373 .828 .550 .510   G    JR
7              Kareem Rush  21.1 26 2000-01       Missouri 26 25 30.6 7.4 16.7 4.7 10.8 2.7 5.9 3.7 4.6 2.2 4.5  6.7 2.0 1.3 0.8 3.3 2.4 21.1 .442 .439 .448 .800 .559 .522   F    SO
8             Corey Brewer  20.8 33 1997-98       Oklahoma 33 33 35.4 6.5 15.1 4.3  9.3 2.2 5.8 5.6         7.1  5.6 3.2 1.6 0.5 3.5 2.8 20.8 .429 .463 .375 .798 .563 .501   G    SR
9             Andre Emmett  20.6 34 2003-04     Texas Tech 34 33 37.0 7.6 14.5 7.2 13.2 0.5 1.3 4.9 6.6 2.0 4.6  6.6 1.8 1.3 0.3 2.1 1.4 20.6 .526 .543 .356 .730 .583 .543   G    SR
10            Nate Erdmann  20.5 30 1996-97       Oklahoma 30 30 36.0 6.9 15.4 3.4  6.8 3.5 8.6 3.3         4.5  4.8 3.1 1.9 0.3 3.0 2.6 20.5 .446 .493 .409 .726 .584 .560   G    SR
11             Paul Pierce  20.4 38 1997-98         Kansas 38 38 30.4 7.6 14.7 6.5 11.6 1.1 3.1 4.3         5.8  6.7 2.6 1.1 1.1 2.9 2.3 20.4 .513 .560 .339 .738 .585 .549   F    JR
12             Drew Gooden  19.8 37 2001-02         Kansas 37 36 30.2 7.7 15.3 7.4 14.3 0.3 1.0 4.2 5.5 3.4 8.0 11.4 2.0 1.8 1.4 2.9 2.5 19.8 .504 .519 .278 .755 .554 .512   F    JR
13             Kareem Rush  19.8 36 2001-02       Missouri 36 35 31.9 6.9 16.3 3.8  8.6 3.1 7.6 2.9 3.7 1.3 3.9  5.2 2.5 1.1 0.6 2.9 2.1 19.8 .426 .444 .405 .769 .549 .521   F    JR
14           Maurice Baker  19.8 30 2000-01 Oklahoma State 30 30 37.4 6.7 12.7 4.5  7.5 2.1 5.2 4.3 5.3 2.5 4.3  6.7 4.2 2.0 0.1 4.2 2.4 19.8 .525 .607 .408 .806 .649 .609   G    JR
15           Raef LaFrentz  19.8 30 1997-98         Kansas 30 30 30.2 7.7 14.1 7.5 13.5 0.3 0.6 4.0         5.5 11.4 1.0 0.9 1.5 2.5 2.4 19.8 .548 .552 .471 .738 .592 .558   F    SR
16        Chauncey Billups  19.1 29 1996-97       Colorado 29 29 32.7 5.2 12.7 2.7  6.2 2.6 6.4 6.1         7.1  4.9 4.8 2.1 0.1 2.9 1.8 19.1 .413 .425 .401 .854 .596 .515   G    SO
17       Dedric Willoughby  18.9 27 1996-97     Iowa State 27 27 35.9 5.9 13.5 2.1  5.1 3.8 8.4 3.4 4.1 0.4 3.0  3.4 2.0 0.8 0.1 2.1 1.0 18.9 .433 .403 .451 .821 .610 .573   G    SR
18              Tyronn Lue  18.8 32 1996-97       Nebraska 32 30 35.9 6.7 14.9 5.3 10.6 1.5 4.3 3.9         4.8  2.9 4.3 1.3 0.0 4.0 2.3 18.8 .452 .496 .343 .813 .549 .501   G    SO
19             Tony Battie  18.8 28 1996-97     Texas Tech 28 28 34.9 7.4 12.7 7.1 12.1 0.2 0.6 3.8         5.8 11.8 0.8 0.9 2.5 2.8 3.0 18.8 .579 .588 .375 .656 .606 .587   C    JR
20            Andre Emmett  18.7 32 2001-02     Texas Tech 32 31 32.8 7.6 14.6 7.3 13.7 0.3 0.9 3.3 4.9 2.4 4.2  6.6 1.5 1.3 0.4 1.9 1.5 18.7 .519 .532 .321 .675 .554 .529   G    SO
21           Tyray Pearson  18.7 31 2001-02     Iowa State 31 30 31.5 6.7 13.5 6.7 13.5 0.0 0.0 5.2 7.0 2.6 5.2  7.8 0.7 0.8 1.1 2.2 3.0 18.7 .499      .499 .743 .555 .499   F    SR
22           Raef LaFrentz  18.5 36 1996-97         Kansas 36 36 28.9 7.3 12.4 7.2 12.3 0.0 0.2 4.0         5.2  9.3 0.7 0.9 1.3 1.8 2.7 18.5 .584 .590 .167 .761 .621 .585   F    JR
23           Nick Collison  18.5 38 2002-03         Kansas 38 38 32.4 7.4 13.3 7.1 12.3 0.3 1.0 3.3 5.3 3.3 6.7 10.0 2.2 1.2 1.9 2.4 2.5 18.5 .554 .571 .342 .635 .583 .567   F    SR
24          Eduardo Najera  18.4 34 1999-00       Oklahoma 34 34 34.2 6.9 15.1 6.4 12.7 0.5 2.4 4.1 5.9 2.9 6.4  9.2 2.1 1.7 0.7 2.4 2.9 18.4 .455 .500 .220 .688 .512 .473   F    SR
25           Brian Skinner  18.1 28 1997-98         Baylor 28 28 36.5 6.9 12.4 6.9 12.4 0.0 0.0 4.4         7.4  9.5 0.5 1.4     3.5 3.0 18.1 .553      .553 .591 .569 .553   C    SR
26            Shanne Jones  18.0 27 1997-98       Texas AM 27 24 29.6 7.0 13.9 7.0 13.7 0.0 0.1 4.0         6.9  6.7 0.9 1.1 0.6 2.1 2.6 18.0 .504 .507 .250 .584 .526 .505   F    JR
27            Bernard King  18.0 30 2000-01       Texas AM 30 29 33.3 5.6 13.9 3.5  7.3 2.1 6.5 4.7 7.0 1.0 2.8  3.8 4.8 1.5 0.3 3.7 3.2 18.0 .404 .482 .316 .679 .524 .478   G    SO
28            Hollis Price  18.0 34 2002-03       Oklahoma 34 34 33.6 5.7 12.6 2.9  6.2 2.8 6.4 3.8 4.1 0.5 2.3  2.7 2.8 1.6 0.2 2.0 1.9 18.0 .453 .474 .433 .929 .619 .563   G    SR
29           Desmond Mason  18.0 34 1999-00 Oklahoma State 34 34 35.4 6.2 12.4 4.3  8.1 1.9 4.4 3.7 4.8 1.6 5.0  6.6 1.5 1.2 1.0 1.8 2.0 18.0 .499 .536 .430 .767 .610 .574   F    SR
30            Marcus Fizer  18.0 30 1998-99     Iowa State 30 29 32.0 6.3 14.1 6.1 13.1 0.2 0.9 5.1         6.9  7.6 1.1 1.0 0.8 2.3 2.6 18.0 .450 .467 .214 .736 .517 .457   F    SO
31         Wayne Simien Jr  17.8 32 2003-04         Kansas 32 31 32.7 6.3 11.8 6.2 11.4 0.1 0.3 5.2 6.4 3.1 6.2  9.3 1.2 0.9 0.9 2.2 2.8 17.8 .532 .542 .182 .811 .600 .535   F    JR
32            Tevis Stukes  17.8 13 1998-99         Baylor 13 12 31.5 5.1 14.2 2.2  5.9 2.9 8.3 4.7         6.0  1.7 2.2 0.8 0.0 2.7 2.6 17.8 .357 .364 .352 .782 .520 .459   G    JR
33           Rayford Young  17.8 28 1999-00     Texas Tech 28 28 36.0 6.2 14.4 4.3  8.8 2.0 5.6 3.4 4.0 0.8 3.3  4.0 4.2 1.8 0.0 3.4 1.5 17.8 .433 .486 .350 .839 .546 .501   G    SR
34         Adrian Peterson  17.7 34 1998-99 Oklahoma State 34 34 34.8 6.2 13.8 3.8  7.9 2.4 5.9 2.9         3.8  5.7 1.1 1.3 0.1 1.4 1.8 17.7 .450 .481 .408 .746 .566 .537   G    SR
35              Chris Mihm  17.7 33 1999-00          Texas 33 33 30.7 6.2 11.9 6.0 11.5 0.2 0.5 5.0 7.0 3.5 7.0 10.5 0.7 0.3 2.7 2.5 2.7 17.7 .523 .525 .467 .707 .578 .532   C    JR
36         Adrian Peterson  17.7 29 1997-98 Oklahoma State 29 29 35.3 5.8 12.6 4.2  7.8 1.6 4.7 4.5         5.7  6.7 1.7 1.2 0.1 1.8 2.0 17.7 .462 .542 .328 .799 .579 .523   G    JR
37            Tevis Stukes  17.6 29 1999-00         Baylor 29 28 33.7 5.3 14.5 1.9  4.7 3.4 9.9 3.6 4.8 0.4 2.0  2.4 1.9 1.4 0.0 2.8 1.7 17.6 .366 .400 .350 .746 .525 .485   G    SR
38            Corey Brewer  17.5 30 1996-97       Oklahoma 30 30 35.4 5.3 12.4 4.7 10.3 0.6 2.1 6.4         8.2  4.5 3.5 1.9 0.2 4.2 3.0 17.5 .426 .458 .270 .780 .538 .449   G    JR
39         Rickey Paulding  17.4 33 2002-03       Missouri 33 33 34.9 6.0 13.4 3.8  7.5 2.3 5.8 3.0 3.8 1.9 3.6  5.5 2.2 0.7 0.4 2.4 2.3 17.4 .450 .498 .389 .800 .571 .535   G    JR
40            Kirk Hinrich  17.3 37 2002-03         Kansas 37 37 33.5 6.3 13.2 3.9  7.3 2.4 5.9 2.4 3.4 1.0 2.7  3.8 3.5 1.9 0.4 2.2 2.1 17.3 .475 .532 .406 .704 .586 .567   G    SR
41              Kris Clack  17.3 28 1997-98          Texas 28 27 33.0 5.9 12.9 4.0  7.3 1.8 5.6 3.8         5.1  6.5 3.2 2.0 0.8 3.1 3.1 17.3 .454 .551 .327 .729 .564 .525   F    JR
42            Bernard King  17.2 30 2001-02       Texas AM 30 24 31.9 5.7 14.1 3.9  8.5 1.8 5.6 4.1 5.6 1.4 3.3  4.7 4.7 1.0 0.5 3.3 2.7 17.2 .405 .463 .317 .726 .515 .468   G    JR
43          David Harrison  17.1 29 2003-04       Colorado 29 28 31.6 6.4 10.2 6.4 10.1 0.0 0.0 4.3 8.0 3.7 5.0  8.8 0.9 0.6 2.9 2.7 3.2 17.1 .631 .633 .000 .539 .613 .631   C    JR
44           Jake Sullivan  17.0 31 2002-03     Iowa State 31 31 35.5 5.8 12.7 3.6  7.6 2.2 5.2 3.3 3.8 0.1 2.9  3.0 2.4 0.6 0.2 2.5 2.4 17.0 .453 .477 .419 .873 .585 .538   G    JR
45            Bernard King  17.0 27 2002-03       Texas AM 27 27 31.2 5.2 11.8 3.8  7.8 1.4 4.0 5.1 6.7 0.9 3.0  4.0 5.6 1.2 0.1 3.4 3.1 17.0 .442 .490 .349 .764 .566 .502   G    SR
46            Jaquay Walls  17.0 32 1999-00       Colorado 32 32 30.8 5.2 11.8 3.4  7.3 1.8 4.6 4.8 6.3 0.7 2.4  3.2 4.5 1.5 0.2 2.6 2.7 17.0 .441 .474 .388 .754 .572 .516   G    SR
47        Clarence Gilbert  17.0 36 2001-02       Missouri 36 36 33.0 5.4 14.0 2.2  5.4 3.3 8.6 2.8 3.5 0.7 2.7  3.4 3.2 1.4 0.1 2.0 1.8 17.0 .390 .400 .383 .795 .542 .507   G    SR
48        Michel Morandais  16.9 31 2002-03       Colorado 31 31 32.5 6.4 14.0 5.2 10.7 1.2 3.3 3.0 3.9 1.3 4.0  5.4 3.4 0.9 0.6 2.2 2.3 16.9 .454 .482 .363 .777 .534 .497   G    JR
49            Bernard King  16.9 28 1999-00       Texas AM 28 28 34.2 5.5 14.6 2.7  6.5 2.8 8.1 3.0 4.3 1.3 3.5  4.8 4.1 1.6 0.4 3.1 2.9 16.9 .378 .418 .346 .702 .507 .474   G    FR
50              Andy Ellis  16.9 14 1999-00     Texas Tech 14 14 33.8 6.2 12.4 6.0 11.3 0.2 1.1 4.2 5.7 2.0 6.9  8.9 0.8 0.8 0.9 2.1 2.5 16.9 .503 .532 .200 .738 .559 .512   C    SO
51    Lawrence Roberts III  16.6 30 2001-02         Baylor 30 29 28.6 5.8 13.0 4.9 10.4 0.9 2.6 4.1 6.1 3.1 5.2  8.2 1.3 1.7 1.3 1.9 2.7 16.6 .445 .474 .329 .678 .521 .478   F    FR
52              Andy Ellis  16.5 32 2001-02     Texas Tech 32 32 34.7 6.2 12.1 5.4 10.7 0.8 1.5 3.5 4.7 2.6 4.4  7.0 1.1 0.7 1.7 1.9 2.4 16.5 .508 .507 .511 .740 .576 .539   C    SR
53        Clarence Gilbert  16.5 32 2000-01       Missouri 32 27 33.5 5.4 14.8 2.2  6.1 3.2 8.7 2.6 3.2 0.6 2.1  2.7 3.5 1.2 0.2 2.2 1.8 16.5 .364 .359 .368 .806 .508 .472   G    JR
54            Hollis Price  16.5 35 2001-02       Oklahoma 35 35 33.3 5.9 12.9 3.5  6.6 2.4 6.3 2.4 2.8 0.5 2.6  3.1 2.6 1.7 0.1 1.7 2.2 16.5 .455 .524 .382 .838 .579 .548   G    JR
55            Gabe Muoneke  16.5 31 1998-99          Texas 31 31 31.6 6.1 12.4 5.3 10.7 0.8 1.6 3.4         5.5  6.6 1.9 1.2 0.5 3.1 3.2 16.5 .495 .492 .510 .610 .549 .529   F    JR
56          Cookie Belcher  16.4 30 2000-01       Nebraska 30 30 34.1 5.9 13.1 4.3  8.4 1.6 4.8 3.0 4.0 1.0 4.0  5.1 4.4 2.7 0.7 3.2 3.1 16.4 .449 .514 .336 .744 .545 .510   G    SR
57          Arthur Johnson  16.4 30 2003-04       Missouri 30 29 31.7 6.4 11.7 6.4 11.7 0.0 0.0 3.5 5.4 2.8 4.7  7.5 1.1 1.0 1.6 2.1 2.9 16.4 .548 .550 .000 .644 .572 .548   C    SR
58            Albert White  16.3 29 1998-99       Missouri 29 29 31.0 6.3 13.8 5.8 12.3 0.4 1.5 3.3         4.8  8.7 3.0 1.3 0.7 3.7 2.6 16.3 .454 .473 .295 .686 .506 .470   F    JR
59             Paul Pierce  16.3 36 1996-97         Kansas 36 35 28.1 6.0 12.3 5.1 10.3 0.9 2.0 3.4         4.8  6.8 2.1 1.7 0.8 3.0 2.7 16.3 .488 .492 .465 .717 .561 .525   F    SO
60          Curtis Stinson  16.2 33 2003-04     Iowa State 33 32 35.1 6.6 13.8 6.1 12.1 0.5 1.8 2.4 3.6 2.1 3.9  6.0 4.3 1.7 0.2 3.8 2.4 16.2 .479 .508 .288 .658 .519 .498   G    FR
61           Brian Skinner  16.1 30 1996-97         Baylor 30 30 32.4 6.5 11.6 6.5 11.6 0.0 0.0 3.1         5.7  8.4 0.9 1.2 3.2 2.4 2.9 16.1 .562      .562 .535 .562 .562   C    JR
62          Arthur Johnson  16.1 33 2002-03       Missouri 33 33 33.3 6.7 13.6 6.7 13.6 0.0 0.0 2.7 4.7 3.6 6.0  9.6 1.2 0.9 1.8 2.1 2.6 16.1 .493      .493 .568 .508 .493   C    JR
63           Rayford Young  16.1 25 1998-99     Texas Tech 25 21 31.7 5.1 11.7 3.2  6.9 1.9 4.8 4.0         4.6  3.0 3.9 1.9 0.2 4.3 2.2 16.1 .438 .471 .392 .877 .582 .519   G    JR
64           Cortez Groves  16.1 26 1999-00   Kansas State 26 24 28.5 5.6 14.8 2.9  7.6 2.7 7.2 2.2 3.1 0.3 1.8  2.1 2.5 1.4 0.2 3.0 2.5 16.1 .380 .386 .374 .713 .496 .471   G    SR
65        Michel Morandais  16.1 29 2003-04       Colorado 29 28 33.2 5.3 13.1 3.3  7.7 2.0 5.4 3.5 4.1 0.9 3.5  4.4 3.1 0.9 0.6 3.4 2.1 16.1 .406 .432 .369 .856 .537 .483   G    SR
66              Tony Allen  16.0 35 2003-04 Oklahoma State 35 34 31.6 5.8 11.6 5.2  9.5 0.6 2.1 3.7 5.5 1.8 3.7  5.5 3.1 2.1 0.9 2.8 3.0 16.0 .504 .550 .297 .675 .564 .531   G    SR
67            Aaron McGhee  16.0 36 2001-02       Oklahoma 36 36 28.1 5.6 12.3 5.1 10.5 0.6 1.8 4.1 5.0 2.9 4.8  7.7 1.1 0.6 0.8 1.4 2.6 16.0 .458 .481 .323 .822 .544 .482   F    SR
68           Jake Sullivan  16.0 28 2001-02     Iowa State 28 27 34.5 4.8 10.8 2.7  6.3 2.1 4.5 4.2 4.6 0.1 2.0  2.2 2.3 0.6 0.1 2.5 2.6 16.0 .447 .429 .472 .900 .614 .546   G    SO
69         Terrance Thomas  15.9 26 2003-04         Baylor 26 22 35.0 5.3 12.9 3.2  6.8 2.1 6.2 3.2 4.3 2.1 4.8  6.9 3.2 1.0 0.1 3.0 1.7 15.9 .411 .477 .338 .743 .531 .491   F    SR
70          Keith Langford  15.9 38 2002-03         Kansas 38 38 32.8 6.3 11.9 5.7  9.9 0.6 2.0 2.7 4.2 2.2 2.7  4.9 2.0 0.9 0.8 1.9 2.2 15.9 .530 .578 .289 .635 .570 .554   G    SO
71             Chris Owens  15.8 11 2001-02          Texas 11 11 27.2 5.6 11.3 5.4 10.4 0.3 0.9 4.3 6.8 2.9 4.5  7.4 0.8 0.7 1.9 1.7 2.5 15.8 .500 .518 .300 .627 .545 .512   F    SR
72             Drew Gooden  15.8 28 2000-01         Kansas 28 20 27.2 5.9 11.5 5.8 11.1 0.1 0.4 3.8 5.8 2.5 5.9  8.4 1.7 0.5 1.0 2.6 2.7 15.8 .516 .519 .400 .648 .553 .522   F    SO
73         Venson Hamilton  15.7 33 1998-99       Nebraska 33 32 32.5 5.9 11.8 5.9 11.7 0.0 0.0 3.9         6.0 10.2 1.6 2.0 2.4 3.7 3.2 15.7 .500 .501 .000 .657 .537 .500   C    SR
74              Manny Dies  15.7 26 1997-98   Kansas State 26 20 26.8 6.0 11.0 6.0 11.0 0.0 0.0 3.7         5.3  7.6 1.0 0.7 1.9 2.6 2.9 15.7 .547      .547 .691 .581 .547   F    JR
75           Maurice Evans  15.6 34 2000-01          Texas 34 34 33.0 5.3 12.1 2.8  5.6 2.5 6.5 2.5 3.3 2.1 3.1  5.3 1.3 1.3 0.6 2.1 3.0 15.6 .440 .500 .389 .757 .574 .545   F    JR
76           Kenny Gregory  15.6 30 2000-01         Kansas 30 30 31.7 6.8 12.0 6.1 10.1 0.7 1.9 1.3 3.1 3.3 4.0  7.3 2.4 1.0 0.2 1.7 1.5 15.6 .567 .601 .386 .424 .581 .597   G    SR
77           Harvey Thomas  15.6 21 2003-04         Baylor 21 18 32.2 6.1 14.1 5.4 11.4 0.7 2.7 2.7 3.9 2.0 3.5  5.5 1.2 1.5 1.4 2.8 3.6 15.6 .431 .471 .263 .695 .488 .456   F    JR
78           Nick Collison  15.6 37 2001-02         Kansas 37 36 26.8 6.6 11.2 6.5 11.0 0.1 0.2 2.3 3.9 3.4 4.9  8.3 1.7 1.1 2.2 2.5 2.9 15.6 .592 .596 .375 .575 .597 .595   F    JR
79            Clifton Cook  15.6 27 1998-99       Texas AM 27 27 36.1 5.4 15.1 3.6  9.0 1.8 6.1 3.1         4.6  5.4 5.8 2.5 0.2 4.7 2.7 15.6 .355 .399 .291 .669 .451 .414   G    JR
80         Victor Williams  15.5 32 2002-03 Oklahoma State 32 32 31.5 4.9 11.6 3.1  6.9 1.8 4.7 3.9 5.2 0.3 2.1  2.3 3.2 2.0 0.0 2.7 2.4 15.5 .423 .450 .383 .754 .552 .500   G    SR
81          Keith Langford  15.5 33 2003-04         Kansas 33 33 31.7 5.6 11.6 4.4  8.4 1.2 3.2 3.2 4.8 2.0 3.0  5.0 3.5 1.1 0.6 2.4 2.3 15.5 .479 .525 .358 .669 .557 .529   G    JR
82          Eduardo Najera  15.5 32 1998-99       Oklahoma 32 32 34.4 5.8 14.1 4.3  9.4 1.6 4.7 2.2         3.4  8.3 2.2 1.8 0.8 2.6 2.7 15.5 .415 .450 .342 .642 .492 .471   F    JR
83           Brett Robisch  15.4 29 1997-98 Oklahoma State 29 28 33.4 6.2 12.3 6.0 11.9 0.1 0.4 3.0         3.8  8.2 1.2 0.8 0.4 1.6 3.1 15.4 .500 .507 .308 .782 .546 .506   C    SR
84           Rayford Young  15.4 27 1997-98     Texas Tech 27 27 34.8 4.8 11.5 3.1  7.2 1.7 4.3 4.2         5.0  3.7 4.3 1.7 0.4 3.1 2.6 15.4 .415 .428 .393 .843 .557 .489   G    SO
85           Desmond Mason  15.4 34 1998-99 Oklahoma State 34 34 34.7 5.8 12.0 5.0  9.7 0.8 2.3 3.1         4.2  7.9 0.8 1.6 0.9 2.1 2.4 15.4 .480 .514 .342 .746 .552 .513   F    JR
86             Terry Black  15.4 31 2000-01         Baylor 31 31 34.8 6.2 10.2 5.7  8.9 0.4 1.4 2.6 5.0 3.0 5.4  8.4 3.2 2.5 0.5 2.7 2.5 15.4 .603 .647 .310 .529 .611 .623   F    SR
87            Darren Kelly  15.3 26 2000-01          Texas 26 26 34.6 5.1 14.2 3.8  9.3 1.3 4.9 3.8 5.0 0.8 3.8  4.6 2.9 1.2 0.5 3.2 1.9 15.3 .360 .405 .276 .760 .464 .408   G    SR
88           Keyon Dooling  15.3 31 1999-00       Missouri 31 30 31.7 4.7 12.0 2.8  6.5 1.9 5.5 4.0 5.4 0.8 1.9  2.7 3.6 1.4 0.5 2.5 1.8 15.3 .389 .424 .347 .743 .523 .468   G    SO
89    Lawrence Roberts III  15.2 26 2002-03         Baylor 26 26 32.2 5.1 12.2 4.7 10.5 0.4 1.6 4.6 6.7 4.0 6.5 10.4 1.5 1.7 1.1 2.3 2.6 15.2 .421 .445 .262 .684 .497 .438   F    SO
90           D.J. Harrison  15.2 30 2000-01       Colorado 30 30 27.7 4.9 10.6 3.3  6.5 1.6 4.1 3.9 5.2 1.4 3.3  4.7 1.6 0.6 0.4 1.7 2.8 15.2 .458 .500 .390 .748 .581 .533   F    JR
91          Demarcus Minor  15.2 31 2000-01         Baylor 31 31 37.5 4.8 11.9 4.1  9.9 0.7 2.1 5.0 5.9 1.1 4.8  5.9 4.5 1.4 0.1 3.5 2.3 15.2 .400 .415 .328 .842 .515 .428   G    SR
92            Kasib Powell  15.1 32 2001-02     Texas Tech 32 32 33.6 5.9 12.1 5.7 11.1 0.3 1.0 3.1 4.6 2.1 4.1  6.2 3.8 1.3 0.8 1.4 2.3 15.1 .487 .508 .250 .662 .528 .497   F    JR
93         Rickey Paulding  15.1 30 2003-04       Missouri 30 30 35.0 4.8 12.1 3.0  6.8 1.8 5.3 3.7 4.7 1.9 2.4  4.3 2.8 1.0 0.4 2.6 1.9 15.1 .397 .439 .342 .787 .527 .471   G    SR
94          John Lucas III  15.1 35 2003-04 Oklahoma State 35 35 34.3 5.2 11.5 3.1  6.0 2.1 5.5 2.5 2.8 0.6 2.2  2.8 4.5 1.1 0.0 1.9 1.1 15.1 .455 .514 .391 .887 .588 .549   G    JR
95          Fredrik Jonzen  15.0 30 2000-01 Oklahoma State 30 30 34.7 5.6 10.7 5.6 10.6 0.0 0.1 3.9 6.1 2.2 4.3  6.5 2.5 1.1 0.4 2.1 2.6 15.0 .520 .527 .000 .639 .553 .520   F    JR
96            Kasib Powell  15.0 35 2002-03     Texas Tech 35 35 35.7 5.8 11.7 5.7 11.3 0.1 0.4 3.3 5.5 1.9 4.1  6.1 4.3 0.9 0.4 1.6 2.3 15.0 .496 .509 .143 .603 .524 .499   F    SR
97               T.J. Ford  15.0 33 2002-03          Texas 33 33 33.6 4.8 12.0 4.3 10.0 0.5 2.1 4.8 5.9 0.6 3.2  3.9 7.7 2.0 0.2 3.2 2.5 15.0 .401 .429 .265 .820 .506 .423   G    SO
98            Marcus Fizer  14.9 30 1997-98     Iowa State 30 25 27.2 5.8 12.2 5.8 12.1 0.0 0.1 3.4         5.5  6.7 0.6 1.1 0.9 2.7 2.5 14.9 .474 .477 .000 .616 .505 .474   F    FR
99            Kelly Thames  14.8 32 1997-98       Missouri 32 32 32.3 4.8 10.8 4.3  9.6 0.4 1.3 4.8         6.2  6.0 1.6 1.0 0.2 2.2 2.9 14.8 .441 .454 .341 .783 .538 .461   F    SR
100         Brandon Mouton  14.8 33 2002-03          Texas 33 33 30.1 5.5 12.5 3.8  8.3 1.7 4.2 2.1 3.1 1.9 2.3  4.2 1.7 1.0 0.3 1.8 2.0 14.8 .439 .453 .413 .667 .529 .508   G    JR
101           Kirk Hinrich  14.8 37 2001-02         Kansas 37 35 30.9 5.4  9.9 3.6  6.2 1.8 3.7 2.3 2.8 1.2 3.6  4.8 5.0 1.6 0.4 2.7 2.6 14.8 .541 .579 .478 .808 .657 .631   G    JR
102        Wayne Simien Jr  14.8 16 2002-03         Kansas 16 12 24.4 5.9  9.2 5.9  9.2 0.0 0.0 2.9 4.3 3.2 5.0  8.2 0.6 0.9 0.3 1.3 2.1 14.8 .646      .646 .676 .658 .646   F    SO
103            Kenny Pratt  14.7 24 1996-97     Iowa State 24 22 29.9 5.4 13.1 5.3 12.6 0.1 0.5 3.9 6.1 2.9 3.2  6.1 2.0 1.2 0.0 3.3 3.1 14.7 .411 .419 .182 .633 .460 .414   F    SR
104            Kareem Rush  14.7 22 1999-00       Missouri 22  6 26.9 5.0  9.8 2.9  4.9 2.1 4.9 2.7 3.5 1.2 3.1  4.3 1.5 1.3 0.2 2.0 2.5 14.7 .505 .583 .426 .756 .638 .611   F    FR
105        Jeremiah Massey  14.7 28 2003-04   Kansas State 28 19 27.8 5.2 10.4 5.1 10.4 0.0 0.1 4.3 5.8 3.0 4.8  7.8 1.2 1.0 0.6 1.9 2.7 14.7 .497 .497 .500 .741 .557 .498   F    JR
106          Jake Sullivan  14.6 33 2003-04     Iowa State 33 33 33.8 4.8 11.0 2.3  4.5 2.5 6.5 2.5 2.7 0.2 1.8  1.9 1.6 0.5 0.1 1.4 1.5 14.6 .437 .513 .383 .933 .594 .549   G    SR
107            Kenny Price  14.6 32 1998-99       Colorado 32 27 29.0 4.8 12.3 1.8  4.2 3.0 8.0 1.9         2.5  4.0 1.7 0.8 0.2 1.7 1.3 14.6 .395 .430 .377 .741 .542 .519   G    SR
108                Ebi Ere  14.6 36 2001-02       Oklahoma 36 32 29.4 5.2 12.2 3.6  7.4 1.6 4.8 2.6 3.2 2.5 3.4  5.8 1.6 1.0 0.4 1.9 1.8 14.6 .427 .491 .329 .802 .531 .492   G    JR
109          Desmond Mason  14.6 29 1997-98 Oklahoma State 29 29 32.7 5.4 10.3 4.7  7.9 0.8 2.4 3.0         4.2  7.7 1.6 1.8 0.7 1.6 2.6 14.6 .525 .587 .319 .699 .590 .562   F    SO
110            Kenny Price  14.5 27 1997-98       Colorado 27 24 31.2 4.7 11.6 1.4  3.6 3.3 7.9 1.8         2.2  4.4 2.0 0.8 0.1 1.7 1.6 14.5 .407 .378 .421 .800 .576 .551   G    JR
111         Antoine Wright  14.5 28 2002-03       Texas AM 28 27 31.8 5.1 14.1 2.9  8.3 2.3 5.9 2.0 3.2 1.2 5.4  6.6 1.8 1.3 0.7 2.3 2.7 14.5 .364 .351 .382 .611 .463 .443   F    FR
112             Larry Reid  14.4 28 2001-02   Kansas State 28 28 35.2 5.0 12.9 3.6  8.6 1.5 4.3 2.9 3.6 0.7 2.2  2.9 5.3 1.5 0.3 3.5 2.5 14.4 .390 .413 .342 .802 .493 .446   G    SR
113            Chris Owens  14.4 34 2000-01          Texas 34 34 30.5 5.1 11.5 5.0 10.8 0.1 0.7 4.2 6.6 2.9 5.0  7.9 0.9 1.0 2.7 1.6 3.3 14.4 .440 .459 .130 .641 .493 .444   F    JR
114             Tony Allen  14.4 32 2002-03 Oklahoma State 32 28 31.2 5.1 11.4 4.2  9.0 0.9 2.4 3.3 4.8 1.6 3.8  5.4 2.7 1.9 0.8 2.8 2.9 14.4 .447 .460 .395 .691 .527 .488   G    JR
115           Shanne Jones  14.3 27 1998-99       Texas AM 27 27 28.7 5.1  9.5 5.1  9.3 0.0 0.1 4.1         6.5  6.0 0.9 0.9 0.5 3.0 2.9 14.3 .539 .544 .250 .629 .571 .541   F    SR
116         Jamaal Tinsley  14.3 31 2000-01     Iowa State 31 31 32.2 4.5 11.2 3.3  8.1 1.2 3.1 4.1 6.0 0.6 3.2  3.8 6.0 2.5 0.6 3.8 3.0 14.3 .399 .406 .381 .692 .508 .453   G    SR
117             Kish Lewis  14.3 28 1998-99         Baylor 28 27 28.2 5.4 12.2 5.3 11.7 0.1 0.5 3.3         5.0  8.9 1.0 0.8 1.4 2.6 3.4 14.3 .446 .454 .231 .669 .491 .450   C    SR
118          Ricky Clemons  14.2 32 2002-03       Missouri 32 32 34.0 4.7 12.5 2.0  4.4 2.8 8.1 2.0 2.5 0.5 2.4  2.9 3.8 1.5 0.1 3.3 1.8 14.2 .378 .444 .341 .802 .519 .488   G    JR
119             Kris Clack  14.2 31 1998-99          Texas 31 30 34.0 5.0 12.3 3.7  8.1 1.3 4.2 3.0         4.3  6.4 1.5 1.9 0.8 2.5 2.5 14.2 .404 .454 .308 .687 .495 .457   F    SR
120             Andy Ellis  14.2 28 2000-01     Texas Tech 28 27 31.8 5.0 11.2 4.6  9.6 0.4 1.6 3.9 5.3 1.8 4.5  6.3 0.9 1.0 0.5 2.7 2.7 14.2 .444 .476 .250 .735 .519 .462   C    JR
121        Adrian Peterson  14.0 32 1996-97 Oklahoma State 32 31 33.0 4.9 11.3 3.0  6.2 2.0 5.0 2.2         2.7  3.5 2.1 0.8 0.1 2.3 1.7 14.0 .439 .477 .391 .805 .559 .526   G    SO
122          Jamahl Mosley  14.0 32 1999-00       Colorado 32 32 27.7 5.0  7.9 5.0  7.9 0.0 0.0 4.1 5.5 3.0 4.2  7.1 0.8 1.0 0.6 1.3 2.3 14.0 .626      .626 .740 .664 .626   F    JR
123           Cary Cochran  14.0 28 2001-02       Nebraska 28 28 28.0 4.1  9.9 1.0  2.5 3.2 7.4 2.5 2.8 0.3 3.0  3.3 2.2 1.0 0.0 1.3 1.8 14.0 .419 .386 .430 .922 .625 .579   G    SR
124          Nick Collison  14.0 33 2000-01         Kansas 33 23 27.0 5.7  9.5 5.6  9.3 0.1 0.2 2.6 4.1 2.2 4.5  6.7 2.2 1.1 1.6 2.8 3.4 14.0 .597 .601 .400 .625 .610 .601   F    SO
125         David Harrison  13.9 32 2002-03       Colorado 32 31 28.4 5.1  9.4 5.1  9.4 0.0 0.0 3.7 6.5 3.2 5.1  8.3 0.5 0.7 3.3 2.3 3.5 13.9 .547      .547 .563 .558 .547   C    SO
126         Jackson Vroman  13.9 32 2003-04     Iowa State 32 31 30.7 5.8 10.3 5.8 10.1 0.0 0.2 2.3 4.4 3.7 5.9  9.6 2.3 1.4 0.7 3.2 3.5 13.9 .564 .573 .143 .507 .560 .565   F    SR
127          Jamahl Mosley  13.9 30 2000-01       Colorado 30 28 28.0 4.8  8.6 4.8  8.6 0.0 0.0 4.2 5.5 2.9 4.7  7.6 1.0 0.5 0.5 2.7 3.2 13.9 .560 .562 .000 .770 .618 .560   F    SR
128         David Harrison  13.9 27 2001-02       Colorado 27 23 24.3 5.1  8.1 5.1  8.1 0.0 0.0 3.6 6.4 3.4 3.6  7.0 0.4 0.6 1.3 2.3 3.5 13.9 .638      .638 .561 .625 .638   C    FR
129         Brandon Mouton  13.9 32 2003-04          Texas 32 32 30.0 5.2 12.3 3.6  8.0 1.6 4.3 1.8 2.6 1.1 2.4  3.5 1.4 1.2 0.3 1.9 2.2 13.9 .423 .453 .367 .720 .512 .487   G    SR
130           Andrew Drevo  13.9 29 2002-03       Nebraska 29 27 28.6 4.9 11.8 3.2  6.7 1.7 5.1 2.5 3.7 2.1 5.2  7.3 1.3 0.7 0.7 2.0 2.7 13.9 .411 .479 .322 .673 .510 .481   F    JR
131           Calvin Davis  13.8 13 1997-98       Texas AM 13 12 22.0 5.2 10.0 5.2  9.9 0.0 0.1 3.5         4.4  7.1 0.9 1.5 2.3 1.7 2.9 13.8 .515 .519 .000 .807 .573 .515   F    JR
132              Tim Ellis  13.8 28 2003-04   Kansas State 28 28 29.9 5.1 10.1 4.0  6.8 1.1 3.3 2.5 3.0 1.8 3.4  5.1 2.1 0.8 0.4 1.5 1.9 13.8 .507 .584 .348 .812 .600 .564   G    SR
133         Kimani Ffriend  13.8 28 2000-01       Nebraska 28 25 29.5 5.1  8.3 5.1  8.3 0.0 0.0 3.5 7.6 3.2 5.0  8.2 0.9 0.6 2.6 3.0 2.8 13.8 .623      .623 .455 .580 .623   C    SR
134           Gabe Muoneke  13.7 33 1999-00          Texas 33 25 28.7 5.1  9.6 4.8  8.5 0.2 1.2 3.4 5.6 2.3 4.1  6.3 1.9 0.9 0.6 2.9 2.8 13.7 .527 .570 .211 .600 .559 .539   F    SR
135         Brandon Mouton  13.7 34 2001-02          Texas 34 34 30.2 4.9 12.0 3.0  7.1 1.9 4.9 1.9 2.5 1.8 2.8  4.6 1.3 0.8 0.4 1.8 2.0 13.7 .412 .424 .394 .756 .519 .491   G    SO
136       Clarence Gilbert  13.7 31 1999-00       Missouri 31 31 31.4 4.6 12.2 1.8  4.7 2.8 7.5 1.5 2.0 0.7 3.0  3.7 2.3 1.5 0.2 1.3 2.0 13.7 .381 .386 .378 .774 .520 .497   G    SO
137             Chris Mihm  13.7 32 1998-99          Texas 32 32 32.1 4.5 10.0 4.5  9.9 0.0 0.1 4.7         6.8 11.0 0.6 0.4 2.6 2.4 2.8 13.7 .449 .454 .000 .683 .515 .449   C    SO
138        Chianti Roberts  13.6 32 1996-97 Oklahoma State 32 31 33.1 5.6  8.9 5.5  8.6 0.0 0.3 2.5         4.3  6.1 3.5 1.7 0.5 2.9 3.5 13.6 .625 .641 .111 .581 .624 .626   F    SR
139            Shane Power  13.6 31 2001-02     Iowa State 31 31 37.5 4.8 11.0 4.1  8.6 0.7 2.4 3.3 4.1 0.5 3.9  4.5 2.4 1.2 0.4 1.9 1.7 13.6 .438 .472 .315 .795 .527 .472   F    SO
140           Billy Thomas  13.6 36 1997-98         Kansas 36 34 26.7 5.0 10.8 2.1  3.5 2.9 7.3 0.6         0.9  3.0 2.8 1.7 0.1 1.3 1.1 13.6 .468 .608 .401 .688 .608 .603   G    SR
141         Antoine Wright  13.5 28 2003-04       Texas AM 28 26 30.4 4.6 12.6 3.0  7.0 1.7 5.6 2.6 4.1 1.3 2.8  4.1 2.3 0.9 0.3 2.1 2.4 13.5 .368 .426 .297 .626 .465 .435   F    SO
142         Eric Chenowith  13.5 33 1998-99         Kansas 33 33 28.7 5.0 11.2 5.0 11.0 0.0 0.2 3.4         4.6  9.1 1.0 0.8 2.4 2.6 3.1 13.5 .448 .452 .200 .739 .504 .450   C    SO
143           J.R. Raymond  13.4 34 1999-00       Oklahoma 34 34 33.5 4.5 11.3 1.7  4.5 2.8 6.8 1.6 2.2 1.0 2.4  3.3 3.4 1.4 0.0 2.7 1.7 13.4 .396 .370 .413 .757 .543 .520   G    SO
144           Jeff Boschee  13.4 37 2001-02         Kansas 37 37 31.4 4.5  9.7 1.6  3.3 3.0 6.4 1.3 1.6 0.7 1.9  2.6 2.4 1.3 0.1 1.0 2.1 13.4 .469 .479 .464 .787 .638 .623   G    SR
145           Nate Johnson  13.3 28 2002-03       Nebraska 28 28 32.0 4.9 12.0 4.2  9.3 0.6 2.7 3.0 4.1 0.5 3.3  3.8 2.3 1.1 0.1 3.1 1.6 13.3 .406 .456 .237 .728 .479 .433   G    JR
146            Luke Axtell  13.3 28 1997-98          Texas 28 25 28.2 4.7 10.9 2.3  4.8 2.4 6.2 1.5         2.0  4.3 1.4 0.6 0.6 1.9 2.1 13.3 .428 .474 .393 .737 .558 .539   G    FR
147           Calvin Davis  13.3 27 1996-97       Texas AM 27 27 27.8 5.0  9.2 5.0  9.1 0.0 0.1 3.3         5.1  7.0 1.0 1.1 1.4 2.6 3.8 13.3 .540 .545 .000 .657 .572 .540   F    SO
148         John Lucas III  13.3 28 2002-03         Baylor 28 25 35.1 4.8 11.1 3.1  5.7 1.7 5.4 1.9 2.2 0.5 1.8  2.4 4.4 1.5 0.0 2.0 1.3 13.3 .435 .553 .311 .871 .546 .511   G    SO
149          Martin Rancik  13.2 31 2000-01     Iowa State 31 31 25.3 4.7  8.6 4.6  8.4 0.1 0.2 3.8 5.0 1.5 4.0  5.5 0.6 0.6 0.5 1.7 2.9 13.2 .543 .550 .286 .760 .601 .547   F    SR
150         John Lucas III  13.2 30 2001-02         Baylor 30 27 33.5 4.8 11.0 2.8  5.7 2.0 5.3 1.7 2.1 0.7 1.8  2.5 4.0 1.3 0.0 2.0 1.5 13.2 .433 .488 .373 .794 .549 .523   G    FR
151          Nolan Johnson  13.2 33 2000-01       Oklahoma 33 33 30.2 4.4  9.8 4.1  8.7 0.3 1.1 4.0 4.9 1.0 3.9  4.9 1.8 1.5 0.2 2.5 2.7 13.2 .449 .469 .297 .826 .543 .466   G    SR
152        Victor Williams  13.1 32 2001-02 Oklahoma State 32 30 30.7 4.3 10.8 2.9  6.5 1.3 4.3 3.3 4.4 0.3 1.9  2.3 3.9 1.4 0.0 2.2 2.2 13.1 .393 .447 .312 .750 .509 .455   G    JR
153           Kelly Thames  13.0 32 1996-97       Missouri 32 32 29.3 4.5  9.8 4.4  9.6 0.1 0.2 4.0         5.2  6.1 1.5 0.8 0.2 2.0 2.8 13.0 .459 .461 .333 .760 .530 .462   F    JR
154         Larry Florence  13.0 30 1999-00       Nebraska 30 30 30.0 5.2 13.0 4.9 11.9 0.3 1.1 2.3 3.5 2.3 3.1  5.4 2.7 1.5 0.6 3.4 2.7 13.0 .401 .415 .250 .657 .443 .411   F    SR
155           Nate Johnson  13.0 30 2003-04       Nebraska 30 16 27.1 4.2  9.0 3.2  6.4 1.1 2.6 3.4 4.0 1.4 3.2  4.6 1.6 0.8 0.2 1.9 1.4 13.0 .469 .492 .410 .866 .594 .528   G    SR
156          Stan Bonewitz  12.9 27 1997-98     Texas Tech 27 27 35.9 4.1 10.0 1.0  2.6 3.1 7.4 1.6         2.1  4.9 4.2 1.1 0.0 3.4 2.4 12.9 .410 .386 .418 .768 .586 .565   G    JR
157           Aaron McGhee  12.9 33 2000-01       Oklahoma 33 33 24.1 4.5  9.9 3.9  8.5 0.7 1.4 3.2 4.1 2.0 2.8  4.8 0.7 0.6 0.6 1.9 3.3 12.9 .460 .456 .489 .770 .546 .494   F    JR
158         Melvin Sanders  12.9 32 2002-03 Oklahoma State 32 32 31.5 4.8 11.0 3.1  5.9 1.7 5.0 1.5 2.2 1.3 3.5  4.8 1.6 1.7 0.3 1.7 2.8 12.9 .442 .526 .342 .676 .537 .520   G    SR
159          Maurice Baker  12.9 29 2001-02 Oklahoma State 29 23 30.0 4.6 10.8 3.1  6.7 1.5 4.0 2.2 2.7 2.2 3.2  5.4 3.3 1.3 0.2 2.8 2.0 12.9 .426 .462 .368 .844 .536 .495   G    SR
160             Mark Young  12.9 27 1996-97   Kansas State 27 25 29.3 4.8 10.9 4.0  8.6 0.8 2.3 2.4         3.4  6.4 2.3 1.6 0.6 2.7 2.4 12.9 .442 .468 .349 .710 .515 .480   G    JR
161           Blair Wilson  12.9 32 2002-03       Colorado 32 31 32.8 4.3 10.7 1.7  3.3 2.6 7.4 1.8 2.2 0.8 2.6  3.4 1.8 1.2 0.2 1.1 1.8 12.9 .398 .505 .350 .803 .548 .519   G    JR
162                Ebi Ere  12.9 34 2002-03       Oklahoma 34 23 27.5 4.4 11.7 3.1  7.2 1.4 4.5 2.6 3.6 1.9 2.9  4.8 1.9 0.9 0.3 2.2 1.5 12.9 .378 .423 .307 .715 .478 .437   G    SR
163         Ryan Robertson  12.8 33 1998-99         Kansas 33 33 35.3 4.1  9.4 2.6  5.2 1.5 4.2 3.1         3.5  4.0 3.2 1.7 0.4 1.5 2.3 12.8 .439 .494 .370 .871 .581 .521   G    SR
164          Kenny Gregory  12.8 34 1999-00         Kansas 34 33 23.2 5.9 10.1 5.8  9.8 0.1 0.4 1.1 2.5 2.1 2.4  4.4 1.8 0.8 0.4 1.5 1.1 12.8 .577 .593 .154 .419 .565 .580   G    JR
165         Patrick Hunter  12.8 25 1997-98         Baylor 25 25 36.7 4.1 11.3 2.2  5.6 1.8 5.7 2.8         3.8  3.4 4.2 1.3 0.0 2.7 1.9 12.8 .362 .403 .322 .737 .489 .443   G    SR
166         Stephane Pelle  12.8 29 2001-02       Colorado 29 27 29.5 4.8 10.0 4.8  9.9 0.0 0.1 3.2 4.2 3.7 7.1 10.8 1.4 1.0 1.0 1.9 2.5 12.8 .481 .484 .000 .769 .535 .481   F    JR
167       Steffon Bradford  12.8 30 2000-01       Nebraska 30 28 30.7 5.2  8.6 5.2  8.5 0.0 0.0 2.4 4.3 3.7 4.4  8.1 0.8 1.1 0.1 2.2 2.6 12.8 .603 .605 .000 .570 .603 .603   F    SR
168      Wendell Greenleaf  12.7 30 2001-02         Baylor 30 27 29.1 4.3  9.7 2.1  4.0 2.2 5.7 1.9 2.3 0.8 2.6  3.3 3.7 2.2 0.5 3.2 2.6 12.7 .443 .517 .392 .826 .590 .558   G    JR
169            Mario Layne  12.7 28 1999-00     Texas Tech 28 28 29.3 4.6  9.4 4.4  8.5 0.2 0.9 3.2 4.9 1.5 3.6  5.1 2.6 1.1 0.8 3.1 3.0 12.7 .492 .521 .231 .654 .540 .504   F    SR
170            Cliff Owens  12.6 28 2000-01     Texas Tech 28 28 29.3 5.3  9.6 5.3  9.5 0.0 0.1 2.1 3.6 2.2 5.2  7.4 0.8 0.7 0.6 1.8 2.1 12.6 .550 .554 .000 .569 .558 .550   F    SR
171       Jason Sutherland  12.6 33 1996-97       Missouri 33 28 27.8 3.6  8.7 1.5  3.3 2.2 5.5 3.2         3.8  2.4 2.2 0.9 0.0 2.5 3.1 12.6 .417 .444 .400 .840 .600 .542   G    SR
172              Tony Kitt  12.6 28 1999-00   Kansas State 28 28 29.7 4.6  9.2 4.6  9.1 0.0 0.0 3.3 4.8 3.3 5.9  9.1 1.3 0.8 1.6 2.6 3.1 12.6 .506 .508 .000 .699 .551 .506   F    SR
173             Kris Clack  12.6 30 1996-97          Texas 30 30 27.6 4.1  9.6 3.4  6.6 0.7 3.1 3.6         5.5  6.2 1.7 2.6 1.0 2.5 3.6 12.6 .429 .518 .239 .652 .514 .467   F    SO
174             Joe Adkins  12.6 29 1997-98 Oklahoma State 29 28 29.3 4.2 10.1 2.5  4.9 1.7 5.3 2.4         3.1  3.0 3.4 1.9 0.1 3.1 2.4 12.6 .415 .511 .327 .787 .541 .500   G    SO
175         Jackson Vroman  12.5 31 2002-03     Iowa State 31 31 30.5 5.0  9.1 5.0  8.9 0.0 0.2 2.5 4.9 2.6 6.8  9.4 1.8 1.0 1.5 2.5 3.7 12.5 .552 .564 .000 .516 .550 .552   F    JR
176           Fred Edmonds  12.5 32 1996-97       Colorado 32 32 27.8 4.9 10.3 4.9 10.3 0.0 0.0 2.8         4.4  6.4 1.6 0.9 1.0 1.5 3.1 12.5 .473      .473 .636 .506 .473   F    SR
177          Michael Nurse  12.5 37 1999-00     Iowa State 37 37 35.3 4.0  9.3 1.3  2.9 2.7 6.3 1.8 2.4 0.4 2.4  2.7 2.2 1.0 0.1 1.6 1.9 12.5 .431 .450 .423 .750 .599 .576   G    SR
178            Joey Graham  12.4 35 2003-04 Oklahoma State 35 27 24.7 4.9  8.5 4.5  7.7 0.4 0.8 2.2 3.1 1.7 3.5  5.2 1.1 0.7 0.2 2.1 3.1 12.4 .576 .586 .483 .709 .621 .599   F    JR
179             Chris Mihm  12.4 31 1997-98          Texas 31 28 24.8 4.8  9.3 4.7  8.9 0.1 0.4 2.8         4.3  8.0 0.5 0.4 2.9 2.0 3.5 12.4 .514 .527 .182 .647 .547 .517   C    FR
180         Fredrik Jonzen  12.3 32 2001-02 Oklahoma State 32 32 32.3 4.5  9.5 4.3  9.0 0.2 0.4 3.2 4.6 2.6 4.3  6.9 1.6 0.7 0.4 2.5 3.0 12.3 .472 .478 .357 .696 .528 .480   F    SR
181           Blair Wilson  12.3 29 2003-04       Colorado 29 29 33.0 3.9  9.7 1.3  3.1 2.6 6.6 1.9 2.4 0.4 3.0  3.3 1.7 1.3 0.2 1.2 1.4 12.3 .407 .433 .395 .771 .570 .541   G    SR
182           Blair Wilson  12.3 29 2001-02       Colorado 29  4 27.5 4.2  9.2 1.6  3.1 2.6 6.1 1.3 1.6 0.9 2.5  3.4 1.7 1.1 0.4 1.3 1.7 12.3 .451 .495 .429 .809 .613 .593   G    SO
183          Ivan McFarlin  12.2 35 2003-04 Oklahoma State 35 35 30.1 4.9  8.4 4.9  8.4 0.0 0.0 2.3 3.6 2.8 4.0  6.7 1.7 1.1 1.5 1.7 3.2 12.2 .588 .590 .000 .643 .603 .588   F    JR
184         Arthur Johnson  12.2 36 2001-02       Missouri 36 34 28.6 5.2  9.5 5.2  9.5 0.0 0.0 1.8 3.2 3.3 4.6  7.9 1.2 0.9 2.0 2.0 3.1 12.2 .551      .551 .553 .555 .551   C    SO
185          Ronnie DeGray  12.2 27 1997-98       Colorado 27 26 30.1 4.1  9.7 4.1  9.6 0.0 0.1 3.9         5.4  7.4 1.2 1.0 1.5 1.5 3.3 12.2 .429 .429 .500 .717 .499 .431   F    SR
186        Brian Montonati  12.1 34 1999-00 Oklahoma State 34 34 27.5 4.9  9.0 4.8  8.8 0.1 0.2 2.3 3.3 2.4 4.8  7.2 1.6 1.4 0.6 1.8 3.8 12.1 .544 .545 .500 .690 .576 .549   F    SR
187          Stan Bonewitz  12.1 26 1998-99     Texas Tech 26 25 34.6 3.8  8.8 1.3  3.0 2.5 5.8 1.9         2.3  4.4 4.2 1.4 0.2 4.0 1.3 12.1 .435 .436 .434 .831 .610 .578   G    SR
188           Pervis Pasco  12.1 29 2001-02   Kansas State 29 29 29.5 4.3  7.8 4.3  7.8 0.0 0.0 3.4 6.1 3.2 5.2  8.4 1.1 0.8 1.6 1.6 2.4 12.1 .558 .560 .000 .559 .566 .558   F    JR
189            Eric Martin  12.1 32 1998-99       Oklahoma 32 16 29.9 4.0  9.5 1.6  4.1 2.3 5.4 1.8         2.2  4.7 1.8 0.6 0.1 1.6 2.6 12.1 .418 .394 .436 .817 .573 .541   G    SR
190         Kimani Ffriend  12.0 30 1999-00       Nebraska 30 29 29.9 4.1  7.6 4.1  7.6 0.0 0.0 3.8 7.6 3.4 5.3  8.8 0.4 0.5 2.8 3.1 2.7 12.0 .537      .537 .507 .536 .537   C    JR
191            Jerod Haase  12.0 36 1996-97         Kansas 36 36 25.9 3.9  7.9 3.0  5.3 0.9 2.6 3.3         4.6  3.7 3.1 1.9 0.1 2.5 2.1 12.0 .495 .557 .366 .705 .595 .554   G    SR
192         Stephane Pelle  12.0 32 2002-03       Colorado 32 31 27.8 4.5  9.6 4.5  9.5 0.0 0.1 3.1 3.8 3.0 6.3  9.3 0.8 0.9 1.0 1.8 2.4 12.0 .466 .470 .000 .797 .525 .466   F    SR
193            Derek Grimm  11.9 33 1996-97       Missouri 33 29 28.0 3.9  7.9 2.0  3.4 1.8 4.5 2.3         2.9  4.9 1.3 0.8 0.3 1.6 3.4 11.9 .492 .593 .415 .794 .644 .610   F    SR
194        Roddrick Miller  11.9 25 1997-98         Baylor 25 21 34.1 3.4  8.4 0.8  1.8 2.6 6.6 2.5         3.5  3.2 3.9 1.1 0.0 2.6 2.9 11.9 .407 .422 .402 .705 .594 .565   G    SR
195        Rickey Paulding  11.9 35 2001-02       Missouri 35 23 26.1 4.2  8.2 2.8  5.0 1.4 3.2 2.1 2.9 1.8 2.1  3.9 1.5 1.0 0.5 1.8 1.5 11.9 .510 .554 .442 .730 .621 .597   G    SO
196         Galen Morrison  11.9 22 1999-00   Kansas State 22 14 24.2 4.0  9.5 1.0  2.9 2.9 6.7 1.1 1.3 0.3 1.8  2.0 2.7 1.0 0.0 3.3 1.8 11.9 .414 .365 .435 .857 .587 .567   G    JR
197             John Woods  11.9 29 1998-99       Missouri 29 19 21.4 4.3 10.0 2.4  5.1 1.8 4.9 1.5         1.9  1.8 0.8 0.7 0.1 0.9 0.9 11.9 .428 .480 .373 .796 .545 .519   G    SR
198         Patrick Hunter  11.8 30 1996-97         Baylor 30 22 28.5 3.9  9.2 2.2  4.4 1.7 4.9 2.3         3.1  3.1 3.3 0.9 0.0 1.9 1.8 11.8 .422 .504 .349 .745 .552 .514   G    JR
199           Kenny Taylor  11.8 28 2002-03         Baylor 28 28 26.7 4.0  9.8 0.9  1.8 3.1 8.0 0.8 1.1 0.5 1.6  2.1 1.5 1.4 0.1 1.3 1.6 11.8 .405 .471 .390 .733 .574 .564   G    SO
200         Cookie Belcher  11.8 32 1998-99       Nebraska 32 32 31.5 4.3 10.0 3.1  6.0 1.2 4.0 2.0         3.2  3.3 4.3 3.2 0.7 3.1 2.3 11.8 .428 .510 .305 .627 .512 .489   G    JR
[/code]

Provided by [url=https://www.sports-reference.com/sharing.html?utm_source=direct&utm_medium=Share&utm_campaign=ShareTool]Stathead[/url]: [url=https://www.sports-reference.com/stathead/basketball/cbb/player-season-finder.cgi?utm_source=direct&utm_medium=Share&utm_campaign=ShareTool]Found with Stathead. See Full Results.[/url]
Generated 6/11/2026.