
[code]                                                                                                                                                                                    
                                                                                                                                                                                Per 
Rk                 Player PTS/G  G  Season           Team  G GS   MP  FG  FGA  2P  2PA  3P 3PA  FT FTA ORB DRB  TRB AST STL BLK TOV  PF  PTS  FG%  2P%  3P%  FT%  TS% eFG% Pos Class
1            Eric Murdock  25.6 32 1990-91     Providence    32 34.7 8.2 18.4 6.4 13.4 1.8 5.0 7.4         9.2  5.3 4.6 3.5 0.2 3.7 3.1 25.6 .445 .480 .350 .812 .562 .492   G    SR
2               Troy Bell  25.2 31 2002-03 Boston College 31 31 38.6 7.2 16.4 3.8  7.9 3.4 8.5 7.3 8.6 1.5 3.0  4.6 3.7 2.3 0.2 2.5 2.1 25.2 .441 .484 .402 .847 .615 .545   G    SR
3        Donyell Marshall  25.1 34 1993-94    Connecticut 34 34 34.0 9.0 17.6 7.8 13.8 1.2 3.9 5.9 7.8 2.9 5.9  8.9 1.6 1.3 3.3 2.9 2.1 25.1 .512 .568 .311 .752 .589 .546   F    JR
4           Allen Iverson  25.0 37 1995-96     Georgetown 37 37 32.8 8.4 17.6 6.1 11.1 2.4 6.4 5.8         8.6  3.8 4.7 3.4 0.4 3.8 2.4 25.0 .480 .546 .366 .678 .578 .547   G    SO
5               Ray Allen  23.4 35 1995-96    Connecticut 35 35 34.7 8.3 17.7 5.1 10.6 3.3 7.1 3.4 4.2 2.3 4.2  6.5 3.3 1.7 0.5 2.3 1.3 23.4 .472 .477 .466 .810 .595 .566   G    JR
6             Billy Owens  23.3 32 1990-91       Syracuse 32 32 38.0 8.8 17.3 8.1 15.5 0.7 1.8 4.9         7.3 11.6 3.5 2.4 1.2 3.5 2.7 23.3 .509 .522 .397 .674 .560 .530   F    JR
7             Pat Garrity  23.2 27 1997-98     Notre Dame 27 27 35.4 7.9 16.5 6.4 12.5 1.5 4.0 5.9         7.9  8.3 2.4 0.6 0.6 3.5 2.8 23.2 .481 .516 .370 .750 .574 .526   F    SR
8           Mike Sweetney  22.8 34 2002-03     Georgetown 34 34 32.4 7.8 14.2 7.8 14.1 0.0 0.1 7.3 9.9 4.0 6.3 10.4 1.9 1.5 3.2 2.1 2.8 22.8 .547 .550 .000 .738 .604 .547   F    JR
9             Victor Page  22.7 30 1996-97     Georgetown 30 30 32.3 7.8 20.6 5.3 13.8 2.5 6.8 4.6         6.3  4.1 2.2 2.3 0.4 3.6 2.7 22.7 .378 .381 .373 .726 .481 .439   G    SO
10            Troy Murphy  22.7 37 1999-00     Notre Dame 37 37 35.6 7.4 15.1 6.6 12.6 0.8 2.5 7.1 8.7 2.3 7.9 10.3 1.6 1.4 1.0 3.1 2.7 22.7 .492 .525 .326 .808 .590 .519   F    SO
11            Malik Sealy  22.6 30 1991-92 St. Johns (NY)    30 38.7 8.2 17.4 7.7 15.7 0.5 1.8 5.6         7.1  6.8 1.7 2.0 0.6 2.3 2.7 22.6 .472 .491 .302 .793 .544 .488   F    SR
12           John Wallace  22.2 38 1995-96       Syracuse 38 38 36.0 7.7 15.8 6.7 13.4 1.0 2.3 5.8         7.7  8.7 2.4 1.2 1.7 3.2 2.5 22.2 .489 .501 .420 .763 .573 .520   F    SR
13          Marcus Hatten  22.2 34 2002-03 St. Johns (NY) 34 32 35.4 8.1 19.2 6.5 13.8 1.6 5.4 4.3 5.9 1.9 3.6  5.6 4.1 2.9 0.5 3.8 2.5 22.2 .424 .472 .303 .730 .505 .467   G    SR
14        Carmelo Anthony  22.2 35 2002-03       Syracuse 35 35 36.4 7.9 17.5 6.3 12.7 1.6 4.7 4.8 6.8 2.9 7.1 10.0 2.2 1.6 0.9 2.2 2.2 22.2 .453 .496 .337 .706 .537 .498   F    FR
15           Danya Abrams  22.1 28 1994-95 Boston College 28 28 35.4 7.7 14.9 7.7 14.6 0.0 0.3 6.8         9.4  9.1 1.6 1.4 0.6 4.4 3.2 22.1 .514 .524 .000 .720 .570 .514   F    SO
16        Bryant Matthews  22.1 29 2003-04  Virginia Tech 29 29 35.4 7.6 16.0 6.5 13.0 1.1 3.0 5.9 8.9 4.4 4.6  8.9 1.5 2.5 0.8 3.0 3.7 22.1 .473 .499 .360 .664 .547 .506   F    SR
17            Malik Sealy  22.1 32 1990-91 St. Johns (NY)    32 37.6 8.2 16.7 7.7 15.1 0.5 1.7 5.2         6.9  7.7 1.7 2.1 1.3 2.4 3.0 22.1 .492 .512 .302 .743 .552 .507   F    JR
18           Jamel Thomas  22.0 30 1998-99     Providence 30 30 32.8 7.5 17.7 5.6 11.6 1.9 6.1 5.1         6.8  7.2 2.1 1.3 0.4 4.1 2.6 22.0 .423 .479 .317 .754 .526 .477   F    SR
19           Terry Dehere  22.0 35 1992-93     Seton Hall 35 35 34.4 6.9 15.0 4.5  8.9 2.4 6.1 5.8         7.1  3.0 2.7 1.1 0.2 2.7 2.1 22.0 .461 .505 .396 .818 .599 .541   G    SR
20            Troy Murphy  21.8 30 2000-01     Notre Dame 30 29 36.3 7.4 15.8 6.4 12.9 1.0 2.9 5.9 7.7 3.1 6.1  9.2 2.1 0.9 1.7 3.0 3.2 21.8 .471 .499 .349 .766 .560 .503   F    JR
21              Troy Bell  21.6 32 2001-02 Boston College 32 32 37.5 6.5 15.9 4.4  9.1 2.0 6.8 6.6 7.5 1.8 2.3  4.1 3.8 2.3 0.3 3.0 2.6 21.6 .407 .486 .301 .883 .555 .471   G    JR
22       Richard Hamilton  21.5 34 1998-99    Connecticut 34 34 32.1 7.3 16.4 5.3 10.6 2.0 5.8 5.0 6.0 1.5 3.3  4.8 2.7 1.2 0.3 2.4 1.6 21.5 .443 .496 .347 .833 .560 .504   G    JR
23       Richard Hamilton  21.5 37 1997-98    Connecticut 37 37 32.5 7.3 16.6 4.6 10.0 2.7 6.6 4.2 5.0 1.5 2.9  4.4 2.4 1.5 0.2 2.2 1.9 21.5 .440 .463 .404 .843 .566 .520   G    SO
24     Lawrence Moten III  21.5 30 1993-94       Syracuse 30 30 34.8 8.2 16.3 6.5 10.4 1.7 5.9 3.5 5.0 2.0 2.5  4.5 2.2 2.0 0.6 1.9 2.2 21.5 .501 .623 .284 .698 .575 .552   G    JR
25          Kerry Kittles  21.4 33 1994-95      Villanova 33 33 36.9 8.0 15.3 5.4  8.9 2.6 6.3 2.8         3.6  6.1 3.5 2.2 0.4 2.1 1.7 21.4 .524 .603 .411 .767 .629 .609   G    JR
26        Alonzo Mourning  21.3 32 1991-92     Georgetown 32 31 32.8 6.4 10.7 6.3 10.6 0.0 0.1 8.5        11.2 10.7 1.7 0.6 5.0 2.6 3.6 21.3 .595 .599 .250 .758 .663 .596   C    SR
27            Chris Smith  21.2 30 1991-92    Connecticut 30 30 36.3 6.7 16.2 4.0  9.8 2.7 6.4 5.1         6.3  3.3 3.7 1.2 0.5 2.8 1.8 21.2 .415 .412 .420 .800 .552 .498   G    SR
28            Pat Garrity  21.1 30 1996-97     Notre Dame 30 30 35.2 7.4 15.2 6.1 11.8 1.3 3.4 5.1         6.5  7.4 2.8 0.8 0.6 3.5 2.6 21.1 .484 .513 .382 .776 .575 .526   F    JR
29              Ray Allen  21.1 32 1994-95    Connecticut 32 31 32.8 8.0 16.3 5.3 10.3 2.7 6.0 2.5 3.4 2.9 3.9  6.8 2.3 1.9 0.5 2.0 1.7 21.1 .489 .515 .445 .727 .589 .571   G    SO
30        Zendon Hamilton  20.8 27 1995-96 St. Johns (NY)    27 35.5 6.6 13.6 6.6 13.5 0.0 0.1 7.6         9.5 10.3 0.8 0.5 0.7 3.2 2.5 20.8 .486 .492 .000 .797 .574 .486   C    SO
31        Michael Bradley  20.8 31 2000-01      Villanova 31 31 34.0 8.2 11.8 7.8 10.7 0.4 1.1 4.0 6.8 3.5 6.3  9.8 2.6 0.9 1.8 2.8 2.9 20.8 .692 .727 .353 .590 .690 .708   C    JR
32       Preston Shumpert  20.7 36 2001-02       Syracuse 36 36 36.9 7.1 16.4 4.7  9.9 2.4 6.5 4.0 4.9 1.9 4.1  6.1 2.3 1.9 0.4 2.6 1.7 20.7 .433 .469 .378 .818 .551 .508   F    SR
33          Brian Shorter  20.6 29 1989-90     Pittsburgh 29 29 36.8 6.8 12.8 6.8 12.6 0.0 0.2 7.0        10.6  9.4 1.4 1.0 0.5 3.3 3.1 20.6 .532 .541 .000 .662 .579 .532   F    JR
34          Allen Iverson  20.4 30 1994-95     Georgetown 30 29 32.2 6.8 17.3 5.6 12.3 1.2 5.0 5.7         8.3  3.3 4.5 3.0 0.2 4.4 2.6 20.4 .390 .455 .232 .688 .480 .424   G    FR
35          Kerry Kittles  20.4 30 1995-96      Villanova 30 29 35.3 7.2 15.8 4.6  9.4 2.6 6.4 3.4         4.8  7.1 3.5 2.4 0.4 1.8 1.5 20.4 .455 .489 .404 .710 .564 .537   G    SR
36              Troy Bell  20.4 32 2000-01 Boston College 32 32 34.2 5.8 12.7 3.6  7.1 2.2 5.6 6.6 7.7 2.1 2.3  4.3 4.2 2.6 0.4 2.3 2.3 20.4 .459 .513 .391 .857 .625 .546   G    SO
37           Caron Butler  20.3 34 2001-02    Connecticut 34 34 36.0 7.4 15.3 6.6 13.1 0.9 2.2 4.6 5.9 3.2 4.4  7.5 3.0 2.1 0.4 2.9 2.2 20.3 .486 .500 .400 .779 .561 .514   F    SO
38          Marcus Hatten  20.1 32 2001-02 St. Johns (NY) 32 32 36.7 6.6 17.3 4.8 11.0 1.8 6.3 5.1 7.0 1.1 4.1  5.3 4.5 3.3 0.3 3.7 2.7 20.1 .383 .442 .281 .724 .487 .434   G    JR
39          Drew Schifino  20.1 29 2002-03  West Virginia 29 29 34.2 7.6 16.8 6.7 13.9 0.9 2.9 4.0 6.0 1.4 3.3  4.7 2.3 1.1 0.3 2.4 2.0 20.1 .452 .483 .301 .669 .510 .477   F    SO
40            Bill Curley  20.0 34 1993-94 Boston College 34 34 33.5 6.9 12.3 6.9 12.3 0.0 0.0 6.3         8.0  9.0 1.6 0.8 0.8 2.2 2.8 20.0 .557 .559 .000 .793 .623 .557   F    SR
41            Craig Smith  19.9 31 2002-03 Boston College 31 28 31.9 7.8 12.9 7.7 12.4 0.1 0.5 4.3 6.3 3.2 4.7  7.9 1.3 0.9 0.9 2.4 3.4 19.9 .603 .618 .200 .680 .627 .606   F    FR
42          Hakim Warrick  19.8 31 2003-04       Syracuse 31 31 37.3 7.2 14.0 7.2 13.8 0.0 0.2 5.5 8.0 3.2 5.4  8.6 2.6 0.9 1.1 3.1 2.7 19.8 .512 .519 .000 .692 .558 .512   F    JR
43           Mark Tillmon  19.8 31 1989-90     Georgetown 31 31 31.0 6.7 14.3 4.9 10.1 1.8 4.2 4.6         6.3  4.1 1.4 1.7 0.3 2.6 2.5 19.8 .471 .487 .431 .737 .576 .534   G    SR
44           Dave Johnson  19.8 32 1991-92       Syracuse 32 32 37.9 6.5 15.7 4.4  9.4 2.1 6.2 4.7         6.6  7.0 1.5 1.5 0.4 2.7 3.1 19.8 .415 .464 .342 .708 .527 .483   F    SR
45           Terry Dehere  19.8 34 1990-91     Seton Hall 34 34 33.3 6.3 13.5 3.2  6.3 3.1 7.2 4.1 4.9 0.6 2.4  3.0 2.2 1.4 0.4 2.8 2.8 19.8 .463 .502 .429 .839 .622 .577   G    SO
46           Chris Thomas  19.7 32 2003-04     Notre Dame 32 32 38.3 6.6 17.1 3.7  8.8 2.9 8.4 3.6 4.3 0.8 3.5  4.2 4.7 1.6 0.1 2.4 1.9 19.7 .385 .418 .351 .826 .513 .471   G    JR
47          Kerry Kittles  19.7 32 1993-94      Villanova 32 31 39.3 7.3 16.1 5.0  9.6 2.3 6.5 2.8         4.0  6.5 3.4 2.7 0.4 2.2 1.3 19.7 .452 .521 .349 .705 .546 .522   G    SO
48     Lawrence Moten III  19.6 30 1994-95       Syracuse 30 30 35.3 7.0 15.2 5.0  9.3 1.9 5.9 3.8         5.1  4.2 3.3 1.8 0.3 3.0 1.9 19.6 .459 .543 .328 .743 .559 .523   G    SR
49           Danya Abrams  19.6 30 1995-96 Boston College 30 30 34.0 6.3 13.4 6.0 12.5 0.3 0.9 6.6         9.4  9.6 1.5 1.3 0.7 3.1 3.5 19.6 .471 .483 .321 .705 .547 .483   F    JR
50             Ben Gordon  19.5 33 2002-03    Connecticut 33 33 33.4 6.4 14.4 4.0  8.6 2.4 5.8 4.3 5.4 0.9 3.3  4.2 4.7 1.2 0.2 3.4 2.2 19.5 .443 .460 .419 .808 .576 .527   G    SO
51           Matt Carroll  19.5 34 2002-03     Notre Dame 34 34 33.9 6.3 14.3 3.4  7.2 2.9 7.1 4.0 4.7 0.9 4.1  5.0 1.6 1.1 0.1 1.6 2.2 19.5 .441 .475 .407 .844 .590 .543   G    SR
52      Vonteego Cummings  19.5 26 1997-98     Pittsburgh 26 26 40.1 6.7 15.6 5.1 10.6 1.6 5.0 4.6         6.7  4.1 5.9 2.5 0.5 4.4 2.8 19.5 .426 .478 .315 .694 .519 .477   G    JR
53       Preston Shumpert  19.5 34 2000-01       Syracuse 34 34 36.5 6.6 15.1 4.3  9.1 2.4 6.1 3.9 5.1 2.1 3.8  5.9 1.6 1.9 0.6 1.7 2.1 19.5 .437 .471 .386 .763 .554 .515   F    JR
54         Adrian Griffin  19.5 28 1995-96     Seton Hall 28 28 35.1 7.6 15.6 7.2 14.1 0.4 1.6 3.8         5.8  8.3 3.1 2.5 0.6 3.1 2.9 19.5 .486 .510 .273 .665 .530 .500   F    SR
55           Dave Johnson  19.4 32 1990-91       Syracuse 32 32 34.9 7.1 14.2 5.9 11.0 1.2 3.1 4.1         6.2  6.3 2.3 1.5 0.1 2.1 2.4 19.4 .499 .533 .380 .658 .567 .541   F    JR
56           Terry Dehere  19.4 31 1991-92     Seton Hall 31 31 32.4 6.3 14.8 4.6  9.5 1.7 5.3 5.0         6.1  3.7 2.7 1.2 0.3 2.6 2.6 19.4 .427 .486 .321 .830 .548 .485   G    JR
57            Troy Murphy  19.2 27 1998-99     Notre Dame 27 27 33.0 6.8 12.6 6.6 12.1 0.1 0.5 5.5         7.4  9.9 1.4 1.3 1.4 2.9 2.9 19.2 .538 .547 .308 .741 .596 .544   F    FR
58         Jason Matthews  19.1 29 1989-90     Pittsburgh 29 29 37.7 5.7 12.4 3.0  6.4 2.8 6.0 4.9         5.4  3.0 2.4 1.0 0.1 2.2 3.4 19.1 .460 .462 .457 .892 .634 .571   G    JR
59          Mike Sweetney  19.0 29 2001-02     Georgetown 29 28 30.4 6.4 11.2 6.4 11.2 0.0 0.0 6.3 8.0 3.6 6.4 10.0 1.7 0.9 1.7 3.1 2.1 19.0 .567 .569 .000 .788 .633 .567   F    SO
60          Ryan Humphrey  18.9 31 2001-02     Notre Dame 31 31 35.6 7.5 15.2 7.4 15.0 0.1 0.2 3.9 6.6 3.7 7.2 10.9 2.6 1.1 2.8 2.5 2.7 18.9 .489 .489 .500 .598 .516 .493   F    SR
61            Chris Smith  18.9 31 1990-91    Connecticut 31 31 36.5 6.7 15.3 5.2 11.5 1.5 3.8 4.0         5.5  2.9 3.4 1.8 0.5 2.6 2.0 18.9 .439 .454 .393 .719 .527 .487   G    JR
62             Ryan Gomes  18.9 29 2003-04     Providence 29 29 34.8 6.6 13.1 5.6 10.1 1.0 3.0 4.6 5.3 3.8 5.7  9.4 2.3 1.6 0.1 2.6 2.1 18.9 .507 .558 .333 .870 .605 .545   F    JR
63              Troy Bell  18.8 27 1999-00 Boston College 27 27 32.0 5.3 13.8 3.1  8.3 2.2 5.5 6.0 6.7 1.4 1.7  3.1 2.1 1.7 0.3 3.8 2.3 18.8 .386 .378 .399 .894 .554 .465   G    FR
64            Darius Rice  18.7 27 2002-03     Miami (FL) 27 26 33.4 6.3 14.8 3.8  8.0 2.5 6.8 3.7 4.8 1.9 3.9  5.8 1.2 1.4 0.8 2.6 2.6 18.7 .426 .479 .364 .767 .550 .510   F    JR
65           Chris Thomas  18.7 34 2002-03     Notre Dame 34 34 36.6 6.2 15.4 3.9  9.3 2.4 6.1 4.0 4.6 1.0 3.0  4.0 6.9 1.8 0.2 4.2 2.4 18.7 .403 .416 .385 .871 .534 .480   G    SO
66              Tim James  18.6 30 1998-99     Miami (FL) 30 30 31.9 7.2 15.0 6.8 13.7 0.4 1.4 3.8         5.5  8.2 0.8 1.3 2.2 3.2 1.7 18.6 .477 .495 .293 .697 .526 .490   F    SR
67             Ben Gordon  18.5 39 2003-04    Connecticut 39 39 34.5 6.1 14.1 3.5  8.0 2.7 6.2 3.6 4.4 0.9 3.8  4.7 4.5 1.4 0.2 2.8 2.3 18.5 .434 .434 .433 .829 .572 .528   G    JR
68           Jamel Thomas  18.5 29 1997-98     Providence 29 29 35.0 5.6 15.7 3.8  9.6 1.9 6.1 5.4         6.9  6.9 2.0 1.5 0.4 3.7 3.1 18.5 .358 .394 .303 .780 .487 .418   F    JR
69             Ryan Gomes  18.4 32 2002-03     Providence 32 32 36.0 6.7 12.4 6.7 12.3 0.0 0.1 5.1 6.1 3.3 6.4  9.7 2.1 1.7 0.8 2.4 2.2 18.4 .537 .541 .000 .840 .602 .537   F    SO
70    Arturas Karnishovas  18.3 30 1993-94     Seton Hall 30 30 33.4 5.1 13.1 2.8  7.1 2.3 6.0 5.8         7.0  6.8 1.8 0.9 1.4 2.8 2.9 18.3 .390 .396 .383 .833 .559 .478   F    SR
71            Billy Owens  18.2 33 1989-90       Syracuse 33 33 36.0 6.9 14.2 6.3 12.4 0.6 1.8 3.8         5.3  8.4 4.6 2.2 0.8 2.4 3.0 18.2 .486 .511 .317 .722 .545 .506   F    SO
72     Lawrence Moten III  18.2 32 1991-92       Syracuse 32 30 33.8 6.0 12.1 4.6  7.8 1.4 4.4 4.8         6.3  6.0 2.0 1.4 1.1 2.5 2.7 18.2 .497 .597 .321 .752 .602 .555   G    FR
73            Malik Sealy  18.1 34 1989-90 St. Johns (NY) 34 34 38.4 6.7 12.7 6.6 11.9 0.1 0.8 4.7         6.8  6.9 1.7 2.2 1.0 1.8 2.9 18.1 .525 .556 .074 .688 .568 .528   F    SO
74          Ricardo Greer  18.1 28 1999-00     Pittsburgh 28 28 36.0 6.8 14.5 5.6 11.2 1.1 3.4 3.5 5.4 4.3 5.5  9.8 3.2 1.8 0.1 3.5 2.2 18.1 .464 .505 .330 .642 .528 .502   F    JR
75         Johnny Hemsley  18.1 30 1999-00     Miami (FL) 30 29 35.8 6.5 16.3 4.3  9.6 2.1 6.7 3.0 3.5 1.2 2.4  3.6 1.7 1.3 0.3 2.3 2.1 18.1 .398 .451 .320 .849 .503 .463   G    SR
76        Antonio Granger  17.9 31 1997-98 Boston College 31 31 35.4 6.3 13.8 3.7  7.4 2.5 6.5 2.9         3.7  6.2 1.6 1.0 0.6 2.0 2.5 17.9 .453 .509 .390 .776 .575 .544   F    SR
77        Derrick Coleman  17.9 33 1989-90       Syracuse 33 31 35.3 5.9 10.7 5.4  9.4 0.5 1.2 5.7         8.0 12.1 2.9 1.5 2.0 2.7 3.1 17.9 .551 .576 .366 .715 .620 .572   F    SR
78     Lawrence Moten III  17.9 29 1992-93       Syracuse 29 28 32.8 6.6 13.9 5.1  9.4 1.5 4.5 3.2         4.9  4.8 2.7 1.8 0.9 2.8 2.4 17.9 .473 .538 .336 .652 .550 .527   G    SO
79        Austin Croshere  17.9 36 1996-97     Providence 36 36 33.1 5.6 12.2 3.9  7.4 1.7 4.9 5.1         5.7  7.5 1.5 1.1 0.7 2.6 2.6 17.9 .455 .525 .349 .888 .598 .524   C    SR
80       Stephen Thompson  17.8 33 1989-90       Syracuse 33 33 34.6 7.2 14.0 6.7 12.3 0.5 1.8 3.1         6.1  5.2 3.0 1.5 0.2 2.4 1.8 17.8 .510 .543 .276 .502 .527 .527   G    SR
81          Gary Buchanan  17.8 32 2001-02      Villanova 32 29 35.1 5.6 13.2 2.4  5.7 3.2 7.5 3.5 3.8 0.9 3.5  4.4 2.4 1.4 0.3 3.6 2.5 17.8 .424 .426 .423 .911 .594 .544   G    JR
82          Anthony Avent  17.8 34 1990-91     Seton Hall 34 34 32.8 6.7 11.6 6.7 11.6 0.0 0.0 4.4 5.9 3.7 6.2  9.9 1.6 0.9 1.2 2.7 3.0 17.8 .577      .577 .750 .618 .577   F    SR
83            Bill Curley  17.8 31 1991-92 Boston College 31 31 33.9 6.0 10.5 6.0 10.4 0.0 0.0 5.7         7.4  8.1 0.9 0.8 0.8 2.8 3.7 17.8 .577 .579 .000 .774 .637 .577   F    SO
84         Johnny Hemsley  17.8 30 1998-99     Miami (FL) 30 29 36.0 6.1 13.6 3.8  7.8 2.3 5.8 3.3         4.2  4.7 2.3 1.4 0.6 2.7 1.7 17.8 .449 .485 .400 .784 .571 .534   G    JR
85           Felipe Lopez  17.8 28 1994-95 St. Johns (NY) 28 28 34.5 5.9 14.4 4.7 10.4 1.3 4.1 4.7         6.2  5.7 2.8 1.5 0.5 3.2 2.7 17.8 .411 .452 .307 .753 .512 .454   G    FR
86          Eddie Griffin  17.8 30 2000-01     Seton Hall 30 30 32.6 6.9 16.0 5.5 11.7 1.4 4.3 2.7 3.6 3.1 7.6 10.8 1.6 0.9 4.4 2.2 2.4 17.8 .429 .469 .320 .734 .501 .472   F    FR
87          Eric Williams  17.7 30 1994-95     Providence 30 30 34.7 6.1 14.8 5.2 12.2 1.0 2.6 4.5         6.5  6.7 2.5 2.0 0.3 2.6 3.2 17.7 .413 .422 .372 .687 .494 .446   F    SR
88           Emeka Okafor  17.6 36 2003-04    Connecticut 36 36 32.4 7.3 12.1 7.3 12.1 0.0 0.0 3.1 6.1 3.8 7.7 11.5 1.0 1.0 4.1 2.3 2.4 17.6 .599      .599 .518 .588 .599   C    JR
89          Drew Schifino  17.6 11 2003-04  West Virginia 11 11 34.2 6.4 14.6 5.5 11.7 0.9 2.9 4.0 6.6 2.3 2.8  5.1 1.4 2.1 0.5 2.6 2.1 17.6 .435 .465 .313 .603 .496 .466   F    JR
90            Todd Burgan  17.6 35 1997-98       Syracuse 35 35 36.7 5.6 13.9 3.7  8.5 1.9 5.3 4.4         5.9  7.1 3.3 2.1 0.2 2.9 2.7 17.6 .404 .428 .366 .749 .527 .474   F    SR
91           Felipe Lopez  17.6 32 1997-98 St. Johns (NY) 32 32 34.6 6.4 14.9 4.6  9.4 1.9 5.6 2.8         4.9  4.8 2.7 1.2 0.8 2.3 3.0 17.6 .431 .487 .337 .573 .509 .494   G    SR
92          Calvin Bowman  17.6 29 2000-01  West Virginia 29 28 32.7 6.7 12.3 6.7 12.2 0.0 0.1 4.2 6.1 3.3 6.4  9.7 1.1 1.2 1.1 2.9 2.6 17.6 .541 .544 .000 .691 .576 .541   C    SR
93             Chris Moss  17.5 28 2001-02  West Virginia 28 27 32.7 6.2 11.5 6.2 11.4 0.0 0.1 5.1 7.1 3.2 4.8  8.0 0.9 0.9 0.8 2.5 2.0 17.5 .542 .545 .000 .719 .591 .542   F    SR
94          Derrick Brown  17.4 34 1996-97     Providence 34 34 31.9 6.1 12.2 4.8  8.7 1.3 3.5 3.9         4.8  6.3 1.5 1.1 0.3 2.5 2.4 17.4 .499 .551 .370 .810 .599 .552   F    SR
95        Bryant Matthews  17.3 29 2002-03  Virginia Tech 29 29 34.4 6.1 14.8 4.8 10.6 1.4 4.2 3.7 6.3 3.8 3.3  7.1 2.2 1.7 1.2 2.9 3.3 17.3 .416 .450 .331 .588 .489 .463   F    JR
96              Allan Ray  17.3 35 2003-04      Villanova 35 34 34.7 5.8 13.2 3.3  6.9 2.5 6.3 3.3 4.1 0.6 3.3  3.9 2.7 0.9 0.2 2.5 2.6 17.3 .438 .481 .392 .792 .571 .532   G    SO
97       Shaheen Holloway  17.3 28 1996-97     Seton Hall 28 28 37.4 5.7 15.7 3.1  8.2 2.6 7.5 3.3         6.1  3.8 6.3 2.8 0.4 5.0 2.8 17.3 .364 .384 .341 .544 .465 .445   G    FR
98          Andre Barrett  17.3 31 2003-04     Seton Hall 31 31 36.1 6.0 13.3 3.7  7.1 2.4 6.1 2.9 3.8 0.9 3.0  3.9 5.9 1.4 0.1 2.6 2.0 17.3 .455 .516 .384 .761 .574 .544   G    SR
99         Gerry McNamara  17.2 31 2003-04       Syracuse 31 31 36.2 4.9 12.8 1.5  4.1 3.4 8.7 4.0 4.5 0.4 2.2  2.6 3.8 1.7 0.0 2.5 2.1 17.2 .384 .375 .389 .872 .574 .516   G    SO
100        Damon Santiago  17.2 27 1995-96        Rutgers    27 33.9 6.0 14.3 3.4  8.4 2.6 5.9 2.5         3.5  3.5 3.0 0.9         0.1 17.2 .421 .410 .438 .723 .537 .512   G    SR
101           Pat Garrity  17.2 27 1995-96     Notre Dame 27 27 33.1 6.6 13.8 6.0 11.9 0.5 1.9 3.6         5.2  7.1 1.4 0.9 0.5 2.7 3.1 17.2 .476 .508 .275 .686 .529 .495   F    SO
102           Chris Smith  17.2 37 1989-90    Connecticut 37 37 33.0 5.6 13.4 3.6  8.2 2.0 5.2 3.9         4.9  2.5 3.6 1.7 0.2 2.2 2.4 17.2 .417 .433 .393 .811 .546 .493   G    SO
103        Alvin Williams  17.1 34 1996-97      Villanova 34 34 34.2 5.8 12.1 4.0  7.1 1.9 5.0 3.6         4.8  5.0 3.8 1.8 0.4 2.7 2.5 17.1 .481 .560 .368 .742 .593 .557   G    SR
104          Gerald Riley  17.0 28 2003-04     Georgetown 28 28 33.1 5.5 13.3 3.8  8.7 1.7 4.6 4.4 5.3 1.4 2.1  3.5 1.6 1.8 0.3 2.4 3.0 17.0 .411 .434 .367 .844 .540 .474   G    SR
105      Donyell Marshall  17.0 27 1992-93    Connecticut 27 26 31.6 6.1 12.3 5.4 10.3 0.7 2.0 4.0         4.8  7.8 1.1 1.4 2.1 2.2 2.3 17.0 .500 .525 .370 .829 .584 .530   F    SO
106           Craig Smith  16.9 34 2003-04 Boston College 34 34 32.9 6.9 12.5 6.7 11.9 0.2 0.6 2.9 5.1 2.4 5.9  8.3 1.4 1.5 0.9 1.9 2.7 16.9 .553 .562 .368 .572 .568 .561   F    SO
107            Tim Thomas  16.9 32 1996-97      Villanova 32 31 31.4 5.8 13.0 4.4  8.6 1.5 4.4 3.8         4.8  6.0 2.1 1.8 1.0 2.8 2.8 16.9 .450 .507 .336 .796 .555 .506   F    FR
108           Darius Lane  16.9 31 2000-01     Seton Hall 31 30 31.6 5.7 14.1 2.4  5.6 3.3 8.4 2.2 3.3 1.8 3.1  4.8 2.4 1.7 0.2 2.3 2.2 16.9 .406 .423 .395 .673 .542 .524   G    JR
109         Andre Barrett  16.9 30 2001-02     Seton Hall 30 30 34.5 5.5 13.8 3.2  7.2 2.3 6.6 3.7 4.9 0.9 2.7  3.6 5.0 1.6 0.1 2.8 1.7 16.9 .396 .444 .343 .753 .523 .478   G    SO
110           Darius Rice  16.9 28 2003-04     Miami (FL) 28 27 31.5 5.9 14.6 4.0  8.1 2.0 6.4 3.0 3.8 2.0 4.4  6.4 0.9 0.8 0.7 2.0 2.1 16.9 .407 .487 .306 .802 .515 .474   F    SR
111           James Jones  16.9 28 2002-03     Miami (FL) 28 28 34.2 5.6 12.5 4.2  9.0 1.4 3.6 4.2 5.1 1.9 4.2  6.0 1.8 1.6 1.8 2.5 2.7 16.9 .447 .466 .400 .831 .564 .504   F    SR
112        Jerome Coleman  16.8 31 2001-02        Rutgers 31 31 31.0 5.4 14.5 2.2  5.3 3.2 9.2 2.8 3.9 1.1 2.2  3.3 1.5 1.9 0.3 2.5 2.7 16.8 .374 .423 .346 .713 .515 .484   G    JR
113          John Wallace  16.8 30 1994-95       Syracuse 30 30 33.0 6.6 11.2 6.4 10.7 0.1 0.5 3.5         5.2  8.2 2.6 1.3 1.8 3.0 2.7 16.8 .588 .601 .286 .679 .616 .594   F    JR
114    Othella Harrington  16.8 33 1992-93     Georgetown 33 33 32.6 6.2 10.8 6.2 10.8 0.0 0.0 4.4         5.8  8.8 1.0 0.8 1.5 2.7 2.9 16.8 .573      .573 .746 .616 .573   C    FR
115             Tim James  16.8 28 1997-98     Miami (FL) 28 28 31.8 6.6 13.5 6.4 12.9 0.1 0.6 3.5         5.1  9.4 0.4 1.5 1.6 3.1 2.3 16.8 .485 .497 .235 .674 .524 .491   F    JR
116         Andre Barrett  16.7 30 2002-03     Seton Hall 30 30 37.9 5.4 12.5 3.5  7.4 1.9 5.1 4.1 4.9 0.8 3.0  3.8 5.3 1.5 0.1 3.4 1.9 16.7 .433 .477 .368 .836 .566 .508   G    JR
117          Adrian Autry  16.7 30 1993-94       Syracuse 30 30 35.7 5.9 13.2 4.4  9.0 1.6 4.2 3.3 4.2 0.9 3.9  4.8 6.1 1.6 0.3 3.8 2.6 16.7 .449 .487 .370 .784 .550 .509   G    SR
118         Ricardo Greer  16.6 33 2000-01     Pittsburgh 33 32 34.0 6.3 12.9 5.2  9.3 1.0 3.6 3.0 4.4 2.4 5.0  7.4 2.8 1.3 0.4 2.6 2.2 16.6 .485 .564 .283 .685 .552 .525   F    SR
119           Todd Billet  16.6 27 2000-01        Rutgers 27 27 37.6 5.3 13.2 2.3  5.7 3.0 7.5 2.9 3.7 0.7 1.2  1.9 4.2 0.6 0.1 2.8 1.9 16.6 .403 .400 .406 .770 .553 .518   G    SO
120          Damian Owens  16.5 32 1997-98  West Virginia 32 30 29.7 6.7 13.2 6.4 11.7 0.3 1.5 2.8         5.5  6.6 3.0 3.0 0.6 2.1 1.8 16.5 .506 .544 .208 .514 .522 .518   F    SR
121            Boo Harvey  16.5 33 1989-90 St. Johns (NY) 33 33 36.6 5.5 12.1 4.2  8.5 1.4 3.6 4.0         5.0  2.2 5.5 1.8 0.0 0.1 2.1 16.5 .458 .486 .390 .805 .569 .515   G    SR
122        Jason Matthews  16.5 33 1990-91     Pittsburgh 33 30 28.3 4.7 10.9 2.1  4.9 2.6 6.0 4.5         5.2  2.1 2.1 1.1 0.2 1.7 2.3 16.5 .431 .417 .442 .860 .616 .551   G    SR
123          Marcus Goree  16.5 29 1998-99  West Virginia 29 29 35.2 6.2 12.3 6.2 12.0 0.0 0.3 4.0         5.4  7.9 1.7 1.2 1.4 2.6 2.4 16.5 .506 .514 .125 .741 .554 .507   F    JR
124       Alonzo Mourning  16.5 31 1989-90     Georgetown 31 31 30.2 4.7  8.9 4.7  8.8 0.0 0.1 7.1         9.1  8.5 1.2 0.5 2.2 2.8 3.6 16.5 .525 .529 .000 .783 .623 .525   C    SO
125          Damone Brown  16.4 34 2000-01       Syracuse 34 34 35.9 6.3 12.9 6.2 12.4 0.1 0.4 3.7 4.6 3.2 5.6  8.8 1.6 1.7 1.4 2.0 2.7 16.4 .492 .499 .286 .791 .546 .497   F    SR
126          Danya Abrams  16.4 30 1996-97 Boston College 30 30 34.0 4.6 10.5 4.5 10.2 0.1 0.3 7.0         9.6  8.2 1.6 1.0 0.6 3.5 3.3 16.4 .443 .443 .444 .732 .546 .449   F    SR
127     Vonteego Cummings  16.3 33 1996-97     Pittsburgh 33 33 34.2 5.7 12.5 4.5  9.4 1.3 3.2 3.6         5.1  4.2 4.2 2.6 0.2 3.9 3.0 16.3 .457 .476 .400 .713 .546 .507   G    SO
128         Scott Burrell  16.3 30 1991-92    Connecticut 30 30 35.3 5.8 12.9 3.8  7.7 2.0 5.1 2.6         4.2  6.1 2.9 2.5 1.0 3.2 3.2 16.3 .453 .491 .396 .611 .547 .532   G    JR
129          Felipe Lopez  16.2 27 1995-96 St. Johns (NY)    27 33.5 5.8 14.2 4.8 10.5 1.0 3.7 3.7         5.4  6.2 1.9 1.1 0.5 3.1 2.3 16.2 .406 .458 .260 .683 .482 .440   G    SO
130       Zendon Hamilton  16.2 27 1996-97 St. Johns (NY) 27 27 32.7 4.9 11.3 4.9 11.3 0.0 0.0 6.4         9.0  9.4 0.4 0.8 0.7 3.1 2.1 16.2 .431 .433 .000 .715 .519 .431   C    JR
131         Scott Burrell  16.1 26 1992-93    Connecticut 26 25 33.1 5.6 13.6 3.7  8.0 1.9 5.6 3.0         4.0  6.0 2.1 2.4 1.1 2.4 2.9 16.1 .411 .457 .345 .760 .521 .482   G    SR
132     Vonteego Cummings  16.1 26 1998-99     Pittsburgh 26 26 35.5 5.9 14.3 4.3  9.5 1.6 4.8 2.8         4.0  4.1 4.3 2.7 0.4 3.2 2.9 16.1 .411 .452 .331 .699 .498 .466   G    SR
133          Terry Dehere  16.1 28 1989-90     Seton Hall 28 28 33.3 4.8 11.9 2.2  5.2 2.6 6.7 3.9         4.9  3.4 2.1 0.9 0.5 2.9 3.5 16.1 .402 .418 .390 .797 .566 .512   G    FR
134         Erick Barkley  16.0 28 1999-00 St. Johns (NY) 28 27 36.9 5.7 14.3 3.9  8.6 1.8 5.7 2.9 4.4 0.7 2.3  3.0 4.5 3.0 0.3 2.4 2.3 16.0 .398 .454 .313 .664 .490 .460   G    SO
135        Jerome Coleman  16.0 28 2002-03        Rutgers 28 27 30.5 5.4 15.4 2.8  6.7 2.6 8.7 2.7 3.6 1.3 2.3  3.6 1.8 1.9 0.0 2.1 2.8 16.0 .350 .420 .295 .743 .468 .433   G    SR
136        Khalid El-Amin  16.0 37 1997-98    Connecticut 37 36 29.9 5.7 13.5 3.5  7.5 2.2 6.0 2.4 3.1 0.7 2.2  2.9 4.2 1.8 0.1 2.7 1.8 16.0 .424 .471 .365 .796 .537 .505   G    FR
137         Doron Sheffer  16.0 35 1995-96    Connecticut 35 35 31.9 5.2 12.1 2.5  5.4 2.7 6.7 2.9 3.4 1.4 3.5  4.8 6.1 1.9 0.4 3.1 1.9 16.0 .430 .460 .406 .849 .584 .543   G    JR
138         Howard Eisley  16.0 34 1993-94 Boston College 34 34 35.4 5.4 11.4 2.8  5.9 2.7 5.5 2.4         3.1  3.4 4.6 1.5 0.1 2.5 2.7 16.0 .476 .468 .484 .790 .620 .593   G    SR
139        Khalid El-Amin  16.0 35 1999-00    Connecticut 35 35 31.9 5.6 13.6 3.8  8.5 1.8 5.1 3.1 3.4 0.6 2.5  3.1 5.2 1.7 0.1 2.7 2.1 16.0 .411 .443 .356 .892 .526 .477   G    JR
140         Dahntay Jones  16.0 31 1999-00        Rutgers 31 31 33.6 5.4 12.9 4.1  9.3 1.3 3.6 4.0 5.6 1.4 3.2  4.6 2.0 0.9 0.6 2.7 3.2 16.0 .414 .441 .345 .709 .511 .463   F    SO
141       Shawnelle Scott  16.0 22 1993-94 St. Johns (NY)    22 33.0 6.4 12.1 6.4 12.0 0.0 0.0 3.1         5.3  9.2 1.3 1.1 1.2 2.1 3.0 16.0 .530 .532 .000 .590 .546 .530   C    SR
142      Deshaun Williams  15.9 33 2001-02       Syracuse 33 33 35.0 5.6 14.7 3.5  7.6 2.2 7.1 2.6 3.6 1.1 2.5  3.5 4.1 2.1 0.3 3.9 2.5 15.9 .382 .454 .305 .714 .487 .456   G    JR
143        Brandon Bowman  15.9 28 2003-04     Georgetown 28 28 34.7 5.8 13.4 4.7 10.1 1.1 3.3 3.4 4.8 2.8 5.3  8.1 1.9 2.0 1.3 3.7 2.7 15.9 .428 .463 .323 .701 .507 .468   F    SO
144          Felipe Lopez  15.9 27 1996-97 St. Johns (NY) 27 27 35.4 5.3 12.9 4.3  8.9 1.0 4.0 4.4         7.1  6.8 2.3 1.0 0.4 3.6 3.0 15.9 .407 .477 .250 .620 .488 .446   G    JR
145        Steven Edwards  15.9 27 1992-93     Miami (FL) 27 25 29.2 4.7 11.3 1.8  3.6 2.9 7.7 3.6         5.2  3.4 3.9 2.1 0.3 3.1 2.5 15.9 .418 .495 .382 .693 .580 .548   F    FR
146      Richard Hamilton  15.9 32 1996-97    Connecticut 32 32 30.6 5.4 14.1 3.3  8.3 2.2 5.8 2.8 3.6 1.3 3.0  4.3 2.8 1.3 0.3 3.0 2.4 15.9 .386 .392 .376 .784 .503 .463   G    FR
147          Emeka Okafor  15.9 33 2002-03    Connecticut 33 33 32.9 6.7 11.5 6.7 11.5 0.0 0.0 2.5 4.2 3.8 7.4 11.2 0.5 0.9 4.7 2.3 3.0 15.9 .580      .580 .599 .587 .580   C    SO
148           Bill Curley  15.8 31 1992-93 Boston College    31 33.9 5.8 10.1 5.8 10.1 0.0 0.0 4.2         4.9  7.6 1.2 1.0 0.9 2.2 3.0 15.8 .580      .580 .849 .639 .580   F    JR
149        Levell Sanders  15.8 28 1996-97     Seton Hall 28 28 32.7 5.1 12.8 2.6  6.2 2.5 6.6 3.2         4.1  5.1 3.1 2.5 0.1 2.8 2.8 15.8 .397 .422 .373 .783 .537 .493   G    JR
150        Donny Marshall  15.8 32 1994-95    Connecticut 32 32 30.5 5.4 11.8 4.7  9.0 0.8 2.9 4.3 5.1 1.9 3.9  5.8 1.4 1.2 0.2 2.3 2.3 15.8 .456 .519 .261 .829 .554 .488   F    SR
151       Alonzo Mourning  15.8 23 1990-91     Georgetown 23 23 29.7 4.6  8.7 4.4  8.2 0.2 0.6 6.5         8.2  7.7 1.1 0.4 2.4 2.5 3.2 15.8 .522 .537 .308 .793 .625 .532   C    JR
152            Eric Eberz  15.7 33 1994-95      Villanova 33 32 32.3 5.7 12.0 2.9  5.5 2.8 6.5 1.4         1.9  4.4 1.6 1.0 0.4 1.8 2.4 15.7 .476 .519 .439 .734 .607 .594   F    JR
153         Eric Williams  15.7 30 1993-94     Providence    30 26.0 5.5 10.9 5.5 10.7 0.0 0.2 4.6         7.0  5.0 1.2 1.2 1.8 1.8 2.3 15.7 .508 .516 .000 .660 .551 .508   F    JR
154             Otis Hill  15.7 32 1996-97       Syracuse 32 32 29.3 6.3 11.6 6.3 11.5 0.0 0.0 3.0         4.6  6.1 0.8 1.7 1.1 2.0 3.4 15.7 .549 .550 .000 .642 .569 .549   C    SR
155        Duane Woodward  15.6 31 1997-98 Boston College 31 31 36.2 4.9 12.7 3.4  7.8 1.5 4.9 4.4         5.9  4.3 5.1 2.1 0.4 4.1 1.9 15.6 .385 .436 .303 .742 .504 .443   G    SR
156          Chris Thomas  15.6 33 2001-02     Notre Dame 33 33 38.0 4.8 12.5 2.5  6.3 2.3 6.2 3.6 4.1 0.8 2.7  3.5 7.6 2.2 0.2 3.1 2.2 15.6 .387 .406 .369 .889 .541 .479   G    FR
157        Brandin Knight  15.6 35 2001-02     Pittsburgh 35 35 36.7 5.5 13.0 2.9  5.5 2.7 7.5 1.9 4.2 0.8 4.0  4.8 7.2 2.3 0.5 3.2 2.5 15.6 .427 .523 .356 .442 .521 .530   G    JR
158      Seldon Jefferson  15.6 30 1996-97  West Virginia 30 30 33.0 5.1 11.8 2.7  5.3 2.4 6.5 3.0         4.3  2.9 4.6 1.9 0.1 2.6 1.9 15.6 .432 .513 .367 .698 .563 .534   G    SR
159        Levell Sanders  15.6 27 1997-98     Seton Hall 27 27 36.2 5.0 13.2 2.1  5.0 2.9 8.3 2.6         3.1  3.7 2.7 1.7 0.2 2.7 2.4 15.6 .378 .418 .354 .835 .528 .489   G    SR
160         Ricky Shields  15.5 33 2003-04        Rutgers 33 32 33.0 5.1 12.2 2.2  4.7 2.8 7.5 2.6 3.4 0.9 3.8  4.7 1.9 0.9 0.1 2.1 1.5 15.5 .413 .477 .373 .761 .560 .528   G    JR
161          Terry Taylor  15.5 28 2002-03  Virginia Tech 28 25 31.3 5.8 10.9 5.8 10.9 0.0 0.0 3.9 5.7 3.2 4.1  7.3 0.8 0.4 0.5 1.4 2.5 15.5 .529 .531 .000 .692 .569 .529   C    SR
162          Eric Murdock  15.4 28 1989-90     Providence    28 29.8 5.3 12.5 3.8  8.4 1.5 4.1 3.4         4.5  4.1 3.3 2.8 0.5 2.4 2.8 15.4 .419 .445 .365 .762 .526 .479   G    JR
163          Carl Krauser  15.4 32 2003-04     Pittsburgh 32 32 36.1 4.8 11.8 3.3  7.3 1.5 4.5 4.3 5.6 0.8 4.0  4.9 4.5 1.6 0.1 3.0 2.5 15.4 .406 .451 .333 .777 .534 .469   G    SO
164         Gary Buchanan  15.4 26 2002-03      Villanova 26 22 26.7 5.1 12.0 1.7  3.7 3.4 8.3 1.8 2.1 0.7 2.6  3.3 1.7 1.3 0.1 1.6 1.3 15.4 .426 .464 .409 .836 .591 .567   G    SR
165       Zendon Hamilton  15.4 32 1997-98 St. Johns (NY) 32 32 32.4 5.0 10.7 5.0 10.7 0.0 0.0 5.3         8.1  8.7 0.4 0.5 0.9 2.8 2.2 15.4 .472      .472 .654 .530 .472   C    SR
166          Caron Butler  15.3 29 2000-01    Connecticut 29 28 32.8 5.2 12.0 4.7 10.4 0.5 1.6 4.4 5.9 3.4 4.2  7.6 3.1 2.2 0.3 2.4 2.6 15.3 .435 .455 .304 .754 .520 .455   F    FR
167           Elton Scott  15.3 29 1998-99  West Virginia 29 29 35.4 6.2 14.0 5.3 10.9 0.9 3.1 2.1         3.1  6.3 3.8 2.7 1.0 3.0 2.1 15.3 .441 .489 .275 .681 .495 .472   F    SR
168             Omar Cook  15.3 29 2000-01 St. Johns (NY) 29 29 38.2 4.9 13.5 2.5  5.9 2.3 7.6 3.3 4.4 0.6 2.4  3.0 8.7 2.3 0.2 5.1 2.8 15.3 .360 .424 .309 .742 .491 .446   G    FR
169        Adrian Griffin  15.3 30 1994-95     Seton Hall 30 30 31.6 6.1 11.1 5.9 10.4 0.2 0.7 2.9         4.0  7.2 2.8 2.2 0.7 2.3 2.6 15.3 .554 .571 .300 .723 .592 .563   F    JR
170      Jerry McCullough  15.3 28 1992-93     Pittsburgh 28 28 35.4 4.4 11.5 2.7  5.6 1.7 5.9 4.7 6.1 1.2 2.6  3.8 5.6 2.3 0.4 3.2 2.9 15.3 .385 .481 .293 .772 .531 .460   G    SO
171           Darius Lane  15.3 32 1999-00     Seton Hall 32 27 30.0 5.2 12.7 2.3  4.8 2.8 7.9 2.1 3.0 1.0 3.5  4.6 1.8 1.3 0.2 2.3 1.9 15.3 .405 .484 .358 .701 .540 .517   G    SO
172       Bootsy Thornton  15.3 33 1999-00 St. Johns (NY) 33 33 35.3 6.1 12.5 4.4  7.8 1.7 4.7 1.4 2.5 2.1 3.3  5.5 2.9 2.4 0.3 1.9 2.2 15.3 .486 .564 .355 .573 .556 .552   G    SR
173       Austin Croshere  15.3 30 1995-96     Providence    30 28.8 5.0 12.0 3.5  7.3 1.6 4.7 3.6         4.3  5.8 1.1 1.5 0.9 2.1 2.6 15.3 .421 .477 .333 .852 .545 .486   C    JR
174       Dikembe Mutombo  15.2 32 1990-91     Georgetown 32 32 34.1 5.3  9.1 5.3  9.1 0.0 0.0 4.6         6.5 12.2 1.6 0.6 4.7 2.3 2.8 15.2 .586      .586 .703 .626 .586   C    SR
175        Carlton Screen  15.2 29 1989-90     Providence    29 33.7 4.6  9.4 3.4  6.7 1.2 2.7 4.7         5.4  2.2 7.0 2.4     0.1 2.9 15.2 .493 .508 .456 .866 .635 .559   G    SR
176        Robert Hite II  15.2 30 2003-04     Miami (FL) 30 29 30.4 5.6 11.5 3.9  7.0 1.7 4.5 2.3 2.6 0.9 2.7  3.6 2.0 2.0 0.3 2.2 2.0 15.2 .488 .560 .378 .861 .596 .563   G    SO
177           Todd Burgan  15.1 25 1996-97       Syracuse 25 25 33.8 5.0 12.7 3.0  7.3 2.0 5.4 3.1         4.6  7.6 2.6 1.6 0.3 3.4 2.9 15.1 .393 .415 .363 .678 .506 .470   F    JR
178        Albert Mouring  15.1 32 2000-01    Connecticut 32 32 34.4 5.0 11.4 3.2  6.6 1.8 4.8 3.3 3.7 0.8 2.3  3.2 1.7 1.2 0.4 1.6 1.7 15.1 .437 .483 .374 .889 .572 .516   G    SR
179          Lance Miller  15.0 32 1990-91      Villanova 32 31 34.6 5.2 11.9 4.7  9.6 0.5 2.4 4.1         5.5  6.8 2.7 1.9     0.4 2.4 15.0 .437 .490 .224 .734 .516 .459   F    SO
180      Shaheen Holloway  15.0 29 1997-98     Seton Hall 29 28 36.7 5.3 15.3 3.7  8.8 1.6 6.6 2.9         4.6  3.8 6.5 2.1 0.2 3.7 2.6 15.0 .344 .420 .242 .629 .428 .396   G    SO
181          John Wallace  15.0 30 1993-94       Syracuse 30 30 32.6 5.5  9.7 5.5  9.6 0.0 0.1 4.0 5.3 2.6 6.4  9.0 1.7 0.9 1.7 3.1 3.0 15.0 .566 .569 .000 .761 .614 .566   F    SO
182           Darius Rice  14.9 32 2001-02     Miami (FL) 32 31 32.8 4.8 12.7 2.5  6.2 2.4 6.5 2.9 3.6 1.4 4.5  5.9 1.7 1.2 0.7 1.8 1.7 14.9 .383 .401 .365 .800 .520 .477   F    SO
183        John Celestand  14.9 31 1998-99      Villanova    31 32.5 4.9 11.2 3.0  6.3 1.9 5.0 3.2         4.0  3.1 4.4 1.3 0.3 3.0 2.2 14.9 .437 .479 .383 .798 .568 .522   G    SR
184       Bootsy Thornton  14.9 37 1998-99 St. Johns (NY) 37 37 30.1 6.0 12.1 4.6  8.3 1.4 3.8 1.4         2.1  4.5 1.8 1.5 0.2 1.9 1.9 14.9 .500 .554 .381 .646 .569 .559   G    JR
185          Lance Miller  14.9 29 1991-92      Villanova 29 28 35.1 4.8 11.5 3.7  8.4 1.0 3.1 4.3         5.4  5.7 3.1 1.4     0.6 3.1 14.9 .414 .443 .337 .796 .529 .459   F    JR
186        Kevin Braswell  14.8 34 1999-00     Georgetown 34 34 33.4 4.9 13.3 3.4  8.2 1.5 5.1 3.6 4.7 0.9 3.7  4.7 5.3 2.6 0.1 3.6 2.6 14.8 .368 .412 .297 .752 .478 .425   G    SO
187           Daryll Hill  14.8 27 2003-04 St. Johns (NY) 27 26 35.1 5.6 14.8 4.5 11.4 1.1 3.3 2.4 3.2 0.7 2.0  2.7 3.7 1.6 0.1 3.5 1.6 14.8 .381 .392 .344 .747 .454 .420   G    FR
188         Derrick Brown  14.8 30 1995-96     Providence    30 29.3 5.3 11.1 4.5  8.2 0.9 2.9 3.3         4.3  6.8 1.6 1.0     0.4 2.7 14.8 .482 .545 .302 .754 .564 .521   F    JR
189           Erron Maxey  14.8 30 1999-00     Providence 30 30 33.1 6.3 13.1 6.0 12.2 0.2 0.9 2.0 3.6 3.9 4.1  8.0 1.1 1.4 1.0 2.3 3.4 14.8 .477 .493 .259 .570 .499 .486   F    JR
190         Hakim Warrick  14.8 35 2002-03       Syracuse 35 35 32.7 5.6 10.4 5.6 10.4 0.0 0.0 3.5 5.3 3.2 5.3  8.5 1.6 1.4 1.3 2.6 2.7 14.8 .541 .543 .000 .667 .573 .541   F    SO
191    Othella Harrington  14.7 31 1993-94     Georgetown 31 31 28.9 4.9  8.9 4.9  8.9 0.0 0.0 4.9         6.6  8.0 1.2 0.7 1.6 3.0 3.2 14.7 .551 .553 .000 .733 .609 .551   C    SO
192          Marty Conlon  14.7 29 1989-90     Providence    29 29.9 4.7  9.3 4.2  7.7 0.5 1.7 4.8         6.4  7.6 2.5 0.6 0.5 2.5 2.9 14.7 .502 .543 .313 .738 .591 .530   F    SR
193   Arturas Karnishovas  14.6 34 1992-93     Seton Hall 34 32 30.3 4.7  9.3 3.3  6.1 1.4 3.1 3.8         4.6  6.6 1.7 0.8 0.7 1.8 2.9 14.6 .508 .538 .449 .832 .639 .584   F    JR
194       Jayson Williams  14.6 13 1989-90 St. Johns (NY) 13 13 29.0 5.4 10.1 5.3  9.9 0.1 0.2 3.8         6.2  7.8 0.5 0.2 0.9 2.4 3.5 14.6 .534 .535 .500 .613 .562 .538   F    SR
195          Damian Owens  14.6 27 1995-96  West Virginia 27 27 31.9 5.8 11.3 5.3  9.6 0.5 1.7 2.4         4.1  8.3 3.6 1.7 1.2 3.1 1.9 14.6 .513 .552 .298 .586 .548 .536   F    SO
196           Abdul Mills  14.5 29 2001-02     Providence 29 28 30.1 4.4 12.0 2.3  5.6 2.1 6.3 3.6 5.3 1.1 2.2  3.3 2.6 1.5 0.3 3.0 2.3 14.5 .366 .405 .332 .682 .500 .454   G    JR
197          Chris McNeal  14.5 34 1991-92     Pittsburgh 34 34 30.6 5.6 11.4 5.5 10.6 0.1 0.9 3.1         4.6  9.1 0.9 1.1 0.6 1.8 2.3 14.5 .492 .521 .138 .684 .533 .497   F    JR
198      Donnell Williams  14.5 28 1997-98     Seton Hall 28 26 31.1 5.1 12.0 2.8  6.6 2.3 5.4 1.9         2.5  4.2 1.0 0.8 0.3 1.8 2.4 14.5 .427 .425 .430 .754 .548 .524   F    SR
199          Marcus Goree  14.5 28 1999-00  West Virginia 28 27 34.8 5.7 10.7 4.9  8.7 0.8 2.0 2.4 3.3 2.7 5.5  8.3 1.9 1.6 2.5 2.5 2.3 14.5 .532 .566 .382 .710 .590 .567   F    SR
200     Metta World Peace  14.5 37 1998-99 St. Johns (NY) 37 37 34.2 5.3 11.3 3.7  7.1 1.6 4.2 2.3         3.6  6.3 4.2 2.1 1.2 2.8 2.3 14.5 .469 .525 .374 .644 .556 .538   F    SO
[/code]

Provided by [url=https://www.sports-reference.com/sharing.html?utm_source=direct&utm_medium=Share&utm_campaign=ShareTool]Stathead[/url]: [url=https://www.sports-reference.com/stathead/basketball/cbb/player-season-finder.cgi?utm_source=direct&utm_medium=Share&utm_campaign=ShareTool]Found with Stathead. See Full Results.[/url]
Generated 6/11/2026.