[code]                                                                                                                                                                                               
                                                                                                                                                                                           Per 
Rk                    Player PTS/G  G  Season                 Team  G GS   MP  FG  FGA  2P  2PA  3P  3PA  FT FTA ORB DRB  TRB AST STL BLK TOV  PF  PTS  FG%  2P%   3P%  FT%  TS% eFG% Pos Class
1                Tony Dunkin  23.7 32 1992-93 USC Coastal Carolina    32 37.5 8.2 15.8 6.2 11.6 2.0  4.3 5.3         6.8  6.3 1.6 1.4 1.2 2.1 1.5 23.7 .520 .538  .471 .782 .624 .583   F    SR
2              Darnell Sneed  23.0 27 1992-93  Charleston Southern    27 35.0 8.1 18.3 7.1 15.1 0.9  3.1 6.0         6.9  6.6 2.9 1.6 0.1 3.4 2.0 23.0 .441 .472  .294 .866 .534 .467   G    SR
3                 Devin Boyd  23.0 27 1992-93         Towson State    27 33.6 6.6 16.3 4.6 10.0 2.0  6.3 7.9        10.1  3.9 3.0 2.6 0.0 3.6 2.2 23.0 .401 .456  .316 .787 .545 .463   G    SR
4                Tony Dunkin  22.5 21 1991-92 USC Coastal Carolina    21 34.0 8.1 15.7 6.9 12.8 1.2  2.9 5.0         6.8  8.1 0.6 1.3 0.9     2.1 22.5 .520 .539  .433 .732 .595 .559   F    JR
5                 KeKe Hicks  22.4 26 1993-94     Coastal Carolina 26 26 35.5 7.0 17.2 2.6  6.4 4.4 10.8 4.0         5.0  3.0 3.3 0.9 0.0 3.4 1.6 22.4 .406 .404  .408 .786 .570 .535   G    JR
6               Kevin Martin  21.9 29 1998-99        UNC Asheville    29 33.7 7.4 15.4 6.4 12.4 1.0  3.0 6.0 8.1 1.6 4.0  5.7 4.0 1.5 0.1 3.5 2.3 21.9 .481 .512  .349 .744 .568 .515   F    SR
7                 Eric Burks  21.1 29 1994-95  Charleston Southern    29 30.7 7.3 14.6 6.3 11.7 1.0  2.9 5.4         7.5  4.8 3.9 1.8 0.5 3.8 2.3 21.1 .505 .541  .357 .716 .582 .540   G    SR
8                 KeKe Hicks  21.1 25 1994-95     Coastal Carolina 25 22 34.6 6.7 18.4 3.6  9.0 3.1  9.4 4.6         5.4  3.2 1.5 1.0 0.1 2.4 1.6 21.1 .364 .400  .329 .859 .504 .448   G    SR
9                 Joe Spinks  20.9 28 1993-94             Campbell 28 28 31.6 7.7 15.6 6.1 11.5 1.6  4.1 3.9         6.5  8.8 2.9 1.6 1.2 2.9 2.6 20.9 .491 .526  .391 .599 .557 .542   F    SR
10             Darnell Sneed  20.6 30 1991-92  Charleston Southern    30 36.2 7.7 15.9 7.0 13.8 0.7  2.1 4.5         6.3  4.7 3.6 1.6 0.1     3.5 20.6 .483 .506  .333 .711 .544 .505   G    JR
11                  Doug Day  20.2 29 1990-91              Radford 29 29 34.1 7.0 16.4 3.3  7.2 3.7  9.2 2.6         3.7  2.7 1.8 1.6         0.4 20.2 .423 .459  .396 .694 .554 .535   G    SO
12             Brett Larrick  20.0 30 1996-97  Charleston Southern 30 30 35.7 6.8 15.8 4.8  9.7 2.0  6.1 4.3         5.4  4.6 3.5 1.9 0.2 2.4 2.2 20.0 .433 .500  .328 .791 .544 .497   G    SR
13                  Doug Day  19.7 29 1991-92              Radford         29 6.9 17.2 2.9  7.2 4.0 10.0 1.8         2.7  2.7 1.3 1.3         0.1 19.7 .404 .404  .403 .679 .535 .521   G    JR
14                Eric Burks  19.5 27 1993-94  Charleston Southern    27 30.0 7.7 16.4 6.8 12.5 0.9  3.9 3.3         4.3  3.5 3.2 2.6 0.1 3.6 3.0 19.5 .466 .541  .226 .774 .528 .493   G    JR
15             Torrey Butler  19.4 26 2000-01     Coastal Carolina 26 23 36.0 6.9 13.2 5.0  9.2 1.9  4.0 3.7 5.0 2.3 3.4  5.8 1.2 1.3 0.2 1.7 2.5 19.4 .523 .544  .476 .731 .622 .596   F    JR
16         Scooter Alexander  19.3 27 1992-93         Towson State    27 31.8 8.0 15.9 7.9 15.0 0.1  0.9 3.2         4.2  4.7 3.0 2.0 0.3 3.3 2.7 19.3 .502 .522  .167 .754 .539 .507   G    SO
17              Rod Gourdine  19.1 16 1990-91             Campbell 16 16 31.6 6.3 13.2 5.0  9.6 1.3  3.6 5.2         6.9  3.4 2.3 1.7 0.2 3.6 1.8 19.1 .479 .523  .362 .755 .581 .528   G    SR
18              Adam Larrick  19.1 28 1998-99  Charleston Southern    28 38.2 5.4 12.9 3.4  7.4 2.0  5.5 6.4 8.2 0.8 2.5  3.3 4.4 2.2 0.3 3.1 2.6 19.1 .414 .452  .364 .782 .568 .492   G    SR
19             Mohammed Acha  19.0 22 1993-94     Coastal Carolina 22 22 35.2 7.0 15.4 6.2 12.2 0.8  3.1 4.3         6.3  7.8 1.7 1.8 1.7 3.0 2.7 19.0 .453 .506  .246 .688 .518 .478   F    SR
20                Joe Spinks  18.9 24 1992-93             Campbell    24 31.3 7.3 13.0 6.2 10.5 1.0  2.5 3.4         5.0  7.8 4.2 2.0 1.7 2.1 3.3 18.9 .556 .589  .417 .681 .614 .596   F    JR
21               Peter Aluma  18.9 29 1995-96              Liberty 29 28 32.7 6.7 12.2 6.7 12.2 0.0  0.1 5.5         8.1  6.4 0.7 1.2 3.9 2.6 2.9 18.9 .546 .550  .000 .677 .586 .546   C    JR
22            Brendon Rowell  18.8 28 2000-01                 Elon 28 27 33.8 6.5 12.6 5.3  9.6 1.2  3.0 4.7 6.5 1.0 2.4  3.4 2.5 1.9 0.0 3.5 2.2 18.8 .513 .544  .410 .716 .599 .561   G    JR
23            Danny Gathings  18.7 24 2002-03           High Point 24 23 32.8 7.9 13.9 7.8 13.0 0.1  0.9 2.7 5.1 3.4 4.2  7.6 1.0 2.2 0.3 3.0 3.5 18.7 .571 .599  .143 .528 .572 .575   F    SO
24             Torrey Butler  18.6 28 2002-03     Coastal Carolina 28 28 33.2 6.5 13.7 5.0  9.7 1.5  4.0 4.2 5.3 2.9 3.5  6.4 1.2 0.7 0.1 2.1 2.5 18.6 .471 .517  .363 .797 .573 .525   F    SR
25              Josh Pittman  18.4 28 1997-98        UNC Asheville         28 6.8 15.0 5.3 10.4 1.6  4.6 3.2         4.4  4.3 1.9 1.8         0.9 18.4 .456 .505  .344 .726 .540 .508   G    SR
26                KeKe Hicks  18.3 28 1992-93 USC Coastal Carolina    28 35.7 6.3 14.5 3.3  7.5 3.0  7.0 2.9         3.6  4.1 3.9 1.0 0.0 3.3 1.5 18.3 .431 .436  .426 .800 .566 .533   G    SO
27                 Tl Latson  18.2 28 1995-96  Charleston Southern 28 28 34.0 7.0 13.6 6.2 11.1 0.8  2.5 3.4         5.4  6.9 1.9 1.0 0.2 2.8 3.5 18.2 .516 .556  .333 .629 .565 .546   F    SR
28               Darryl Hall  18.2 28 1989-90   Charleston Baptist         28 6.3 12.3 6.3 12.2 0.0  0.1 5.6         7.6  8.9 1.1 1.3         1.1 18.2 .512 .515  .000 .737 .572 .512   F    JR
29              Julius Nwosu  18.1 30 1992-93              Liberty    30 28.0 6.8 11.0 6.8 11.0 0.0  0.0 4.6         7.1  8.5 0.2 0.9 1.5 2.8 3.2 18.1 .615 .617  .000 .651 .632 .615   F    SR
30            Jason Williams  18.1 24 1999-00              Radford 24 24 32.8 6.3 14.9 3.8  8.4 2.5  6.5 3.1 4.7 1.2 5.3  6.5 1.7 1.6 0.5 2.7 2.9 18.1 .422 .455  .378 .655 .528 .504   F    JR
31               Tony Dunkin  18.1 23 1989-90 USC Coastal Carolina    23 33.0 6.4 12.2 5.7 10.4 0.7  1.8 4.7         6.2  6.6 0.7 0.7 0.6     2.3 18.1 .525 .552  .366 .754 .599 .552   F    FR
32              Josh Pittman  18.1 28 1996-97        UNC Asheville    28 34.4 7.1 14.6 5.5  9.7 1.6  4.9 2.3         3.6  4.9 1.7 1.9         0.8 18.1 .487 .566  .328 .630 .554 .542   G    JR
33           Matt Hildebrand  18.1 30 1993-94              Liberty    30 35.1 5.3 12.4 2.9  6.2 2.4  6.2 5.0         5.4  3.8 4.9 1.2         0.1 18.1 .429 .468  .390 .925 .603 .527   G    SR
34              Ryan Charles  18.0 25 1999-00              Radford 25 25 31.9 6.8 13.0 6.8 12.9 0.0  0.1 4.3 6.6 2.8 4.4  7.2 1.0 1.4 0.8 2.2 2.3 18.0 .526 .526  .500 .655 .559 .528   C    SR
35               Tony Dunkin  18.0 28 1990-91 USC Coastal Carolina 28 28 33.5 6.9 13.3 6.6 11.8 0.3  1.4 3.8         5.6  7.1 0.8 1.0 0.7 1.9 1.5 18.0 .523 .559  .225 .686 .566 .535   F    SO
36                  Doug Day  17.6 31 1992-93              Radford    31 34.0 6.1 14.9 2.3  4.8 3.7 10.1 1.7         2.3  2.7 1.6 1.2 0.1 2.2 2.8 17.6 .407 .486  .369 .757 .550 .532   G    SR
37         Whit Holcomb-Faye  17.5 27 2003-04              Radford 27 25 35.6 5.6 14.6 4.0  9.7 1.5  4.9 4.9 6.9 0.7 2.0  2.8 4.1 1.4 0.1 3.3 2.5 17.5 .381 .418  .308 .714 .491 .433   G    SO
38              Milton Moore  17.5 30 1989-90        UNC Asheville 30 30 31.4 6.9 15.3 5.9 12.1 0.9  3.2 2.8         4.4  5.1 1.7 1.6 0.9 1.7 2.3 17.5 .449 .490  .292 .649 .504 .479   F    SR
39         Scooter Alexander  17.4 29 1993-94         Towson State 29 27 33.5 7.3 16.1 7.2 15.3 0.1  0.8 2.6         4.0  4.8 2.7 1.7 0.4 2.9 2.4 17.4 .453 .468  .167 .661 .482 .457   G    JR
40            Parish Hickman  17.3 26 1992-93              Liberty    26 28.0 7.0 14.7 6.5 13.0 0.5  1.7 2.8         4.2  7.3 1.8 1.4 0.5 2.4 2.4 17.3 .478 .501  .295 .685 .522 .495   F    SR
41             Ralph Blalock  17.3 24 1994-95         Towson State         24 6.6 13.7 5.2 10.5 1.4  3.3 2.7         3.4  3.3 2.8 2.5         0.2 17.3 .480 .494  .436 .802 .565 .532   F    JR
42                 Eddie Gay  17.2 30 1992-93             Winthrop    30 28.0 6.5 10.3 6.5 10.2 0.0  0.1 4.3         6.4  8.6 1.4 1.1 0.9 3.0 2.7 17.2 .628 .634  .000 .675 .647 .628   C    SR
43               E.J. Gallup  17.2 29 2003-04     Coastal Carolina 29 29 30.8 6.1 13.4 3.1  6.6 3.0  6.8 2.1 2.3 0.6 2.5  3.1 1.8 1.8 0.2 1.8 1.9 17.2 .452 .471  .434 .896 .592 .563   F    SR
44                 Tl Latson  17.1 27 1993-94  Charleston Southern    27 30.7 6.4 12.6 5.8 10.2 0.6  2.3 3.8         5.0  7.2 1.1 0.6 0.4 2.6 2.7 17.1 .507 .565  .254 .757 .574 .531   F    SO
45           LaShawn Coulter  17.0 30 1992-93             Winthrop    30 34.3 6.3 14.4 3.3  6.9 3.0  7.5 1.5         2.0  4.9 2.4 1.5 0.2 2.0 1.2 17.0 .434 .478  .394 .754 .553 .537   G    SO
46            Jason Williams  17.0 28 2000-01              Radford 28 26 34.3 6.2 14.6 4.8  9.1 1.4  5.6 3.3 5.3 1.1 3.9  5.0 2.3 1.7 0.3 3.3 2.7 17.0 .422 .531  .244 .622 .496 .468   F    SR
47           LaShawn Coulter  16.9 27 1993-94             Winthrop 27 25 32.9 6.2 15.5 3.0  6.6 3.2  8.9 1.3         1.5  4.6 1.7 1.6 0.1 1.7 1.4 16.9 .399 .449  .361 .829 .519 .502   G    JR
48             Tony Thompson  16.7 26 1995-96                 UMBC 26 25 31.8 5.2 12.5 4.1  9.1 1.0  3.4 5.4         6.7  6.2 1.7 1.5 0.5 2.4 3.4 16.7 .411 .451  .303 .800 .532 .452   F    SR
49             Larry Jackson  16.7 28 1997-98              Liberty         28 5.6 13.0 3.6  7.6 2.0  5.3 3.5         4.0  4.4 3.1 1.4         0.3 16.7 .433 .472  .376 .883 .563 .510   G    SR
50                Shaun Wise  16.7 19 1989-90             Winthrop         19 5.6 10.4 4.5  8.3 1.1  2.1 4.4         5.7  4.5 3.8 2.3         0.1 16.7 .538 .538  .538 .778 .638 .591   G    SR
51            Chris Caldwell  16.7 28 2000-01              Liberty 28 28 34.1 6.1 15.2 5.2 11.1 0.9  4.1 3.5 4.6 0.7 2.1  2.9 2.5 2.4 0.0 3.0 2.3 16.7 .404 .469  .226 .746 .479 .434   G    JR
52                 Ben Avery  16.7 26 1995-96     Coastal Carolina 26  0 31.9 6.1 14.8 5.0 11.5 1.1  3.4 3.3         5.5  5.9 1.6 2.0         0.5 16.7 .412 .440  .318 .601 .477 .448   F    JR
53             Ralph Blalock  16.6 30 1993-94         Towson State 30 27 31.7 6.0 10.8 5.2  8.7 0.9  2.1 3.7         4.6  4.7 2.9 1.9 0.3 2.4 1.6 16.6 .557 .594  .406 .803 .638 .597   F    SO
54             Matt Gladieux  16.6 28 1999-00     Coastal Carolina 28 28 31.2 5.1 11.8 2.4  5.6 2.6  6.2 3.8 5.1 0.8 3.0  3.7 2.5 1.9 0.1 2.5 2.1 16.6 .429 .433  .425 .736 .581 .541   G    SR
55           Errol McPherson  16.5 25 1996-97  Charleston Southern 25 23 32.4 4.8 12.0 2.0  5.0 2.8  7.0 4.1         6.0  2.7 5.1 1.5 0.1 2.9 2.2 16.5 .399 .397  .400 .682 .554 .515   G    SR
56    Dustin Van Weerdhuizen  16.5 30 2001-02           High Point 30 30 36.8 5.7 13.9 3.4  7.6 2.3  6.3 2.9 3.8 1.9 4.7  6.7 2.6 1.7 0.3 3.0 2.2 16.5 .408 .445  .363 .761 .526 .490   F    JR
57             Tyrone Travis  16.4 28 1993-94              Radford 28 25 28.9 6.0 10.5 5.6  9.8 0.5  0.8 3.9         5.2  6.3 1.2 1.7 2.4 2.1 3.5 16.4 .573 .571  .591 .745 .631 .595   F    SR
58            Melvin Branham  16.3 27 1993-94             Winthrop 27 27 28.0 5.8 12.7 5.8 12.7 0.0  0.0 4.7         6.4  7.9 0.6 1.1 0.6 3.0 4.3 16.3 .456 .458  .000 .738 .518 .456   C    JR
59                Joe Knight  16.3 23 2002-03           High Point 23 22 35.0 5.0 11.6 2.3  4.9 2.7  6.7 3.6 4.7 1.0 3.5  4.4 2.0 1.2 0.1 2.3 2.4 16.3 .432 .473  .403 .761 .590 .549   G    SO
60               Scott Neely  16.2 29 1993-94             Campbell 29 25 33.2 5.6 11.9 2.8  5.9 2.8  6.0 2.2         2.9  4.7 2.1 1.2 0.1 2.0 1.6 16.2 .474 .480  .468 .762 .613 .592   G    JR
61           Andy Savtchenko  16.2 31 2001-02              Radford 31 31 30.9 5.7 11.0 5.7 11.0 0.0  0.0 4.8 8.0 4.2 5.8 10.0 0.5 0.5 1.3 2.4 3.0 16.2 .519 .521  .000 .594 .547 .519   C    SR
62            Jason Lansdown  16.2 27 1995-96              Radford         27 6.3 13.0 4.3  8.6 2.0  4.4 1.7         2.1  4.5 3.0 0.9         0.1 16.2 .481 .500  .445 .821 .579 .557   G    SR
63               Andre Smith  16.1 22 2001-02        UNC Asheville 22 19 29.0 5.3 11.2 4.3  8.0 1.0  3.2 4.5 6.0 0.4 2.4  2.7 2.9 2.0 0.1 3.1 2.6 16.1 .474 .531  .329 .748 .574 .520   G    JR
64                 Josh Kohn  16.1 27 1993-94        UNC Asheville         27 5.5 12.4 2.1  4.7 3.4  7.7 1.7         2.0  2.7 4.3 1.8         0.0 16.1 .443 .445  .442 .818 .601 .580   G    SO
65          Delawn Grandison  16.0 27 1998-99              Liberty    27 33.4 5.7  8.5 5.2  7.0 0.5  1.6 4.0 6.5 2.0 4.7  6.7 1.4 1.9 0.1 3.1 3.8 16.0 .674 .750  .333 .619 .690 .704   G    JR
66               Mark Mocnik  16.0 31 1991-92             Campbell 31 31 31.5 5.3 11.7 2.2  4.4 3.1  7.4 2.2         3.1  3.7 1.4 1.4 0.5 1.6 1.1 16.0 .453 .511  .419 .711 .604 .585   F    JR
67               Keenan Mann  16.0 30 1990-91              Augusta         30 6.0 13.6 4.4  8.7 1.6  4.8 2.4         3.5  8.2 1.6 1.4 0.8     2.0 16.0 .440 .500  .331 .689 .524 .499   F    JR
68           Radee Skipworth  16.0 23 2003-04                  VMI 23 23 34.9 5.8 13.7 4.9 10.1 1.0  3.7 3.3 4.7 1.4 4.8  6.2 1.0 1.1 0.3 2.4 2.3 16.0 .424 .483  .262 .713 .500 .459   F    SR
69               Don Burgess  15.9 28 1993-94              Radford 28 28 34.6 5.3 10.4 4.0  7.3 1.4  3.1 3.9         4.8  5.5 2.6 2.1 0.9 3.3 2.3 15.9 .510 .544  .432 .821 .627 .575   F    SR
70               Andre Smith  15.9 32 2002-03        UNC Asheville 32 32 32.2 4.8 12.5 3.4  7.8 1.4  4.6 4.9 6.2 0.8 3.5  4.2 3.6 2.2 0.2 2.7 2.8 15.9 .386 .438  .297 .797 .517 .441   G    SR
71            Danny Gathings  15.8 30 2003-04           High Point 30 30 30.1 6.3 11.9 5.9 10.8 0.4  1.0 2.8 4.0 2.4 5.6  8.0 0.8 1.6 0.6 2.5 3.0 15.8 .531 .542  .419 .686 .573 .549   F    JR
72             George Henson  15.8 29 1989-90             Winthrop         29 5.0 10.4 3.9  7.8 1.1  2.7 4.7         5.8  4.0 1.9 0.9         0.0 15.8 .479 .498  .423 .799 .597 .533   F    SO
73            Scott Hartzell  15.7 29 1994-95       UNC Greensboro 29 29 34.9 4.6 10.4 1.4  3.1 3.2  7.3 3.3         3.7  2.7 5.1 1.0 0.0 2.5 1.2 15.7 .442 .449  .439 .898 .647 .596   G    JR
74               Peter Aluma  15.7 28 1994-95              Liberty 28 28 30.9 5.9 11.4 5.9 11.3 0.0  0.0 4.0         5.6  5.8 0.5 1.1 3.5 2.3 3.6 15.7 .516 .517  .000 .707 .559 .516   C    SO
75                Greg Lewis  15.7 30 1999-00             Winthrop 30 30 25.5 5.9 11.5 5.1  9.5 0.7  1.9 3.2 4.6 2.3 4.4  6.7 1.2 1.0 0.7 2.8 2.9 15.7 .512 .538  .379 .701 .574 .544   F    JR
76               Peter Aluma  15.7 32 1996-97              Liberty 32 31 29.3 5.8 11.2 5.8 11.2 0.0  0.0 4.2         6.3  6.6 1.1 0.9 3.0 2.7 3.2 15.7 .514 .515  .000 .655 .551 .514   C    SR
77             Skip Saunders  15.6 28 1992-93                 UMBC    28 31.9 5.4 12.9 2.5  6.6 2.9  6.3 2.1         2.6  2.8 2.1 0.7 0.1 1.8 2.0 15.6 .417 .378  .457 .806 .556 .528   G    JR
78               Mark Hailey  15.5 30 1992-93             Winthrop    30 29.6 5.8 12.7 5.4 11.5 0.4  1.2 3.4         4.7  9.6 2.3 1.8 0.8 3.2 3.6 15.5 .459 .468  .371 .718 .518 .476   F    SR
79              Rich Giddens  15.5 28 1997-98                 UMBC    28 36.4 5.3 13.2 2.4  6.0 2.9  7.3 2.1         2.9  3.9 3.0 1.5         0.4 15.5 .397 .401  .394 .741 .531 .505   G    FR
80             David McMahan  15.5 27 1994-95             Winthrop 27 25 30.3 5.4 12.6 2.6  5.2 2.8  7.3 1.8         2.3  3.3 3.0 1.7 0.1 2.0 1.8 15.5 .434 .504  .384 .787 .568 .546   F    JR
81              Ryan Charles  15.5 19 1998-99              Radford    19 25.3 5.5 10.4 5.5 10.3 0.0  0.1 4.4 6.2 1.4 3.0  4.4 1.1 1.3 1.2 1.6 2.7 15.5 .530 .536  .000 .718 .580 .530   C    JR
82           Andy Savtchenko  15.4 29 2000-01              Radford 29 29 29.9 5.4  9.7 5.4  9.7 0.0  0.0 4.7 7.3 3.6 6.4 10.0 0.4 0.4 1.2 2.1 2.7 15.4 .553       .553 .638 .585 .553   C    JR
83              Adam Larrick  15.4 27 1997-98  Charleston Southern    27 36.4 5.1 12.0 2.8  6.3 2.3  5.7 2.8         4.4  3.6 3.6 1.5         0.2 15.4 .429 .450  .406 .644 .549 .526   G    JR
84            Anthony Walker  15.4 27 1996-97              Radford 27 26 32.7 4.9 11.7 2.4  5.7 2.4  6.0 3.3         4.2  3.2 4.9 1.4 0.1 2.7 2.3 15.4 .416 .429  .404 .789 .565 .519   G    SR
85            Leslie Ballard  15.4 28 1998-99              Radford    28 31.4 5.4 13.1 2.1  4.4 3.3  8.7 1.3 1.9 0.6 1.5  2.2 1.5 1.6 0.1 1.4 0.9 15.4 .414 .488  .377 .660 .549 .540   G    SR
86                Greg Lewis  15.4 31 2001-02             Winthrop 31 28 28.0 6.1 12.5 5.6 11.0 0.4  1.5 2.8 4.5 3.3 6.8 10.1 1.1 1.5 0.6 3.0 2.6 15.4 .485 .513  .277 .638 .526 .501   F    SR
87            Geordie Cullen  15.4 27 1999-00           High Point    27 28.6 5.4 10.3 5.4 10.3 0.0  0.0 4.6 7.5 2.3 4.2  6.5 0.6 0.7 0.6 3.1 3.3 15.4 .520       .520 .616 .553 .520   C    SO
88            Chris Caldwell  15.4 30 2001-02              Liberty 30 30 32.5 5.6 14.3 4.5 10.0 1.1  4.3 3.0 4.1 0.5 2.9  3.4 2.5 2.4 0.1 2.7 3.0 15.4 .394 .449  .266 .724 .473 .434   G    SR
89            Robert Dowdell  15.3 29 1989-90 USC Coastal Carolina         29 4.1  8.0 2.9  5.0 1.2  3.1 5.9         7.3  3.3 6.9 3.8         0.1 15.3 .511 .576  .404 .803 .666 .588   G    JR
90             Derek Stewart  15.3 30 1990-91              Augusta         30 5.9 12.7 5.7 12.3 0.1  0.4 3.4         5.0  7.4 0.6 0.5 2.6     2.3 15.3 .461 .466  .308 .682 .506 .466   C    SO
91            Anthony Walker  15.3 28 1994-95              Radford 28 28 35.8 5.3 12.4 2.9  6.8 2.3  5.6 2.4         3.3  3.1 5.4 1.7 0.0 3.3 2.1 15.3 .425 .434  .414 .739 .548 .519   G    SO
92             Carl Williams  15.3 28 1999-00              Liberty 28 28 29.6 5.8 14.5 4.9 11.7 0.9  2.9 2.7 4.0 1.7 2.0  3.7 2.3 3.8 0.8 3.8 2.6 15.3 .400 .419  .325 .664 .463 .432   G    SR
93               Mark Mocnik  15.2 27 1992-93             Campbell    27 31.7 5.3 12.0 2.5  4.3 2.9  7.7 1.7         2.2  4.1 1.2 0.7 0.4 1.3 1.4 15.2 .446 .578  .372 .767 .585 .565   F    SR
94               Mark Hailey  15.1 28 1991-92             Winthrop 28 27 32.2 5.4 10.7 5.4 10.6 0.0  0.0 4.4 6.1 2.2 3.0  5.3 1.5 1.8 0.6 2.6 3.1 15.1 .505 .507  .000 .713 .558 .505   F    JR
95               Gabe Martin  15.1 29 2002-03              Liberty 29 27 33.0 4.3 10.2 3.0  6.2 1.3  4.0 5.2 6.1 1.8 4.6  6.4 2.1 1.6 0.8 3.3 3.0 15.1 .424 .486  .328 .853 .579 .488   G    JR
96             Brett Larrick  15.1 28 1995-96  Charleston Southern 28 28 37.2 5.3 11.5 3.4  6.6 1.9  4.9 2.6         3.4  4.8 3.4 1.7 0.4 2.3 2.0 15.1 .461 .508  .397 .777 .578 .545   G    JR
97            Antoine Dalton  15.0 28 1994-95              Radford 28 27 31.0 5.6 10.0 5.6 10.0 0.0  0.0 3.9         5.8  6.4 0.8 0.7 0.9 2.8 3.4 15.0 .557       .557 .673 .590 .557   C    SR
98             Brian Schmall  15.0 28 1989-90              Augusta    28 32.1 4.8 11.1 3.8  8.5 1.0  2.6 4.5         5.4  3.4 4.7 1.1 0.1 3.4 2.3 15.0 .431 .447  .378 .828 .550 .476   G    SO
99             Brett Larrick  15.0 29 1994-95  Charleston Southern    29 31.2 5.2 10.9 2.8  4.9 2.4  6.0 2.2         2.8  3.8 2.0 1.4 0.1 2.2 2.0 15.0 .476 .567  .402 .780 .613 .587   G    SO
100            Mohammed Acha  14.9 32 1992-93 USC Coastal Carolina    32 35.2 5.7 11.3 5.1  9.5 0.6  1.8 3.0         5.0  8.3 2.2 2.2 1.6 2.1 2.5 14.9 .506 .539  .321 .604 .549 .531   F    JR
101            Derek Stewart  14.9 28 1989-90              Augusta    28 33.9 5.7 10.8 5.6 10.5 0.1  0.3 3.4         4.7  6.5 0.8 0.5 2.9 2.2 3.0 14.9 .530 .536  .286 .727 .573 .533   C    FR
102              Keenan Mann  14.9 28 1989-90              Augusta    28 34.5 5.2 13.3 3.1  7.4 2.1  6.0 2.5         3.8  7.4 1.6 0.8 0.5 2.0 3.1 14.9 .389 .422  .347 .651 .493 .466   F    SO
103          LaShawn Coulter  14.8 27 1994-95             Winthrop 27 26 31.7 5.3 12.3 2.7  5.6 2.6  6.8 1.7         2.4  3.3 1.9 1.7 0.1 1.3 1.7 14.8 .426 .480  .383 .692 .548 .532   G    SR
104               Corey Reed  14.8 30 1997-98              Radford         30 4.9 11.0 1.6  3.2 3.3  7.8 1.7         2.1  3.8 3.7 1.5         0.2 14.8 .445 .516  .417 .823 .616 .594   G    SR
105        Raymond Arrington  14.8 25 2002-03              Radford 25 25 35.4 4.6 14.4 2.0  6.8 2.6  7.6 3.0 3.8 0.7 2.4  3.1 1.0 0.9 0.2 2.4 2.6 14.8 .316 .288  .340 .792 .454 .406   G    SR
106             David Oliver  14.8 28 1989-90   Charleston Baptist         28 5.2 12.6 3.4  8.7 1.8  3.9 2.5         3.3  4.6 2.9 1.9         0.3 14.8 .415 .389  .472 .769 .522 .487   G    JR
107             C.J. Cowgill  14.7 27 1998-99              Liberty    27 29.7 5.5 11.9 3.7  7.4 1.8  4.5 2.0 2.5 0.7 1.9  2.6 1.7 1.0 0.0 2.3 2.6 14.7 .460 .493  .405 .791 .562 .536   G    JR
108        Jakob Sigurdarson  14.7 27 2003-04  Birmingham-Southern 27 26 30.6 4.6  9.3 2.3  4.4 2.4  4.9 3.1 3.6 0.2 3.0  3.2 3.3 1.0 0.1 2.4 1.6 14.7 .498 .513  .485 .866 .670 .625   G    JR
109            Nick Mitchell  14.7 28 1999-00  Charleston Southern 28 28 33.1 5.9 12.1 5.3 10.5 0.5  1.7 2.4 4.2 1.9 3.9  5.9 2.4 1.7 1.4 4.0 3.0 14.7 .482 .509  .319 .576 .519 .504   F    JR
110              Brian Penny  14.6 32 1990-91 USC Coastal Carolina 32 32 35.1 5.4 11.4 3.2  6.5 2.2  4.9 1.7         2.7  6.3 3.4 1.8 0.4 2.8 1.7 14.6 .470 .483  .452 .609 .574 .567   G    SR
111             Andrew Toole  14.6 28 1999-00                 Elon 28 28 32.0 4.6 10.7 2.3  4.5 2.3  6.2 3.0 3.5 0.6 2.9  3.5 3.0 1.7 0.1 2.5 2.0 14.6 .433 .516  .374 .848 .589 .542   G    SO
112             Rian Everett  14.6 10 1999-00              Radford 10 10 29.8 4.5 10.3 1.4  3.6 3.1  6.7 2.5 2.9 0.6 1.4  2.0 2.6 1.0 0.1 2.3 2.5 14.6 .437 .389  .463 .862 .625 .587   G    SR
113              Don Burgess  14.5 31 1992-93              Radford    31 31.9 5.1  9.4 4.4  7.2 0.8  2.2 3.5         4.0  5.7 2.3 1.2 0.5 3.1 3.2 14.5 .548 .605  .358 .879 .646 .590   F    JR
114        Raymond Arrington  14.5 31 2001-02              Radford 31 31 34.7 4.6 12.8 1.6  5.0 2.9  7.7 2.5 3.1 0.3 2.3  2.6 2.0 0.7 0.2 1.8 2.4 14.5 .359 .327  .379 .784 .510 .473   G    JR
115            David McMahan  14.5 26 1995-96             Winthrop         26 5.4 13.0 3.0  6.0 2.4  7.0 1.3         1.7  3.7 2.6 0.8         0.1 14.5 .414 .497  .344 .773 .525 .507   F    SR
116           Darryl Sanders  14.5 28 1990-91        UNC Asheville         28 5.5 14.0 3.4  6.9 2.1  7.1 1.3         1.8  2.7 1.3 1.7         0.1 14.5 .395 .500  .295 .706 .487 .471   G    SR
117   Dustin Van Weerdhuizen  14.3 26 2002-03           High Point 26 25 36.1 4.9 12.2 3.2  6.3 1.8  5.9 2.7 3.3 1.8 3.9  5.7 3.0 1.1 0.4 3.3 2.6 14.3 .405 .503  .301 .824 .522 .478   F    SR
118           Brendon Rowell  14.3 25 1999-00                 Elon 25 25 31.1 4.7 10.8 3.2  7.2 1.5  3.6 3.4 4.9 1.0 2.2  3.1 2.6 1.9 0.0 3.9 2.6 14.3 .433 .444  .411 .699 .544 .502   G    SO
119        Whit Holcomb-Faye  14.3 30 2002-03              Radford 30 29 36.7 4.4 12.8 3.1  9.0 1.2  3.9 4.3 5.9 0.6 2.3  2.9 4.1 1.1 0.1 3.0 2.0 14.3 .340 .349  .319 .729 .456 .388   G    FR
120            Brandon Newby  14.2 24 2001-02     Coastal Carolina 24 19 31.1 4.5 11.5 2.7  6.1 1.8  5.4 3.3 4.9 1.2 2.7  3.9 1.9 0.8 0.1 3.0 2.5 14.2 .395 .445  .338 .667 .513 .475   G    JR
121            Ben McGonagil  14.2 32 2002-03        UNC Asheville 32 32 27.7 4.6  7.6 4.6  7.5 0.0  0.0 4.9 6.6 2.7 4.6  7.3 0.9 0.7 0.8 2.4 3.5 14.2 .612 .614  .000 .748 .663 .612   C    SR
122           Anthony Walker  14.1 27 1995-96              Radford    27 34.1 4.6 12.0 2.7  6.5 1.9  5.5 3.0         3.6  3.7 5.0 2.0         0.1 14.1 .385 .420  .342 .816 .513 .463   G    JR
123                Josh Kohn  14.1 28 1995-96        UNC Asheville         28 4.4  9.9 1.3  2.4 3.2  7.5 2.1         2.5  2.0 3.2 1.3         0.0 14.1 .448 .515  .426 .841 .638 .608   G    SR
124            Sonique Nixon  14.1 28 1992-93                 UMBC    28 25.6 5.4  9.9 5.4  9.9 0.0  0.0 3.4         5.4  8.5 0.3 1.1 1.6 1.8 2.9 14.1 .540       .540 .618 .563 .540   C    JR
125              Janko Narat  14.0 28 1991-92             Davidson         28 4.9 10.9 3.0  6.5 1.9  4.4 2.3         2.8  5.5 2.0 1.0         0.1 14.0 .451 .467  .427 .810 .572 .538   F    SO
126         Derrick Robinson  13.9 28 2001-02     Coastal Carolina 28 26 32.2 4.5 10.9 3.6  7.9 0.9  3.0 4.0 5.5 1.8 3.9  5.7 2.0 1.8 0.3 3.5 3.1 13.9 .412 .455  .298 .729 .514 .453   F    JR
127           Anthony Walker  13.9 27 1993-94              Radford 27 26 30.9 4.8  9.3 3.3  5.4 1.4  3.9 2.9         3.4  3.7 3.5 1.7 0.1 2.8 1.9 13.9 .512 .612  .371 .859 .636 .589   G    FR
128              Luther Tutt  13.9 27 1989-90   Charleston Baptist         27 5.3 10.8 4.5  8.4 0.8  2.4 2.5         4.1  8.1 1.2 1.1         0.7 13.9 .490 .531  .344 .613 .545 .527   C    SR
129           Brendon Rowell  13.9 25 2001-02                 Elon 25 19 31.0 4.8 11.7 3.8  8.5 0.9  3.2 3.4 4.4 0.6 2.4  3.0 3.1 1.8 0.2 2.7 2.7 13.9 .406 .451  .288 .782 .503 .445   G    SR
130                T.R. Reed  13.8 27 2001-02  Birmingham-Southern 27 27 33.0 4.4 10.5 2.4  5.1 2.0  5.4 3.1 4.4 2.0 4.3  6.3 2.6 1.9 0.2 2.8 2.7 13.8 .415 .467  .367 .697 .548 .511   G    SR
131            William Coley  13.8 27 1994-95        UNC Asheville         27 5.3  8.9 5.3  8.9 0.0  0.0 3.1         5.0  5.9 0.6 1.1         0.6 13.8 .603       .603 .625 .614 .603   F    JR
132          Kevin Warzynski  13.8 28 2002-03  Charleston Southern 28 23 27.2 5.4 11.4 5.4 11.0 0.0  0.4 2.9 3.3 1.9 3.8  5.6 0.9 1.3 0.6 1.8 2.8 13.8 .476 .489  .100 .871 .531 .478   F    SO
133              Zione White  13.7 30 2003-04           High Point 30 30 29.2 4.9 12.3 3.0  6.4 2.0  5.9 1.9 2.7 0.5 3.3  3.8 2.2 1.9 0.2 2.2 2.1 13.7 .402 .464  .335 .695 .506 .482   G    JR
134             Julius Nwosu  13.7 29 1991-92              Liberty 29 27 27.3 5.0  8.7 5.0  8.7 0.0  0.0 3.7         5.9  6.9 0.8 0.8 1.8 2.7 3.1 13.7 .573 .575  .000 .632 .595 .573   F    JR
135            Ron Shelburne  13.7 29 1990-91              Radford 29 29 31.8 5.8 11.7 5.8 11.6 0.0  0.1 2.1         3.0  4.2 0.3 0.3         0.1 13.7 .499 .501  .000 .690 .523 .499   C    SR
136             Harvey Minor  13.7 21 1990-91  Charleston Southern    21 25.5 5.5  9.5 5.5  9.5 0.0  0.0 2.7         4.2  6.0 0.5 0.5 0.3 1.3 3.0 13.7 .580       .580 .636 .596 .580   F    SO
137             Josiah James  13.7 28 2002-03  Birmingham-Southern 28 28 28.9 5.0  8.9 5.0  8.9 0.0  0.1 3.6 5.9 2.1 4.2  6.3 1.8 1.2 1.1 2.8 2.9 13.7 .564 .569  .000 .622 .586 .564   F    SR
138              Jason Dixon  13.7 30 1993-94              Liberty    30 29.7 4.7  8.4 4.7  8.3 0.1  0.1 4.2         6.3  7.2 1.1 0.5         1.1 13.7 .566 .562 1.000 .665 .604 .570   C    JR
139              Gabe Martin  13.7 33 2003-04              Liberty 33 32 30.5 4.4  9.5 3.3  6.2 1.1  3.2 3.9 5.0 2.6 4.8  7.4 1.8 1.6 0.7 2.5 2.3 13.7 .460 .529  .327 .776 .576 .516   G    SR
140           Correy Watkins  13.6 31 2001-02              Radford 31 31 31.3 5.3  9.9 4.8  8.5 0.5  1.4 2.6 4.0 3.5 5.6  9.1 2.7 1.6 0.8 2.9 3.0 13.6 .533 .561  .357 .640 .576 .557   F    SR
141             Josh Pittman  13.6 28 1995-96        UNC Asheville    28 28.6 5.1  9.6 4.2  7.6 0.9  2.0 2.6         3.6  4.3 1.8 1.6         0.6 13.6 .526 .551  .429 .706 .597 .570   G    SO
142          DuWayne Cheatam  13.6 29 1989-90 USC Coastal Carolina         29 5.5  9.8 5.5  9.8 0.0  0.0 2.6         4.1  7.1 1.3 0.8         1.6 13.6 .558 .560  .000 .636 .576 .558   C    JR
143              Mark Mocnik  13.5 28 1989-90             Campbell 28 28 31.0 4.7 12.4 2.5  6.3 2.2  6.1 1.8 2.2 0.6 3.3  3.9 2.4 0.8 0.3 2.9 1.4 13.5 .382 .400  .363 .790 .502 .471   F    SO
144           Scott Hartzell  13.4 27 1992-93       UNC Greensboro    27 36.0 4.0  9.2 1.3  3.3 2.7  5.9 2.7         3.0  3.0 4.1 0.8 0.1 3.3 2.5 13.4 .440 .409  .456 .889 .634 .587   G    FR
145           Robert Dowdell  13.4 32 1990-91 USC Coastal Carolina 32 32 35.3 4.0  9.0 2.5  5.0 1.5  4.0 3.9         5.2  3.8 4.9 2.3 0.1 2.9 1.9 13.4 .444 .506  .367 .753 .583 .526   G    SR
146             Kevin Martin  13.4 28 1997-98        UNC Asheville    28 28.9 4.6  9.3 4.0  7.5 0.6  1.8 3.5         5.1  5.2 2.6 1.4         0.0 13.4 .498 .536  .340 .674 .568 .531   F    JR
147            Brian Schmall  13.4 31 1992-93              Radford    31 35.7 4.3  9.4 3.1  6.0 1.2  3.4 3.6         4.5  4.5 7.0 1.2 0.3 3.8 3.0 13.4 .457 .519  .346 .794 .578 .519   G    SR
148              Brett Carey  13.3 28 2000-01        UNC Asheville 28 28 29.5 4.4 10.1 2.5  5.6 1.9  4.5 2.6 3.3 0.6 2.3  2.9 2.0 1.4 0.0 2.5 1.9 13.3 .440 .455  .421 .791 .573 .534   G    SR
149     Rolando Hourruitiner  13.3 29 1996-97  Charleston Southern 29 24 30.0 4.5  9.7 3.1  6.1 1.4  3.5 3.0         3.6  4.0 2.6 0.9 1.0 2.2 3.6 13.3 .464 .506  .392 .827 .586 .536   F    SR
150               Nathan Day  13.3 28 2000-01              Liberty 28 28 32.3 4.6  9.9 4.4  9.4 0.2  0.5 3.9 5.1 2.8 4.3  7.1 1.3 1.4 0.5 2.5 3.4 13.3 .464 .471  .333 .757 .537 .473   F    SR
151             Kevin Martin  13.3 25 1996-97        UNC Asheville    25 32.2 4.2  9.2 3.7  7.4 0.5  1.8 4.5         6.0  5.8 3.2 1.3         0.2 13.3 .452 .500  .261 .752 .552 .478   F    SO
152           Marcus Stewart  13.3 18 1998-99     Coastal Carolina    18 28.1 4.9  9.4 4.9  9.4 0.0  0.0 3.5 5.3 2.8 2.4  5.2 0.7 1.1 0.8 3.1 2.5 13.3 .521       .521 .656 .557 .521   C    SO
153           Kevin Robinson  13.3 29 1997-98              Radford         29 5.0  8.4 5.0  8.4 0.0  0.0 3.3         4.8  8.8 1.1 1.0         0.4 13.3 .588       .588 .693 .618 .588   F    SR
154            Larry Jackson  13.3 29 1995-96              Liberty 29 29 31.7 4.8 11.5 2.9  6.6 1.9  4.9 1.8         2.3  4.1 3.2 0.8 0.4 2.3 2.0 13.3 .417 .447  .378 .779 .527 .498   G    SO
155              Larry Blair  13.2 33 2003-04              Liberty 33 29 30.5 4.9 12.8 3.0  6.9 1.9  5.9 1.5 2.1 0.8 1.9  2.7 2.0 1.6 0.5 2.3 1.5 13.2 .385 .436  .325 .714 .481 .460   G    FR
156           Scott Hartzell  13.2 27 1993-94       UNC Greensboro 27 25 34.1 4.3  9.7 1.9  3.8 2.5  5.9 2.1         2.6  2.9 5.4 0.8 0.1 3.2 1.7 13.2 .448 .485  .424 .789 .606 .577   G    SO
157            Robert Watson  13.2 28 1991-92        UNC Asheville         28 5.1 10.9 5.1 10.6 0.1  0.3 2.9         4.0  6.0 1.3 0.5         0.5 13.2 .472 .477  .286 .714 .516 .475   F    SR
158           Maurice Ingram  13.2 25 1994-95     Coastal Carolina 25 23 27.5 5.5 10.4 5.5 10.4 0.0  0.0 2.2         3.9  9.2 0.5 0.7 0.4 1.8 3.3 13.2 .533       .533 .551 .540 .533   C    SO
159            Tyrone Walker  13.2 25 2002-03             Winthrop 25 24 28.9 4.5 10.3 3.1  6.6 1.4  3.8 2.8 3.5 2.4 4.6  7.0 1.6 1.0 1.2 2.0 2.6 13.2 .434 .476  .362 .816 .550 .500   F    JR
160              Kurtis Rice  13.1 27 2003-04  Charleston Southern 27 23 27.2 5.6 10.5 5.5 10.1 0.1  0.4 1.9 3.0 2.2 2.9  5.1 0.9 0.9 0.6 2.3 2.9 13.1 .528 .540  .200 .642 .549 .532   F    JR
161              O.J. Linney  13.1 29 2000-01  Charleston Southern 29 29 27.1 5.0  9.0 4.9  8.7 0.1  0.3 2.9 4.0 2.2 3.9  6.1 0.7 1.8 0.3 1.8 2.3 13.1 .559 .566  .400 .724 .601 .567   F    SR
162               Joe Knight  13.1 29 2001-02           High Point 29 28 33.6 4.2 11.1 2.9  6.6 1.3  4.5 3.2 4.2 1.0 2.9  3.9 3.1 1.8 0.0 3.2 2.2 13.1 .382 .438  .300 .764 .498 .443   G    FR
163            Pierre Wooten  13.1 30 2002-03             Winthrop 30 29 30.4 4.3 10.3 2.8  5.7 1.5  4.6 3.0 4.5 0.6 3.3  3.9 3.7 1.4 0.1 2.4 2.0 13.1 .413 .483  .326 .679 .525 .485   G    SR
164             Terence Ward  12.9 28 1997-98                 UMBC    28 33.4 4.2 10.3 1.9  4.5 2.3  5.8 2.3         2.9  2.6 3.8 1.5         0.0 12.9 .405 .429  .387 .813 .554 .514   G    FR
165           Maurice Ingram  12.9 25 1995-96     Coastal Carolina    25 32.2 4.9 10.6 4.9 10.6 0.0  0.0 3.1         5.6  9.2 1.2 0.8         0.6 12.9 .466       .466 .554 .489 .466   C    JR
166            Billy Ellison  12.9 28 1991-92             Campbell 28 28 28.8 5.0  8.7 5.0  8.7 0.0  0.0 2.9         5.6  4.4 1.9 0.5 0.3 2.3 2.8 12.9 .574       .574 .513 .566 .574   C    SO
167            Tyrone Walker  12.9 28 2003-04             Winthrop 28 27 31.4 4.6 10.5 3.4  6.9 1.2  3.6 2.4 3.4 3.0 4.8  7.8 2.7 1.6 1.0 2.4 2.2 12.9 .442 .497  .337 .688 .530 .500   F    SR
168             Detlef Musch  12.8 28 1991-92             Davidson         28 5.1  9.4 5.1  9.4 0.0  0.0 2.5         3.8  6.4 0.9 0.7         1.0 12.8 .550       .550 .660 .573 .550   C    JR
169        Raymond Arrington  12.7 29 2000-01              Radford 29 28 31.4 4.0 10.6 1.2  3.6 2.7  7.0 2.1 2.5 1.2 1.6  2.8 1.0 0.9 0.4 1.6 2.5 12.7 .373 .346  .387 .833 .539 .502   G    SO
170             Rodney Dupre  12.7 27 1997-98     Coastal Carolina         27 4.1 10.9 2.5  6.4 1.6  4.6 2.9         3.8  4.1 1.5 2.4         0.3 12.7 .376 .395  .350 .765 .499 .449   G    SR
171          Falur Hardarson  12.6 27 1992-93  Charleston Southern    27 33.5 3.9  9.0 1.4  2.6 2.4  6.3 2.5         3.1  2.4 2.8 1.2 0.0 2.4 2.6 12.6 .430 .535  .386 .798 .605 .566   G    SR
172            Yusuf Stewart  12.6 27 1992-93       UNC Greensboro    27 27.4 4.0  9.9 3.1  6.1 0.9  3.7 3.8         5.6  3.7 2.0 1.7 0.3 3.4 2.9 12.6 .404 .512  .228 .680 .504 .448   G    SR
173                Ben Avery  12.6 27 1996-97     Coastal Carolina         27 4.7 12.1 4.0  9.4 0.7  2.7 2.5         3.7  7.1 1.6 1.3         0.4 12.6 .390 .429  .250 .687 .456 .417   F    SR
174            Tony Thompson  12.6 27 1994-95                 UMBC 27 21 29.9 4.6 10.6 3.9  8.4 0.7  2.2 2.7         4.2  6.2 1.9 1.7 0.2 1.8 3.1 12.6 .435 .465  .322 .646 .502 .468   F    JR
175         Derrick Williams  12.6 28 2002-03  Birmingham-Southern 28 27 32.1 3.6  9.3 1.4  3.3 2.2  6.0 3.2 3.7 0.7 2.1  2.8 3.4 1.8 0.0 3.4 2.1 12.6 .385 .413  .369 .874 .570 .504   G    JR
176            Marlin Parker  12.6 27 1997-98  Charleston Southern         27 5.2 11.4 4.9 10.1 0.3  1.2 1.9         3.3  4.9 1.1 1.0         0.1 12.6 .456 .478  .273 .562 .485 .471   G    SO
177           Tyson Waterman  12.6 29 1996-97             Winthrop         29 3.9 10.2 1.6  3.5 2.4  6.7 2.3         3.1  2.8 5.1 1.7         0.2 12.6 .384 .441  .354 .744 .536 .500   G    SO
178           Tyson Waterman  12.6 29 1999-00             Winthrop 29 29 28.9 3.9 10.2 1.6  3.5 2.4  6.7 2.3 3.1 0.3 2.4  2.8 5.1 1.7 0.2 3.4 2.5 12.6 .384 .441  .354 .744 .536 .500   G    SR
179          Jason Zimmerman  12.5 29 1990-91             Davidson         29 4.0  9.4 2.3  5.3 1.7  4.1 2.8         3.3  2.7 2.6 0.8         0.1 12.5 .425 .432  .415 .863 .571 .515   G    FR
180              Jason Dixon  12.5 28 1994-95              Liberty 28 27 32.0 4.5  8.8 4.4  7.8 0.2  1.1 3.3         5.3  9.0 1.4 1.3 0.9 3.2 2.3 12.5 .514 .562  .167 .619 .552 .524   C    SR
181            Tony Daughtry  12.5 30 1996-97       UNC Greensboro 30 30 33.7 3.8  8.2 1.7  3.6 2.1  4.5 2.8         3.8  3.6 1.4 0.9 0.3 1.7 2.5 12.5 .465 .459  .471 .722 .626 .596   G    SR
182           Tyson Waterman  12.5 26 1995-96             Winthrop    26 29.8 4.0  9.3 2.0  4.0 2.0  5.3 2.5         3.5  3.2 2.7 1.4         0.1 12.5 .430 .500  .377 .703 .568 .537   G    FR
183           Vince Mitchell  12.5 20 1998-99  Charleston Southern    20 31.1 4.7 10.7 3.0  5.9 1.8  4.9 1.3 1.6 0.9 2.8  3.6 1.9 1.6 0.1 3.1 2.4 12.5 .439 .504  .361 .813 .543 .521   G    SR
184           Vince Mitchell  12.4 27 1997-98  Charleston Southern    27 33.0 4.7 11.0 3.1  6.3 1.6  4.7 1.6         2.3  3.6 2.6 1.1         0.1 12.4 .426 .494  .333 .677 .516 .497   G    JR
185            Brian Brunson  12.4 30 1995-96       UNC Greensboro 30 30 26.4 5.1  9.9 4.9  9.7 0.1  0.3 2.2         3.5  5.2 0.7 0.6 0.3 2.0 2.4 12.4 .510 .510  .500 .619 .536 .517   F    SR
186             Derek Borden  12.4 28 1991-92        UNC Asheville         28 4.6 10.9 4.0  9.3 0.6  1.6 2.6         3.8  4.3 0.9 1.1         0.5 12.4 .422 .433  .356 .689 .487 .448   F    JR
187            Rob Stevenson  12.4 28 1997-98        UNC Asheville         28 4.9  8.7 4.9  8.7 0.0  0.0 2.6         4.7  6.8 1.0 0.7         2.5 12.4 .564       .564 .550 .567 .564   F    SR
188            Skip Saunders  12.3 23 1993-94                 UMBC 23 19 27.2 4.2 10.2 1.9  4.6 2.3  5.6 1.6         2.2  2.3 1.5 0.7 0.1 1.7 2.5 12.3 .415 .419  .411 .725 .550 .528   G    SR
189            Larry Jackson  12.3 32 1996-97              Liberty 32 32 31.4 4.3 10.2 2.1  4.8 2.2  5.4 1.6         1.9  3.7 2.2 1.0 0.2 2.0 1.9 12.3 .422 .444  .401 .867 .559 .528   G    JR
190        Jakob Sigurdarson  12.3 28 2002-03  Birmingham-Southern 28 27 31.7 3.8  8.7 1.4  2.7 2.4  6.0 2.3 2.8 0.3 2.6  2.9 2.5 1.3 0.1 1.6 2.0 12.3 .434 .500  .405 .833 .614 .574   G    SO
191               Brent Keck  12.3 28 1990-91        UNC Asheville         28 4.3  8.5 4.3  8.4 0.0  0.0 3.6         5.4  7.3 0.9 0.5         0.5 12.3 .511 .508 1.000 .662 .556 .513   C    SR
192            George Henson  12.3 28 1990-91             Winthrop 28 28 33.3 4.4 10.5 3.1  7.0 1.3  3.5 2.3         2.8  3.4 2.9 1.1 0.1 2.7 2.4 12.3 .414 .437  .367 .818 .517 .475   F    JR
193             Burt Jenkins  12.2 23 1992-93        UNC Asheville    23 26.1 4.3 10.0 2.0  4.6 2.2  5.3 1.4         1.9  2.7 1.1 0.8 0.3 1.4 2.0 12.2 .428 .443  .415 .767 .561 .539   F    JR
194          Matt Hildebrand  12.2 29 1991-92              Liberty 29 29 29.4 3.5  6.6 2.2  4.4 1.3  2.2 3.9         4.3  3.9 4.6 1.3 0.2 2.8 2.0 12.2 .526 .504  .569 .912 .702 .622   G    SO
195           Marcus Stewart  12.2 31 2000-01             Winthrop 31 28 29.2 3.9  8.8 3.9  8.8 0.0  0.1 4.3 6.2 3.5 3.3  6.7 1.0 1.0 0.4 2.3 2.7 12.2 .445 .449  .000 .693 .516 .445   C    JR
196          Kevin Bellinger  12.2 26 1993-94                 UMBC 26  8 25.3 5.0  9.7 5.0  9.7 0.0  0.0 2.1         3.8  6.3 0.5 0.8 0.3 1.9 2.8 12.2 .520       .520 .545 .528 .520   F    JR
197              Eric Bowens  12.1 28 1996-97              Radford 28 20 23.8 4.8  8.6 4.7  8.6 0.0  0.0 2.6         3.3  4.6 0.9 0.8 0.6 1.6 2.2 12.1 .550 .548 1.000 .793 .595 .552   F    SR
198           Kennedy Okafor  12.1 28 1997-98                 UMBC    28 31.3 4.5  8.8 4.5  8.8 0.0  0.0 3.1         4.3  9.3 1.4 0.7         0.7 12.1 .512       .512 .739 .562 .512   F    FR
199            Rob Stevenson  12.1 28 1996-97        UNC Asheville    28 27.6 4.5  9.0 4.5  8.9 0.0  0.0 3.1         5.3  6.7 0.9 0.7         1.5 12.1 .502 .500 1.000 .588 .529 .504   F    JR
200              Don Burgess  12.1 29 1991-92              Radford    29 31.1 4.4  8.3 3.5  6.1 0.9  2.2 2.4         2.8  5.3 1.5 1.8 0.7     2.2 12.1 .531 .571  .422 .852 .630 .587   F    SO
[/code]

Provided by [url=https://www.sports-reference.com/sharing.html?utm_source=direct&utm_medium=Share&utm_campaign=ShareTool]Stathead[/url]: [url=https://www.sports-reference.com/stathead/basketball/cbb/player-season-finder.cgi?utm_source=direct&utm_medium=Share&utm_campaign=ShareTool]Found with Stathead. See Full Results.[/url]
Generated 6/11/2026.