[code]                                                                                                                                                                                           
                                                                                                                                                                                       Per 
Rk                 Player PTS/G  G  Season                 Team  G GS   MP  FG  FGA  2P  2PA  3P 3PA  FT FTA ORB DRB  TRB AST STL BLK TOV  PF  PTS  FG%  2P%   3P%  FT%  TS% eFG% Pos Class
1       Orlando Lightfoot  25.4 28 1993-94                Idaho 28 28 33.9 9.4 20.6 6.9 13.3 2.5 7.3 4.0         6.0  7.6 0.9 0.8 0.3 2.5 2.1 25.4 .456 .515  .348 .673 .540 .517   F    SR
2               Stan Rose  23.2 28 1992-93          Weber State 28 27 33.2 8.6 13.9 8.6 13.9 0.0 0.0 6.1         9.8  8.3 1.1 0.7 0.4 3.4 2.8 23.2 .615       .615 .618 .624 .615   F    SR
3        Harold Arceneaux  23.0 28 1999-00          Weber State 28 27 32.8 7.6 14.9 6.3 11.2 1.4 3.7 6.4         8.1  7.4 1.7 1.4 0.9 2.6 2.5 23.0 .512 .559  .369 .796 .615 .558   F    SR
4           Jason Hartman  22.8 28 1998-99       Portland State    28 32.6 7.1 15.5 4.3  8.0 2.8 7.5 5.9 7.2 1.3 4.3  5.6 1.8 0.7 0.3 2.3 2.7 22.8 .456 .529  .378 .812 .603 .547   F    SR
5             Riley Smith  22.6 31 1989-90                Idaho         31 8.7 14.2 8.7 14.2 0.0 0.0 5.2         7.4  8.8 1.1 1.5         1.2 22.6 .612 .611 1.000 .696 .637 .613   C    SR
6       Orlando Lightfoot  22.3 32 1992-93                Idaho 32 32 31.2 9.0 18.2 7.8 14.6 1.2 3.6 3.2         4.5  8.6 0.7 0.5 0.3 2.0 2.5 22.3 .495 .536  .325 .713 .550 .527   F    JR
7        Harold Arceneaux  22.3 32 1998-99          Weber State 32 30 31.7 8.3 16.3 7.3 13.1 1.1 3.2 4.6         6.1  6.0 1.8 1.7 1.6     3.1 22.3 .511 .555  .330 .758 .581 .543   F    JR
8       Orlando Lightfoot  21.8 31 1991-92                Idaho 31 29 30.9 8.5 17.6 6.5 12.3 1.9 5.3 3.0         4.1  8.9 0.6 0.7 0.5 2.2 3.1 21.8 .481 .532  .364 .738 .560 .536   F    SO
9     Jimmy DeGraffenried  21.2 30 1995-96          Weber State 30 30 35.0 7.1 12.5 5.6  9.1 1.6 3.3 5.4         6.3  6.6 1.9 0.9 0.2 1.5 1.9 21.2 .572 .609  .470 .862 .687 .635   F    SR
10           Tanoka Beard  21.0 27 1992-93          Boise State 27 26 30.0 7.4 12.6 7.4 12.6 0.0 0.0 6.2         7.7  7.7 1.0 1.0         1.4 21.0 .587       .587 .804 .646 .587   C    SR
11          Tywan Meadows  20.9 22 1997-98          Idaho State         22 7.1 16.0 5.7 11.6 1.4 4.4 5.3         7.6  6.2 1.8 1.6         0.6 20.9 .442 .492  .309 .696 .530 .484   F    JR
12         Nate Holmstadt  20.8 29 1998-99        Montana State    29 33.8 8.2 15.1 7.9 13.9 0.3 1.2 4.1 5.6 1.9 6.0  7.9 2.4 0.3 0.7 3.0 2.2 20.8 .541 .567  .250 .730 .584 .551   C    SR
13       Jermaine Boyette  20.5 32 2002-03          Weber State 32 32 32.0 6.2 11.4 5.3  8.6 1.0 2.8 7.1 8.8 1.1 1.4  2.5 3.3 1.8 0.0 2.4 2.6 20.5 .545 .609  .348 .806 .658 .588   G    SR
14            Al Hamilton  20.3 29 1991-92          Weber State 29 29 31.5 8.0 15.8 7.7 14.9 0.3 0.9 3.9         5.0  5.7 1.2 0.7 0.7 2.8 2.1 20.3 .507 .515  .370 .786 .558 .517   F    JR
15           Brian Heinle  20.2 32 2000-01 Cal State Northridge 32 32 31.8 7.2 14.3 5.5 10.5 1.6 3.8 4.3 6.5 2.0 7.1  9.2 3.9 1.5 0.8 3.3 2.6 20.2 .500 .525  .430 .657 .581 .557   C    SR
16            Al Hamilton  20.0 27 1992-93          Weber State 27 27 34.3 7.9 16.8 7.5 15.4 0.4 1.4 3.9         5.2  6.4 2.3 1.2 0.5 3.1 1.9 20.0 .469 .486  .289 .743 .520 .481   F    SR
17         Ruben Nembhard  19.9 28 1994-95          Weber State 28 27 37.1 7.3 15.9 6.4 12.6 0.9 3.3 4.4         6.1  5.2 4.2 2.2 0.3 4.3 2.3 19.9 .462 .510  .275 .713 .530 .490   G    SR
18          Matt Williams  19.2 28 1999-00              Montana 28 28 35.8 6.8 12.3 6.7 12.0 0.1 0.3 5.6 8.2 3.3 7.0 10.3 1.1 1.2 0.5 2.8 2.5 19.2 .551 .560  .222 .678 .592 .554   F    SR
19         Kevin Franklin  19.2 24 1989-90               Nevada         24 6.8 15.5 4.0  8.4 2.8 7.2 2.8         3.2  3.9 1.6 1.0 0.1     1.9 19.2 .437 .483  .384 .883 .562 .525   G    SO
20          Jason Hartman  19.1 22 1997-98       Portland State    22 32.6 5.5 12.9 2.7  6.7 2.8 6.2 5.5         6.6  3.9     1.4 0.1 2.5 2.2 19.1 .423 .401  .445 .822 .596 .530   F    JR
21       Jermaine Boyette  19.1 24 2000-01          Weber State 24 19 31.2 6.6 13.2 5.8 10.5 0.8 2.7 5.1 6.4 1.5 1.9  3.4 4.2 2.2 0.1 3.6 2.2 19.1 .500 .548  .313 .799 .590 .532   G    SO
22          Marquis Poole  19.0 28 2003-04          Idaho State 28 28 33.8 7.1 14.5 6.7 13.3 0.4 1.2 4.3 6.6 1.0 2.8  3.8 6.0 2.0 0.4 4.0 2.3 19.0 .490 .503  .353 .658 .538 .505   G    SR
23             Jim Potter  18.9 28 1994-95          Idaho State    28 34.1 6.3 13.0 5.5 10.4 0.8 2.6 5.5         7.4  9.5 1.6 0.9 1.0     1.7 18.9 .484 .527  .306 .748 .572 .514   F    SR
24             Jim Potter  18.8 28 1992-93          Idaho State 28 28 34.5 6.6 13.8 5.5 11.1 1.1 2.7 4.6         6.2  6.6 1.3 1.1 0.6 2.0 2.5 18.8 .475 .494  .400 .747 .561 .514   F    SO
25     Damien Baskerville  18.5 20 1996-97          Weber State 20 20 33.2 6.4 12.9 6.1 11.7 0.3 1.2 5.5         7.3  6.6 4.7 2.4 0.1 3.2 3.3 18.5 .492 .517  .250 .753 .565 .504   G    SO
26          Kevin Kearney  18.3 31 1990-91              Montana 31 31 31.5 6.8 13.5 6.4 12.1 0.5 1.4 4.2 6.0 3.1 3.3  6.4 0.5 0.4         0.3 18.3 .507 .528  .326 .699 .561 .524   F    SR
27             Jim Potter  18.2 27 1993-94          Idaho State 27 27 37.9 6.6 12.5 6.0 10.5 0.6 2.0 4.4         5.9  9.1 1.3 1.4 0.8 2.5 2.0 18.2 .528 .572  .296 .755 .596 .552   F    JR
28             Ric Herrin  18.2 31 1990-91               Nevada         31 6.8 13.6 6.8 13.6 0.0 0.0 4.6         7.0  9.8 0.7 1.2         0.5 18.2 .498       .498 .664 .537 .498   C    SO
29           Tanoka Beard  18.1 29 1991-92          Boise State 29 29 30.3 6.2 10.8 6.2 10.7 0.0 0.0 5.7         8.0  7.0 1.0 0.5 1.4 2.2 2.8 18.1 .574 .576  .000 .719 .621 .574   C    JR
30            Ryan McDade  18.0 28 2002-03     Northern Arizona 28 28 29.8 7.4 14.7 7.3 14.2 0.1 0.5 3.1 6.0 3.2 5.4  8.6 0.9 1.0 0.9 1.8 3.1 18.0 .501 .510  .231 .524 .512 .505   F    SR
31          Quadre Lollis  17.9 30 1995-96        Montana State 30 30 30.0 7.1 10.5 7.1 10.4 0.0 0.1 3.8         6.1 11.3 2.1 1.1 0.8 2.0 2.7 17.9 .675 .679  .000 .626 .672 .675   C    SR
32           Herman Smith  17.8 29 1991-92          Idaho State 29 28 30.3 6.8 11.3 6.8 11.2 0.0 0.0 4.2         5.8  5.1 1.1 1.0 0.4 2.7 3.1 17.8 .602 .604  .000 .731 .635 .602   C    SR
33           Tanoka Beard  17.7 29 1990-91          Boise State 29 29 28.5 6.3 10.4 6.3 10.4 0.0 0.0 5.1         7.1  5.0 0.8 0.9 1.7 2.3 3.0 17.7 .606       .606 .722 .644 .606   C    SO
34             David Bell  17.6 30 2002-03              Montana 30 29 32.5 5.4 13.0 2.1  4.6 3.3 8.4 3.6 4.3 0.2 2.4  2.6 2.7 1.2 0.0 2.8 3.0 17.6 .415 .467  .387 .836 .587 .541   G    SR
35         Nate Holmstadt  17.6 30 1996-97        Montana State    30 29.1 6.8 12.9 6.6 11.8 0.2 1.1 3.7         5.1  7.7 1.5 0.7         0.8 17.6 .531 .559  .219 .732 .577 .540   C    SO
36            Alex Fisher  17.5 28 1996-97          Weber State 28 27 31.9 6.7 15.1 4.0  8.4 2.7 6.7 1.5         2.3  3.7 2.1 0.9 0.0 2.0 2.6 17.5 .442 .475  .401 .667 .542 .531   G    JR
37             Aaron Bond  17.4 28 2003-04     Northern Arizona 28 26 27.5 6.0 12.5 4.3  8.4 1.6 4.1 3.8 4.8 1.1 4.4  5.5 0.7 0.9 0.8 1.7 2.7 17.4 .479 .515  .404 .793 .589 .544   F    SR
38            Karim Scott  17.4 27 1997-98   Eastern Washington 27 27 32.9 7.0 13.4 6.5 11.7 0.5 1.7 2.9         4.4  7.0 1.2 2.0 0.7 1.7 2.5 17.4 .521 .555  .283 .650 .558 .539   F    SR
39             John Coker  17.4 30 1993-94          Boise State 30 30 28.9 7.7 13.4 7.7 13.4 0.0 0.0 2.0 3.9 2.4 4.1  6.5 1.3 0.3 2.6 1.8 2.6 17.4 .573       .573 .504 .568 .573   C    JR
40        Kevin Sweetwyne  17.3 26 1998-99          Idaho State    26 33.6 5.9 14.2 3.8  9.2 2.0 4.9 3.5 4.6 1.1 3.0  4.1 3.1 0.9 0.0 3.5 2.7 17.3 .416 .417  .414 .767 .531 .488   G    JR
41         Jason Erickson  17.3 27 2003-04        Montana State 27 27 37.9 6.2 11.8 4.3  7.7 1.9 4.1 3.0 3.6 0.4 2.3  2.7 2.7 2.4 0.3 2.0 2.2 17.3 .524 .556  .464 .854 .642 .605   G    SR
42             David Peed  17.2 29 1989-90   Eastern Washington         29 6.2 14.8 4.9  9.9 1.3 4.9 3.4         4.4  6.1 2.1 1.7         0.9 17.2 .419 .490  .275 .767 .507 .464   F    SR
43       Jermaine Boyette  17.1 29 2001-02          Weber State 29 26 29.8 5.7 12.5 4.6  9.0 1.1 3.4 4.7 6.4 0.8 2.2  2.9 3.0 2.1 0.0 2.6 2.3 17.1 .456 .508  .320 .730 .552 .500   G    JR
44         Nate Holmstadt  16.9 30 1997-98        Montana State    30 28.0 6.3 10.5 6.0  9.4 0.3 1.1 3.9         4.7  6.7 1.8 0.7         0.6 16.9 .603 .636  .313 .823 .662 .619   C    JR
45            Johnny Mack  16.8 28 1990-91        Montana State 28 28 34.1 6.0 14.4 4.1  9.6 1.9 4.8 2.9         4.0  3.5 3.8 1.4 0.3 2.1 2.6 16.8 .417 .425  .400 .730 .517 .484   G    SO
46         Shannon Taylor  16.8 27 1998-99   Eastern Washington    27 29.0 5.3 13.7 1.5  3.9 3.8 9.8 2.4 3.4 1.1 4.3  5.3 2.4 1.2 0.1 2.8 1.9 16.8 .386 .377  .390 .696 .547 .526   G    SR
47            Mike Oquinn  16.7 27 1997-98 Cal State Northridge         27 5.8 11.4 4.4  7.6 1.4 3.9 3.8         4.9  6.4 2.1 0.8         0.4 16.7 .506 .578  .365 .773 .610 .568   G    SR
48              Ross Land  16.6 31 1999-00     Northern Arizona 31 31 32.5 4.9 11.1 1.9  3.9 3.0 7.2 3.7 4.2 0.4 3.3  3.6 2.4 0.6 0.1 2.2 1.0 16.6 .446 .488  .423 .885 .637 .583   F    SR
49         Danny Sprinkle  16.6 29 1998-99        Montana State    29 31.6 5.9 12.2 2.9  5.0 3.0 7.1 1.8 2.0 0.1 1.9  2.0 1.9 0.6 0.0 0.1 1.4 16.6 .484 .568  .425 .895 .633 .609   G    SR
50             Nate Green  16.4 27 1996-97          Idaho State    27 32.8 6.1 11.6 6.1 11.5 0.0 0.1 4.2         8.5  7.3 2.4 1.9 1.3     3.5 16.4 .525 .531  .000 .496 .525 .525   C    SR
51      Shambric Williams  16.4 30 1993-94          Boise State 30 30 34.1 6.0 12.6 4.6  9.5 1.4 3.1 3.1 4.2 2.2 3.8  6.0 3.1 1.7 0.3 2.9 2.7 16.4 .476 .486  .446 .724 .562 .530   F    SR
52             Alex Kreps  16.4 29 1990-91          Idaho State         29 5.7 10.4 5.7 10.1 0.0 0.3 5.0         6.7  6.6 0.7 0.7         0.4 16.4 .548 .562  .111 .751 .606 .550   C    JR
53         Anthony Lackey  16.4 28 2001-02       Portland State 28 28 31.7 5.9 12.8 3.3  6.6 2.6 6.1 2.1 2.8 0.9 5.2  6.1 2.1 1.6 0.5 2.3 3.3 16.4 .458 .495  .419 .766 .582 .559   F    SR
54        Kevin Sweetwyne  16.3 23 1999-00          Idaho State 23 23 32.1 5.4 15.3 4.0 10.3 1.3 5.0 4.2 5.4 1.9 3.7  5.6 3.1 1.1 0.1 3.3 2.3 16.3 .353 .392  .272 .776 .458 .397   G    SR
55             Eddie Gill  16.3 28 1999-00          Weber State 28 28 36.0 4.6 11.6 2.7  6.5 1.9 5.1 5.3         6.2  6.4 6.9 3.2 0.3 3.9 2.6 16.3 .394 .415  .366 .861 .561 .474   G    SR
56        Lorenzo Watkins  16.2 27 1993-94          Idaho State 27 27 35.4 5.3 12.0 3.1  6.0 2.2 6.0 3.5         4.6  3.6 3.0 1.5 0.1 2.3 2.2 16.2 .438 .512  .364 .764 .571 .529   G    JR
57            Brad Sebree  16.2 19 1993-94   Eastern Washington 19 18 31.7 5.3 12.9 3.3  6.3 2.0 6.6 3.5         4.8  3.2 2.9 1.3     0.2 2.1 16.2 .411 .525  .302 .728 .530 .488   G    SR
58           Blake Walker  16.1 27 2003-04       Portland State 27 26 35.1 5.9 14.4 4.7 10.2 1.2 4.3 3.0 4.4 2.3 3.9  6.1 1.5 0.9 0.1 2.2 2.6 16.1 .410 .465  .278 .683 .485 .451   G    JR
59         Brian Sullivan  16.1 27 1990-91   Eastern Washington 27 27 33.7 5.6 12.8 4.6  9.5 1.0 3.3 3.8 5.3 0.7 3.0  3.8 5.2 2.0 0.3 2.9 2.8 16.1 .441 .484  .315 .713 .526 .481   G    SR
60          Donell Morgan  16.1 28 1994-95          Idaho State         28 5.5 11.8 5.4 11.0 0.1 0.8 5.1         7.1  5.8 2.4 1.7         0.5 16.1 .464 .489  .095 .714 .530 .467   F    SR
61            Art Menefee  16.0 27 1992-93        Montana State 27 27 33.2 5.8 11.0 5.8 10.7 0.0 0.3 4.3         6.9  8.7 1.9 1.1 0.6 2.6 3.0 16.0 .530 .540  .143 .632 .563 .532   F    SR
62        Shawn Samuelson  16.0 28 1995-96              Montana 28 28 30.5 5.5 10.3 5.0  8.9 0.5 1.3 4.5         5.8  7.4 0.9 1.2 0.4 1.9 1.8 16.0 .537 .564  .351 .778 .614 .559   F    SR
63             John Coker  15.9 21 1994-95          Boise State 21  9 27.3 6.1 11.6 6.1 11.6 0.0 0.0 3.6         5.3  7.3 0.8 0.6 2.3 1.4 2.3 15.9 .529       .529 .679 .562 .529   C    SR
64             Erin Cowan  15.9 28 1992-93          Idaho State 28 28 37.9 5.0 12.3 2.9  6.0 2.1 6.2 3.6         4.3  3.2 5.3 1.2 0.0 3.4 2.6 15.9 .411 .479  .345 .850 .555 .499   G    SR
65             Jason Word  15.8 26 1993-94     Northern Arizona 26 22 28.2 4.9  9.3 4.9  9.2 0.0 0.1 6.0         8.0  9.2 1.4 0.7 0.6 1.9 2.7 15.8 .531 .536  .000 .750 .606 .531   F    SR
66         Robbie Johnson  15.8 30 1993-94          Weber State 30 30 35.0 5.8 14.2 3.8  7.7 2.0 6.5 2.3         3.5  3.6 4.7 2.7 0.1 3.2 2.0 15.8 .407 .496  .303 .642 .498 .477   G    SR
67           Jeremy Brown  15.8 27 2001-02          Idaho State 27 24 30.1 5.5 13.8 3.2  7.3 2.3 6.5 2.4 3.5 2.2 4.8  7.0 2.0 1.4 0.3 2.4 3.3 15.8 .401 .437  .360 .691 .511 .485   F    JR
68          Donell Morgan  15.7 25 1993-94          Idaho State 25 25 30.7 5.4 10.7 5.4 10.3 0.0 0.4 4.8         7.4  6.4 2.0 2.3 0.4 2.6 3.2 15.7 .507 .527  .000 .652 .551 .507   F    JR
69            DMarr Suggs  15.7 27 2001-02          Idaho State 27 26 35.0 5.6 13.4 3.4  7.2 2.2 6.3 2.3 3.2 1.7 3.4  5.1 2.3 1.6 0.5 2.6 1.7 15.7 .416 .474  .349 .721 .524 .497   G    SR
70        Jordie McTavish  15.6 28 2000-01          Idaho State 28 27 35.1 4.9 12.4 2.2  5.5 2.7 6.9 3.3 4.0 0.4 1.8  2.2 5.5 1.0 0.0 3.7 2.6 15.6 .392 .399  .387 .813 .547 .500   G    SR
71        Terance Fleming  15.6 27 1993-94          Idaho State 27 26 34.9 4.4 10.1 2.8  5.7 1.7 4.5 5.1         6.4  4.2 4.4 2.4 0.2 3.4 3.0 15.6 .438 .490  .372 .797 .593 .520   G    SR
72            Brian Towne  15.6 27 1997-98       Portland State    27 31.5 5.1 11.5 2.2  4.7 2.9 6.8 2.5         3.3  2.7     2.2 0.1 2.6 2.0 15.6 .444 .469  .426 .753 .596 .569   G    JR
73         Dan McClintock  15.6 31 1999-00     Northern Arizona 31 31 24.3 6.1 10.3 6.1 10.3 0.0 0.0 3.3 4.9 1.6 4.9  6.5 1.2 0.4 2.3 1.8 2.8 15.6 .597       .597 .682 .620 .597   C    SR
74            Cory Schwab  15.5 29 2000-01     Northern Arizona 29 29 34.7 5.1 11.3 1.4  3.2 3.6 8.1 1.7 2.2 0.4 1.9  2.3 1.9 0.4 0.2 1.6 1.7 15.5 .450 .457  .447 .781 .628 .610   F    SR
75            Ricky Glenn  15.4 26 2000-01     Sacramento State 26 24 29.7 6.0 11.7 5.9 11.4 0.2 0.3 3.2 5.1 2.3 3.0  5.4 1.2 1.0 0.5 3.4 2.6 15.4 .515 .517  .444 .624 .545 .521   F    SR
76           Justyn Tebbs  15.4 30 1995-96          Weber State 30 30 29.5 5.4 10.8 3.7  7.5 1.7 3.3 2.9         3.9  5.4 1.9 1.2 0.5 2.1 2.5 15.4 .498 .498  .500 .759 .608 .575   F    SR
77     Slobodan Ocokoljic  15.3 23 2002-03          Weber State 23 21 27.5 5.2 11.3 4.5  9.0 0.7 2.3 4.2 6.1 2.7 5.7  8.4 1.8 1.1 0.3 3.3 3.5 15.3 .463 .500  .321 .681 .541 .496   F    JR
78    Jimmy DeGraffenried  15.3 30 1994-95          Weber State 30 30 31.8 5.0  9.8 2.7  4.5 2.3 5.3 3.0         3.6  4.8 1.0 0.5 0.2 1.4 2.1 15.3 .510 .593  .440 .833 .666 .629   F    JR
79            Johnny Mack  15.2 28 1991-92        Montana State 28 26 30.9 5.1 12.0 3.3  7.4 1.9 4.5 3.1         4.0  2.9 2.0 1.4 0.3 2.0 2.8 15.2 .430 .442  .409 .761 .548 .507   G    JR
80     Damien Baskerville  15.2 26 1997-98          Weber State 26 24 30.8 5.1 10.6 4.6  8.6 0.5 2.0 4.5         5.6  6.4 3.1 2.0 0.0 3.2 3.0 15.2 .484 .538  .250 .795 .574 .507   G    JR
81          Matt Williams  15.2 27 1998-99              Montana 27 27 31.0 5.3  9.5 5.2  9.3 0.1 0.1 4.5 7.0 3.1 4.9  7.9 0.6 0.8 0.3 2.5 2.3 15.2 .559 .560  .500 .646 .593 .563   F    JR
82            Mark Leslie  15.2 26 1994-95                Idaho 26 26 33.1 5.2 11.8 2.6  5.5 2.6 6.3 2.3         3.4  2.6 3.8 1.3 0.1 3.3 2.2 15.2 .438 .469  .411 .663 .566 .547   G    SR
83     Slobodan Ocokoljic  15.1 28 2003-04          Weber State 28 18 26.5 4.9 10.3 4.3  8.4 0.6 1.9 4.8 6.2 2.1 4.3  6.4 1.4 1.2 0.2 2.6 3.2 15.1 .474 .515  .296 .764 .569 .502   F    SR
84         Kevin Criswell  15.1 30 2002-03              Montana 30 19 29.5 4.8 12.3 2.7  6.3 2.1 6.0 3.4 4.2 1.6 2.9  4.4 1.4 1.1 0.3 1.6 2.6 15.1 .391 .436  .344 .803 .528 .476   G    FR
85           Marvin Ricks  15.0 22 1991-92                Idaho 22 20 31.3 5.4 12.2 4.0  8.2 1.4 4.0 2.9         3.7  3.5 3.0 1.5 0.2 3.1 2.9 15.0 .439 .481  .352 .780 .537 .496   G    JR
86           Marvin Ricks  15.0 32 1992-93                Idaho 32 32 34.7 5.3 12.2 3.0  7.1 2.3 5.1 2.3         2.7  2.5 3.3 0.8 0.3 2.8 2.0 15.0 .432 .420  .448 .828 .559 .526   G    SR
87           Corey Rogers  15.0 27 1990-91     Northern Arizona 27 22 29.9 4.7 11.5 3.3  6.4 1.5 5.1 4.0         5.9  4.2 2.9 1.2 0.5 3.7 2.7 15.0 .412 .509  .290 .681 .523 .476   G    FR
88               Jeb Ivey  15.0 27 2002-03       Portland State 27 27 37.6 4.9 13.8 2.3  6.8 2.6 7.0 2.6 2.8 0.5 2.7  3.1 2.7 0.7 0.0 3.7 2.7 15.0 .357 .344  .368 .908 .495 .450   G    SR
89           Andrew Mavis  15.0 28 1996-97     Northern Arizona 28 28 31.3 5.1  9.9 2.2  3.7 2.9 6.2 1.8         2.3  3.4 1.6 0.5 0.2 1.8 1.4 15.0 .516 .592  .471 .785 .680 .664   F    JR
90           Willard Dean  14.9 28 1991-92        Montana State 28 26 30.9 4.8 11.2 2.4  5.0 2.4 6.2 2.9         3.8  2.6 2.3 0.9 0.0 2.3 1.8 14.9 .430 .475  .393 .755 .574 .538   G    SR
91         Shannon Taylor  14.9 27 1997-98   Eastern Washington 27 15 26.0 5.0 11.7 2.1  4.7 2.8 6.9 2.1         3.3  3.8 2.5 1.3 0.1 2.9 2.7 14.9 .425 .453  .406 .652 .563 .546   G    JR
92            David Wolfe  14.9 16 1991-92     Northern Arizona 16      14 5.9 10.9 5.9 10.9 0.0 0.0 3.1         6.3  7.8 1.1 0.6 1.2     2.2 14.9 .540       .540 .495 .536 .540   F    SR
93        Bryan Thomasson  14.8 29 1991-92               Nevada         29 4.9 12.4 2.4  5.5 2.6 6.9 2.4         4.0  2.7 2.3 1.2         0.1 14.8 .397 .434  .368 .609 .519 .500   G    SR
94           Justin Brown  14.8 29 1999-00        Montana State 29 29 31.0 5.6 11.8 3.6  6.6 1.9 5.2 1.8 2.1 1.2 3.1  4.3 1.9 1.1 0.1 1.4 1.4 14.8 .472 .550  .373 .867 .582 .554   G    SO
95         Damond Edwards  14.8 25 1996-97     Sacramento State         25 5.2 13.7 2.9  7.2 2.2 6.5 2.2         3.2  6.3 2.2 1.6         0.2 14.8 .376 .403  .346 .691 .485 .458   G    SR
96           Tim Erickson  14.8 28 2000-01          Idaho State 28 28 34.4 4.8 10.0 1.8  3.7 2.9 6.3 2.4 2.5 0.4 2.4  2.7 2.5 0.4 0.0 1.7 1.8 14.8 .475 .495  .463 .930 .660 .621   G    SR
97          Seamus Boxley  14.8 27 2003-04       Portland State 27 27 36.6 5.3  9.6 5.2  9.2 0.1 0.4 4.0 6.6 2.9 6.6  9.4 1.9 0.7 1.2 3.3 2.7 14.8 .556 .569  .273 .607 .581 .562   F    JR
98             Alvin Snow  14.7 30 2003-04   Eastern Washington 30 28 32.2 5.7 12.7 4.4  8.4 1.4 4.3 1.9 2.4 1.3 3.8  5.1 3.0 1.6 0.1 3.2 2.3 14.7 .453 .520  .320 .792 .534 .507   G    SR
99             Nate Green  14.6 25 1995-96          Idaho State    25 30.2 5.9 12.8 5.8 12.4 0.1 0.4 2.7         5.6  7.0 1.0 1.6 1.5     3.0 14.6 .461 .469  .200 .482 .472 .464   C    JR
100          Brian Heinle  14.6 30 1999-00 Cal State Northridge 30 30 28.8 5.3 11.7 4.1  8.3 1.2 3.3 2.8 4.1 1.4 5.0  6.4 3.0 0.8 0.9 2.1 2.2 14.6 .454 .488  .370 .683 .537 .507   C    JR
101        Pablo Gonzales  14.6 27 2000-01     Sacramento State 27 26 31.3 5.0 11.2 3.4  6.0 1.7 5.1 2.9 3.8 1.4 2.8  4.1 2.8 2.0 0.1 3.0 2.3 14.6 .450 .558  .324 .765 .564 .525   G    SR
102            Ric Herrin  14.6 29 1991-92               Nevada         29 5.8 10.1 5.7 10.1 0.0 0.0 3.1         5.4  7.6 1.0 0.8         0.5 14.6 .568 .567 1.000 .571 .576 .570   C    JR
103           Rob Preston  14.6 27 1996-97          Idaho State         27 5.2 10.5 4.8  9.1 0.4 1.4 3.9         5.3  7.7 2.5 1.4         0.3 14.6 .493 .531  .256 .722 .559 .511   F    SR
104          John Burrell  14.6 32 2000-01 Cal State Northridge 32 15 24.9 4.7 10.8 3.0  6.5 1.7 4.3 3.5 4.0 1.0 1.7  2.7 1.1 0.7 0.2 1.2 1.8 14.6 .434 .457  .399 .860 .572 .513   G    SR
105           Ron Harwell  14.5 27 1996-97          Idaho State         27 4.2  7.7 3.7  6.0 0.5 1.7 5.6         8.0  3.0 2.6 2.2         0.4 14.5 .551 .623  .289 .696 .632 .582   G    SR
106        Anthony Lackey  14.5 27 2000-01       Portland State 27 25 28.5 5.0 10.9 3.1  6.2 1.9 4.7 2.6 3.4 0.9 5.0  5.9 2.0 1.1 0.4 2.0 3.3 14.5 .458 .497  .406 .758 .578 .546   F    JR
107             Ime Udoka  14.5 24 1999-00       Portland State 24 24 29.3 4.7 11.7 3.7  8.5 1.0 3.2 4.1 5.6 2.4 4.8  7.3 3.0 1.6 0.5 3.7 3.0 14.5 .399 .431  .312 .733 .503 .441   F    SR
108       Delvon Anderson  14.5 31 1991-92              Montana 31 30 30.1 5.1 11.3 3.8  8.1 1.4 3.2 2.8         4.2  7.5 1.8 1.6 0.6 1.7 2.3 14.5 .454 .466  .424 .677 .544 .514   F    SR
109            Joe Dawson  14.4 28 2003-04     Sacramento State 28  1 24.9 3.8 10.6 1.8  5.2 1.9 5.5 5.0 5.9 0.3 1.3  1.6 2.1 0.8 0.1 2.5 1.7 14.4 .352 .352  .353 .848 .537 .443   G    SR
110          Sean Houston  14.4 14 1997-98     Sacramento State    14 33.9 6.0 12.6 6.0 12.6 0.0 0.1 2.4         5.2 10.7 0.5 0.7         0.7 14.4 .475 .477  .000 .452 .475 .475   F    JR
111           Pete Conway  14.3 27 2002-03        Montana State 27 27 32.4 4.6 10.4 2.0  4.4 2.6 6.0 2.6 3.0 0.6 1.4  2.0 0.9 0.6 0.1 1.4 1.8 14.3 .441 .466  .423 .863 .605 .564   G    SR
112            Jeff Sanor  14.3 29 1990-91          Boise State 29 29 33.8 4.7 10.0 2.7  5.2 2.0 4.8 3.2         4.1  4.0 3.4 1.5 0.3 2.8 2.5 14.3 .471 .520  .417 .780 .596 .570   G    SR
113            Jason Word  14.2 23 1992-93     Northern Arizona 23 20 28.0 4.8 12.0 4.3 10.1 0.5 1.9 4.1         6.0  5.2 1.4 1.1 0.2 2.6 2.8 14.2 .399 .421  .279 .681 .477 .420   F    JR
114          John Lazosky  14.2 29 1999-00        Montana State 29 29 27.4 5.0 10.6 4.0  7.4 1.0 3.2 3.1 4.0 0.9 2.3  3.3 1.8 0.5 0.2 1.2 2.1 14.2 .474 .537  .326 .791 .570 .523   F    JR
115           Scott Henry  14.1 31 2003-04          Idaho State 31 31 33.8 6.1 10.8 6.1 10.7 0.0 0.1 1.9 3.0 2.4 4.9  7.3 2.2 0.9 1.2 2.6 2.9 14.1 .564 .568  .000 .652 .578 .564   F    SR
116             Ryan Cuff  14.1 28 1996-97          Weber State 28 28 31.9 4.2 10.9 2.1  5.1 2.0 5.8 3.7         4.5  4.8 5.4 1.4 0.1 3.6 1.8 14.1 .382 .417  .352 .819 .539 .475   F    SR
117           Brad Snyder  14.1 22 1994-95     Northern Arizona         22 5.0 13.1 3.3  7.2 1.7 5.9 2.4         2.7  4.0 2.2 0.7         0.4 14.1 .382 .453  .295 .881 .490 .448   F    JR
118          Kamarr Davis  14.1 28 2003-04              Montana 28 26 29.6 4.5  8.1 4.3  7.3 0.3 0.9 4.7 6.0 2.1 4.1  6.3 1.1 0.7 0.5 2.4 3.4 14.1 .557 .583  .333 .790 .641 .575   F    JR
119           Kelly Golob  14.1 28 2002-03     Northern Arizona 28 25 32.8 4.8 10.4 2.0  3.9 2.8 6.5 1.6 1.9 1.8 4.0  5.7 2.3 0.7 0.3 2.3 2.4 14.1 .466 .528  .429 .885 .626 .600   G    FR
120            Joe Dawson  14.0 26 2001-02     Sacramento State 26 17 27.5 3.8  9.5 1.3  3.2 2.5 6.3 3.8 5.2 0.3 1.7  2.0 3.4 1.0 0.2 3.0 2.3 14.0 .403 .422  .394 .735 .584 .534   G    JR
121           Eric Talley  14.0 27 1993-94        Montana State    27 25.7 5.0 12.9 3.0  7.2 2.0 5.7 1.9         3.1  3.7 2.6 1.3         0.1 14.0 .390 .415  .357 .619 .487 .468   G    JR
122         Matt Kempfert  14.0 29 1994-95              Montana         29 5.0  8.5 4.9  8.4 0.0 0.1 4.1         5.9  7.4 0.8 0.9         1.2 14.0 .585 .588  .333 .686 .621 .587   C    SR
123          Chris Hester  14.0 31 2002-03   Eastern Washington 31 28 29.3 5.3  9.3 5.3  9.3 0.0 0.0 3.5 4.7 1.5 3.4  4.9 1.8 0.9 0.4 2.9 2.4 14.0 .564       .564 .752 .608 .564   F    SR
124          Andrew Mavis  14.0 29 1997-98     Northern Arizona         29 5.0 10.1 2.5  4.8 2.5 5.3 1.6         2.0  4.2 1.0 0.6         0.2 14.0 .493 .518  .471 .807 .636 .616   F    SR
125            Eddie Gill  14.0 33 1998-99          Weber State 33 33 34.7 4.3 10.0 1.8  3.9 2.5 6.2 2.9         3.4  3.9 4.5 2.7 0.3     3.0 14.0 .426 .453  .409 .874 .602 .551   G    JR
126           Jeff Parris  14.0 31 2000-01 Cal State Northridge 31 22 22.2 4.8  7.8 4.7  7.2 0.1 0.5 4.2 6.5 1.9 2.7  4.6 1.4 1.0 0.3 2.4 4.1 14.0 .622 .656  .176 .645 .643 .629   F    SR
127           Brad Sebree  14.0 26 1992-93   Eastern Washington 26 21 29.2 4.3 10.3 2.5  5.8 1.8 4.5 3.6         5.3  2.7 3.7 1.3     0.0 1.8 14.0 .414 .424  .402 .681 .544 .502   G    JR
128           Damon Ollie  13.9 30 1997-98        Montana State         30 5.6 11.1 5.1  9.8 0.5 1.3 2.2         3.2  8.9 1.8 1.7         1.0 13.9 .505 .520  .385 .705 .553 .527   F    SR
129       Derrick Higgins  13.9 29 1998-99 Cal State Northridge    29 28.2 5.3  9.3 5.2  8.7 0.1 0.6 3.2 4.4 2.7 1.8  4.5 2.6 2.4 0.6 2.1 2.7 13.9 .570 .593  .235 .713 .610 .578   G    SR
130       Johnny Mitchell  13.9 26 1997-98          Idaho State         26 5.3 10.4 5.3 10.3 0.0 0.1 3.2         5.2  6.3 1.0 1.2         0.8 13.9 .513 .513  .500 .619 .541 .515   F    JR
131           Reggie Rose  13.9 26 1995-96                Idaho 26 23 32.0 4.6 11.6 3.2  6.8 1.4 4.8 3.3         4.5  3.2 3.0 1.7 0.0 3.7 2.5 13.9 .397 .466  .298 .733 .507 .459   G    JR
132          Ricardo Boyd  13.9 31 1989-90                Idaho         31 5.3 11.4 4.1  7.8 1.2 3.5 2.1         3.1  4.7 1.6 0.9         0.5 13.9 .465 .523  .336 .688 .541 .517   F    JR
133          Mike Warhank  13.9 28 1999-00              Montana 28 28 35.3 4.3 10.5 1.8  4.3 2.5 6.2 2.8 3.3 0.9 2.5  3.4 2.2 1.4 0.1 2.1 2.5 13.9 .413 .429  .402 .837 .578 .532   G    SR
134        Sedessa Fisher  13.9 25 1997-98     Sacramento State    25 21.9 4.9 12.4 4.1  9.3 0.8 3.1 3.2         4.4  1.9 0.8 0.7         0.0 13.9 .395 .438  .269 .727 .478 .429   G    JR
135         Derek Nesland  13.8 29 1999-00       Portland State 29 29 31.5 4.3 10.4 2.3  4.8 2.0 5.6 3.2 4.4 0.8 2.3  3.1 3.2 0.9 0.3 2.0 2.7 13.8 .415 .489  .352 .734 .554 .510   G    SR
136       Alonzo Stephens  13.8 27 1989-90        Montana State         27 4.1 10.7 1.6  4.0 2.4 6.7 3.2         4.0  2.7 3.0 1.0         0.0 13.8 .382 .411  .365 .798 .549 .497   G    SR
137           Aaron Olson  13.8 20 2000-01   Eastern Washington 20 19 30.9 4.1  8.6 1.9  3.8 2.2 4.8 3.5 4.0 0.7 2.2  2.9 2.1 0.7 0.0 2.2 2.4 13.8 .474 .493  .458 .863 .658 .602   G    SR
138            David Bell  13.7 31 2001-02              Montana 31 20 27.6 4.4 11.2 1.3  3.2 3.2 8.1 1.7 2.2 0.3 2.4  2.7 1.3 0.9 0.1 1.6 2.4 13.7 .394 .398  .392 .779 .559 .534   G    JR
139        Charles Thomas  13.7 17 1996-97     Northern Arizona 17 17 30.7 4.4  9.3 3.8  7.4 0.6 1.9 4.3         6.1  3.2 5.5 2.8 0.0 4.1 2.5 13.7 .475 .516  .313 .709 .563 .506   G    SR
140        Danny Sprinkle  13.7 25 1996-97        Montana State    25 28.4 5.0 10.0 2.5  5.0 2.4 5.0 1.3         1.8  2.1 2.2 0.8         0.2 13.7 .496 .504  .488 .750 .631 .618   G    SO
141         Nico Harrison  13.7 30 1995-96        Montana State 30 30 31.7 4.8  8.3 4.4  7.1 0.4 1.2 3.7         5.1  4.2 3.1 1.2 0.6 2.4 2.5 13.7 .577 .615  .343 .732 .639 .601   F    SR
142             Ross Land  13.7 29 1998-99     Northern Arizona         29 4.1  8.3 1.2  2.7 2.9 5.6 2.6         3.1  3.6 2.2 0.5         0.1 13.7 .494 .462  .509 .843 .699 .666   F    JR
143        Johnny Perkins  13.6 28 1991-92        Montana State 28 28 34.8 4.1 10.1 2.4  5.4 1.7 4.7 3.6         4.8  3.4 5.7 1.9 0.0 3.8 2.5 13.6 .411 .450  .366 .759 .552 .496   G    SR
144             Ryan Cuff  13.6 25 1995-96          Weber State 25 25 29.9 4.7 10.0 2.3  4.6 2.4 5.4 1.9         2.4  3.9 5.2 1.9 0.0 3.6 2.1 13.6 .468 .500  .440 .783 .610 .586   F    JR
145          Tanoka Beard  13.6 25 1989-90          Boise State 25 22 28.4 4.6  7.9 4.6  7.9 0.0 0.0 4.4         7.5  4.6 0.2 0.9 1.2 1.4 2.8 13.6 .581 .584  .000 .585 .592 .581   C    FR
146           Steve Brown  13.6 27 1999-00          Idaho State 27 27 34.1 4.6 10.7 2.2  5.8 2.4 4.9 1.9 3.0 0.6 1.7  2.3 4.2 1.4 0.1 3.4 2.5 13.6 .431 .382  .489 .650 .559 .543   G    SR
147           Brian Towne  13.6 28 1998-99       Portland State    28 31.3 4.4 10.8 1.8  4.4 2.6 6.3 2.2 2.8 0.3 2.4  2.7 2.1 0.8 0.1 1.9 2.2 13.6 .409 .411  .407 .785 .561 .528   G    SR
148          John Rondeno  13.5 26 1994-95     Northern Arizona         26 4.8 11.7 3.1  6.9 1.7 4.8 2.2         3.6  4.8 2.9 1.0         0.1 13.5 .410 .453  .349 .617 .503 .482   G    SR
149            Alvin Snow  13.5 31 2002-03   Eastern Washington 31 27 31.2 5.2 10.6 4.5  8.4 0.7 2.2 2.4 3.0 0.5 3.0  3.5 3.8 2.2 0.5 3.2 2.8 13.5 .491 .531  .338 .804 .564 .526   G    JR
150       Daren Engellant  13.5 31 1991-92              Montana 31 31 27.2 5.1  9.5 4.8  8.6 0.3 0.9 3.0         5.1  8.8 1.0 1.3 2.1 1.8 2.7 13.5 .536 .554  .357 .585 .565 .553   C    SR
151         Carren Wilson  13.5 10 1991-92   Eastern Washington 10  6 26.9 5.2 11.1 2.4  5.0 2.8 6.1 0.3         1.0  1.8 1.2 0.8 0.1 2.9 1.3 13.5 .468 .480  .459 .300 .583 .595   G    SO
152     Keith Billingslea  13.5 12 1989-90     Northern Arizona 12 11 26.3 4.8 12.0 2.2  5.6 2.7 6.4 1.2         2.1  2.3 1.7 0.8 0.1 2.5 2.8 13.5 .403 .388  .416 .560 .520 .514   G    JR
153        Danny Sprinkle  13.5 29 1997-98        Montana State    29 29.4 4.4 10.2 2.3  4.1 2.1 6.1 2.5         2.8  2.0 2.4 0.5         0.0 13.5 .434 .559  .350 .890 .585 .539   G    JR
154          John Lazosky  13.5 29 2000-01        Montana State 29 29 24.5 4.6  9.1 2.9  5.2 1.7 3.9 2.6 3.2 1.0 2.3  3.3 1.2 0.4 1.3 1.3 2.0 13.5 .506 .563  .430 .804 .633 .598   F    SR
155       Shawn Samuelson  13.5 29 1994-95              Montana         29 4.6  8.6 4.1  7.3 0.5 1.3 3.9         5.2  8.2 1.0 0.9         0.9 13.5 .530 .559  .368 .753 .610 .558   F    JR
156          Chris Hester  13.5 30 2001-02   Eastern Washington 30 26 26.7 5.4  9.4 5.4  9.4 0.0 0.0 2.6 3.7 1.4 3.2  4.6 1.6 1.0 0.3 2.3 2.3 13.5 .576 .578  .000 .703 .602 .576   F    JR
157           Kelly Golob  13.4 29 2003-04     Northern Arizona 29 29 31.1 4.4 10.5 1.7  4.1 2.7 6.4 1.9 2.2 0.6 3.3  3.9 2.2 0.8 0.1 2.1 2.2 13.4 .420 .412  .425 .859 .581 .549   G    SO
158         Kwesi Coleman  13.4 29 1994-95        Montana State 29  0 21.3 4.7 10.1 2.5  4.8 2.2 5.3 1.9         2.6  2.9 0.9 1.5 0.2 1.2 1.3 13.4 .466 .522  .416 .711 .594 .575   G    SR
159         Anthony Flood  13.4 27 1999-00     Sacramento State 27 27 28.4 4.9 10.9 3.6  7.7 1.3 3.3 2.3 3.3 2.3 4.9  7.1 0.9 0.7 1.4 2.3 3.9 13.4 .451 .469  .409 .685 .538 .512   F    SR
160          Kevin Soares  13.4 29 1991-92               Nevada         29 3.8 10.4 2.0  4.8 1.8 5.6 4.1         5.5  5.6 7.8 3.1         0.2 13.4 .362 .414  .317 .755 .517 .447   G    SR
161         Matt Kempfert  13.4 27 1993-94              Montana 27 26 29.4 5.0  8.7 5.0  8.7 0.0 0.0 3.4         5.8  7.4 0.7 0.6 1.1 1.4 2.2 13.4 .573       .573 .592 .585 .573   C    JR
162         Carren Wilson  13.4 20 1992-93   Eastern Washington 20 15 28.9 4.6 11.2 2.1  4.3 2.5 6.9 1.7         2.1  1.8 1.8 0.5 0.1 1.5 1.7 13.4 .413 .494  .362 .805 .551 .525   G    JR
163       Delvon Anderson  13.3 31 1990-91              Montana 31 31 30.5 4.9 10.9 4.2  9.0 0.7 1.9 2.9 4.3 2.6 4.6  7.3 1.8 2.3         0.7 13.3 .447 .466  .356 .672 .514 .478   F    JR
164        Ruben Nembhard  13.2 30 1993-94          Weber State 30 28 29.9 4.8 11.5 4.1  9.1 0.6 2.5 3.0         5.1  4.5 3.9 1.7 0.1 3.4 2.3 13.2 .413 .456  .257 .591 .472 .441   G    JR
165            Brian Elve  13.2 29 1989-90        Montana State         29 4.8 10.0 3.5  6.8 1.3 3.2 2.4         3.3  5.2 2.6 1.0         0.0 13.2 .474 .510  .398 .719 .567 .538   F    SR
166           Art Menefee  13.1 27 1991-92        Montana State 27 26 32.4 4.7  9.0 4.7  8.9 0.1 0.2 3.6         6.2  9.2 1.4 0.8 1.5 2.1 3.5 13.1 .525 .527  .400 .577 .548 .529   F    JR
167        Steve Williams  13.1 27 1990-91     Northern Arizona 27 26 31.1 5.2 11.7 3.9  7.9 1.3 3.7 1.4         2.1  2.6 3.5 0.6 0.1 3.0 2.0 13.1 .448 .491  .356 .638 .518 .505   G    JR
168          John Rondeno  13.1 26 1993-94     Northern Arizona 26 25 33.4 4.4 10.0 2.4  4.9 2.0 5.1 2.3         4.0  4.5 3.5 2.0 0.3 3.0 2.2 13.1 .437 .484  .391 .587 .549 .536   G    JR
169        Hasan Artharee  13.1 29 1999-00       Portland State 29 29 24.4 4.8  8.6 4.8  8.6 0.0 0.0 3.5 5.6 1.8 2.3  4.1 0.6 0.9 0.1 1.8 2.9 13.1 .558       .558 .630 .583 .558   F    SR
170     Demetreus Robbins  13.0 26 1992-93     Northern Arizona 26 23 29.7 4.1 11.3 3.0  7.7 1.2 3.7 3.8         6.6  5.8 1.5 1.2 1.1 2.8 3.1 13.0 .364 .387  .316 .573 .452 .415   F    SR
171       Allen Lightfoot  13.0 25 1990-91        Montana State 25 18 22.4 5.2  7.8 5.2  7.8 0.0 0.0 2.6         5.6  6.4 1.0 0.9 0.5 1.6 3.7 13.0 .663       .663 .464 .619 .663   C    SR
172           Chris White  13.0 28 2000-01   Eastern Washington 28 27 28.8 4.6  7.8 4.6  7.8 0.0 0.0 3.7 5.0 2.5 4.7  7.2 1.4 0.8 0.5 2.5 3.0 13.0 .596       .596 .738 .639 .596   F    SR
173        Steve Williams  13.0 28 1989-90     Northern Arizona 28 26 32.2 5.2 11.8 4.0  8.5 1.1 3.3 1.5         2.5  2.3 2.8 0.6 0.2 1.8 1.9 13.0 .438 .475  .344 .609 .500 .486   G    SO
174         Derek Lambeth  13.0 29 2002-03     Sacramento State 29 29 29.1 3.9  9.2 2.9  6.6 0.9 2.7 4.3 6.1 1.2 2.8  4.0 1.8 1.0 0.2 2.6 2.9 13.0 .419 .447  .351 .706 .535 .470   F    SR
175       Anthony Steward  13.0 28 1991-92          Weber State 28 24 25.8 5.0 12.0 2.9  6.1 2.1 5.9 1.0         1.2  2.3 3.0 1.2 0.0 1.8 2.7 13.0 .412 .474  .349 .818 .515 .499   G    SR
176           David Wolfe  12.9 26 1990-91     Northern Arizona 26 17 27.2 5.4  9.9 5.4  9.7 0.0 0.2 2.0         3.8  6.7 1.0 0.4 0.7 2.6 2.9 12.9 .549 .556  .200 .541 .553 .551   F    JR
177            Aaron Bell  12.9 28 1990-91          Weber State 28 28 27.4 5.1 10.3 5.0 10.0 0.1 0.3 2.7         3.8  5.8 2.8 0.8 0.2 2.8 3.0 12.9 .495 .502  .250 .708 .535 .498   F    SR
178            Marc Axton  12.9 30 2003-04   Eastern Washington 30 30 32.4 4.6  9.4 3.2  5.9 1.4 3.5 2.4 3.2 1.1 3.5  4.6 2.6 0.7 0.3 1.4 2.3 12.9 .484 .542  .387 .740 .587 .557   F    JR
179          Kevin Briggs  12.9 27 2002-03       Portland State 27 27 36.1 4.4 10.5 3.6  8.0 0.9 2.5 3.1 4.0 0.8 2.4  3.3 3.1 1.3 0.4 3.0 2.3 12.9 .424 .449  .343 .778 .519 .465   G    SR
180           Andre Larry  12.8 25 1999-00 Cal State Northridge 25 25 24.3 4.9  9.6 3.9  6.6 1.0 2.9 2.1 3.4 1.7 3.0  4.8 1.8 1.2 0.9 2.6 3.0 12.8 .510 .584  .342 .605 .574 .563   F    SR
181           Jeremy Lake  12.8 30 1994-95              Montana         30 3.8  8.0 1.2  2.7 2.5 5.2 2.7         3.2  2.5 2.8 1.0         0.0 12.8 .473 .451  .484 .835 .672 .632   G    SR
182           Brent Smith  12.8 12 1996-97              Montana 12 11 25.6 5.5  8.9 5.5  8.9 0.0 0.0 1.8         4.3  6.2 0.3 0.8     0.8 2.2 12.8 .617       .617 .412 .583 .617   C    SR
183        Miguel Johnson  12.7 27 1991-92   Eastern Washington 27 20 27.4 5.0 12.4 4.2 10.2 0.8 2.2 1.9         3.0  4.6 1.7 1.1 0.3 2.6 3.7 12.7 .403 .409  .373 .650 .461 .436   G    SR
184      Kareem Carpenter  12.7 27 1990-91          Idaho State    27 22.6 4.7 10.0 4.7 10.0 0.0 0.0 3.4         6.0  5.9 0.8 0.8 0.5     2.5 12.7 .468       .468 .558 .495 .468   F    FR
185         John Hamilton  12.7 29 2003-04          Weber State 29 29 32.5 4.3  9.2 2.0  3.9 2.4 5.4 1.6 2.6 0.2 2.6  2.8 2.0 0.3 0.0 1.3 1.0 12.7 .470 .509  .442 .635 .607 .599   G    SR
186          John Reckard  12.7 29 1989-90              Montana    29 28.9 3.9  9.7 2.0  4.6 1.9 5.1 2.9         3.6  4.9 1.7 1.5         0.2 12.7 .406 .447  .369 .810 .555 .504   F    SR
187          Kemo Patrick  12.6 25 1990-91   Eastern Washington 25 22 25.5 5.1 10.3 4.6  8.8 0.5 1.4 1.9 3.6 2.0 5.4  7.5 1.6 2.0 0.7 1.9 3.9 12.6 .494 .516  .361 .522 .524 .519   F    JR
188          Brian Heinle  12.6 29 1998-99 Cal State Northridge    29 24.7 4.6 10.6 3.3  6.9 1.3 3.7 2.1 3.2 2.0 3.7  5.7 1.9 1.2 0.6 2.0 1.9 12.6 .435 .482  .346 .656 .520 .495   C    SO
189         John Hamilton  12.6 29 2001-02          Weber State 29 27 26.3 4.1  9.3 1.5  3.6 2.6 5.7 1.7 2.0 0.2 2.2  2.4 1.3 0.7 0.0 1.4 1.5 12.6 .446 .423  .461 .814 .613 .587   G    SO
190            Erin Cowan  12.5 29 1991-92          Idaho State 29 25 29.9 3.8  9.5 1.4  3.8 2.3 5.7 2.6         3.3  3.3 3.2 1.1 0.0 2.3 2.7 12.5 .399 .378  .412 .781 .564 .522   G    JR
191              Jeb Ivey  12.5 28 2001-02       Portland State 28 28 35.8 4.2  9.1 1.8  3.5 2.4 5.7 1.8 1.8 0.3 2.7  3.0 3.2 1.1 0.0 2.3 2.2 12.5 .457 .526  .415 .980 .624 .586   G    JR
192           Deon Watson  12.5 28 1993-94                Idaho 28 28 29.6 4.9  8.7 4.9  8.7 0.0 0.0 2.8         5.0 10.1 1.6 1.0 1.2 3.7 3.0 12.5 .560       .560 .550 .564 .560   F    SR
193           Nic Sparrow  12.4 29 2003-04          Weber State 29 29 29.1 4.2  8.0 2.4  3.9 1.7 4.2 2.4 3.4 1.5 2.9  4.4 1.7 0.9 0.3 1.9 2.4 12.4 .519 .634  .413 .690 .643 .627   F    SR
194           Dan Trammel  12.4 27 2000-01              Montana 27 27 27.1 4.7  8.4 4.7  8.3 0.0 0.1 2.9 4.3 2.6 5.2  7.8 0.4 1.9 1.1 1.9 2.9 12.4 .566 .570  .333 .681 .598 .569   F    JR
195           Rob Preston  12.4 25 1995-96          Idaho State    25 31.4 4.7  8.8 4.2  7.5 0.6 1.3 2.4         3.8  6.2 2.0 0.8         0.3 12.4 .536 .553  .438 .635 .585 .568   F    JR
196            Seth Scott  12.4 26 2002-03       Portland State 26 22 29.4 4.7 10.0 4.1  8.2 0.7 1.8 2.3 3.9 2.0 4.0  6.0 1.3 0.8 1.2 3.8 3.8 12.4 .475 .500  .362 .594 .526 .508   F    JR
197           Travis King  12.4 26 1996-97   Eastern Washington         26 3.8  9.3 1.7  3.4 2.2 5.8 2.5         3.4  3.3 3.7 1.6         0.2 12.4 .415 .483  .375 .739 .569 .533   G    SR
198           Ryan Hansen  12.4 27 1999-00   Eastern Washington 27 22 30.7 3.9  9.3 1.8  3.9 2.1 5.5 2.6 3.3 0.6 1.8  2.4 2.6 1.1 0.0 1.3 1.6 12.4 .413 .462  .378 .778 .567 .524   G    SR
199        Jabari Simmons  12.3 23 1997-98 Cal State Northridge         23 4.6  9.5 4.3  8.7 0.3 0.7 2.9         4.3  6.3 1.1 1.3         0.8 12.3 .486 .498  .353 .667 .536 .500   C    JR
200         Deon Williams  12.3 27 1997-98   Eastern Washington 27 26 32.8 4.3 10.7 3.0  7.4 1.2 3.3 2.6         4.1  2.9 6.1 1.3 0.3 3.6 2.0 12.3 .399 .410  .375 .631 .489 .457   G    SO
[/code]

Provided by [url=https://www.sports-reference.com/sharing.html?utm_source=direct&utm_medium=Share&utm_campaign=ShareTool]Stathead[/url]: [url=https://www.sports-reference.com/stathead/basketball/cbb/player-season-finder.cgi?utm_source=direct&utm_medium=Share&utm_campaign=ShareTool]Found with Stathead. See Full Results.[/url]
Generated 6/11/2026.