[code]                                                                                                                                                                                             
                                                                                                                                                                                         Per 
Rk                 Player PTS/G  G  Season                 Team  G GS   MP   FG  FGA  2P  2PA  3P  3PA  FT FTA ORB DRB  TRB AST STL BLK TOV  PF  PTS  FG%  2P%   3P%  FT%  TS% eFG% Pos Class
1         Isaiah Rider Jr  29.1 28 1992-93                 UNLV 28 26 35.4 10.1 19.6 8.1 14.7 2.0  4.9 7.0         8.4  8.9 2.5 1.5 0.6 3.8 3.0 29.1 .515 .552  .401 .826 .617 .565   G    SR
2            Raymond Tutt  24.0 27 1996-97     UC Santa Barbara    27 35.0  8.2 15.9 6.1 11.5 2.0  4.4 5.6         7.0  7.0 1.6 1.6 0.3     2.8 24.0 .515 .534  .466 .800 .625 .579   G    JR
3            James Cotton  23.5 27 1996-97     Long Beach State 27 27 35.9  7.3 16.5 4.9 10.2 2.3  6.3 6.6         8.0  5.0 2.6 1.3 0.3 2.2 2.6 23.5 .439 .484  .368 .833 .578 .510   G    JR
4       Lucious Harris Jr  23.1 32 1992-93     Long Beach State 32 31 36.4  7.8 14.9 5.6  9.4 2.3  5.5 5.1         6.6  5.3 2.5 1.8 0.2 2.1 1.5 23.1 .525 .591  .412 .774 .639 .601   G    SR
5         Cedric Ceballos  23.1 29 1989-90  Cal State Fullerton 29 28 36.9  8.5 17.6 7.4 14.2 1.1  3.3 5.0         7.4 12.5 1.7 1.6 0.5 3.2 2.4 23.1 .485 .523  .323 .670 .547 .516   F    SR
6           Larry Johnson  22.7 35 1990-91                 UNLV    35 31.8  8.8 13.3 8.3 11.9 0.5  1.4 4.6         5.7 10.9 3.0 2.1 1.0 2.2 2.3 22.7 .662 .698  .354 .818 .711 .681   F    SR
7      Michael Olowokandi  22.2 33 1997-98              Pacific    33 31.7  9.4 15.4 9.4 15.4 0.0  0.0 3.5         7.1 11.2 0.8 0.3 2.9 2.8 2.5 22.2 .609       .609 .485 .591 .609   C    SR
8            Lucius Davis  22.2 29 1991-92     UC Santa Barbara    29 32.3  7.8 13.8 7.8 13.6 0.0  0.2 6.7         8.9  6.1 0.8 0.7         0.7 22.2 .564 .571  .000 .752 .617 .564   F    SR
9       Roberto Bergersen  22.2 29 1998-99          Boise State    29 35.0  7.7 16.1 5.3  9.9 2.4  6.2 4.3         5.0  4.0 2.3 1.9 0.4 2.7 3.0 22.2 .480 .531  .397 .856 .600 .556   F    SR
10              Joe Small  21.8 28 1990-91  Cal State Fullerton 28 28 37.7  7.2 16.4 4.5  9.5 2.7  6.9 4.7         5.6  3.9 3.5 1.3 0.0 2.6 2.4 21.8 .440 .477  .389 .829 .571 .522   G    JR
11            Chris Davis  21.7 27 1999-00          North Texas 27 27 36.5  7.5 19.9 4.7 11.4 2.9  8.5 3.9 5.6 2.5 2.6  5.1 3.0 0.4 0.1 3.3 1.5 21.7 .379 .410  .336 .693 .483 .451   G    FR
12        Isaiah Rider Jr  20.7 27 1991-92                 UNLV 27 27 34.1  7.6 15.6 4.6  8.1 3.0  7.5 2.4         3.2  5.2 3.2 0.7 0.4 3.0 1.9 20.7 .490 .573  .401 .747 .605 .587   G    JR
13          Larry Johnson  20.6 40 1989-90                 UNLV 40 40 31.5  7.6 12.2 7.3 11.2 0.3  1.0 5.0 6.6 3.8 7.7 11.4 2.1 1.6 1.4 2.8 3.2 20.6 .624 .648  .342 .767 .672 .638   F    JR
14            Jerry Green  20.3 32 2001-02            UC Irvine 32 32 36.3  6.6 13.8 5.2  9.8 1.5  4.0 5.6 6.8 0.7 3.2  3.9 4.0 1.5 0.0 3.8 1.6 20.3 .482 .529  .367 .822 .598 .535   G    SR
15           Mike Wozniak  20.3 27 1997-98             Cal Poly    27 32.9  6.2 14.7 3.1  7.4 3.1  7.4 4.8         5.4  2.6 2.3 1.0         0.0 20.3 .422 .427  .417 .890 .587 .526   G    SO
16            Avery Curry  19.7 27 1997-98                Idaho    27 34.2  6.7 15.3 5.0 10.8 1.8  4.4 4.5         6.3  3.9 2.8 1.6         0.1 19.7 .442 .459  .400 .716 .541 .500   G    JR
17      Lucious Harris Jr  19.7 28 1990-91     Long Beach State    28 33.6  6.5 16.3 4.7 10.9 1.8  5.5 5.0         7.1  4.7 2.5 1.7 0.1 2.8 2.3 19.7 .396 .431  .327 .700 .500 .451   G    SO
18           James Cotton  19.5 26 1995-96     Long Beach State 26 25 36.6  5.9 13.6 3.3  7.2 2.5  6.4 5.2         6.7  4.1 1.7 1.3 0.2 2.3 2.6 19.5 .433 .465  .398 .782 .583 .527   G    SO
19        Chris Bjorklund  19.4 27 1999-00             Cal Poly 27 27 35.0  6.9 14.8 5.9 11.6 1.0  3.2 4.6 6.7 2.2 4.8  7.0 2.7 0.5 0.9 2.3 3.0 19.4 .469 .510  .322 .683 .542 .504   C    JR
20             Faron Hand  19.4 30 1996-97               Nevada 30 30 34.4  7.8 13.6 7.8 13.3 0.0  0.2 3.7         4.9  8.1 1.9 1.0 0.4 2.5 2.9 19.4 .577 .585  .143 .755 .610 .579   C    SR
21      Roberto Bergersen  19.4 30 1997-98          Boise State 30 28 31.7  7.2 14.1 5.2  9.3 2.0  4.8 2.9         3.8  3.1 2.4 1.5 0.4 2.7 3.0 19.4 .514 .565  .417 .779 .612 .585   F    JR
22            Ramel Lloyd  19.4 31 2000-01     Long Beach State 31 30 33.5  6.9 15.5 5.4 10.7 1.5  4.8 4.0 6.2 1.8 2.0  3.8 2.0 1.0 0.1 3.0 2.8 19.4 .446 .506  .313 .641 .523 .495   G    SR
23            Jimmy Moore  19.2 28 1993-94               Nevada 28 27 37.0  7.5 16.9 7.3 15.8 0.3  1.1 4.0         5.3  8.2 2.5 1.7 1.0 3.7 2.6 19.2 .444 .460  .219 .745 .495 .451   F    JR
24            Tod Bernard  19.2 29 1990-91         Fresno State 29 23 33.2  7.7 15.6 6.8 13.5 0.9  2.1 2.9         4.2  7.5 1.9 1.0 1.3 2.4 3.6 19.2 .493 .506  .410 .697 .545 .521   F    JR
25            Jerry Green  19.0 30 2000-01            UC Irvine 30 30 32.1  5.8 12.7 4.8 10.5 1.0  2.3 6.5 7.8 0.9 3.9  4.8 3.0 1.4 0.3 3.0 2.0 19.0 .453 .459  .426 .834 .578 .491   G    JR
26             Dell Demps  19.0 30 1991-92              Pacific 30 29 34.8  6.2 13.4 3.5  6.4 2.7  7.0 3.8         5.4  5.8 3.1 0.7 0.3 2.6 2.2 19.0 .465 .544  .392 .693 .593 .567   G    SR
27           Raymond Tutt  18.9 26 1997-98     UC Santa Barbara    26 35.1  6.8 13.5 5.5  9.6 1.3  3.9 3.9         5.1  5.7 2.1 1.6 0.2     2.4 18.9 .506 .576  .333 .767 .593 .554   G    SR
28        Deginald Erskin  18.9 26 1999-00          North Texas 26 26 31.8  7.0 14.8 6.5 13.0 0.5  1.8 4.5 7.0 2.0 3.2  5.2 0.5 1.2 0.7 2.6 2.5 18.9 .470 .500  .255 .639 .520 .486   F    SO
29           Kebu Stewart  18.9 22 1993-94                 UNLV 22 20 33.5  6.4 12.9 6.4 12.9 0.0  0.0 6.1        10.0 11.6 0.5 1.2 1.2 2.8 3.3 18.9 .493 .495  .000 .614 .534 .493   C    SO
30      Lucious Harris Jr  18.8 30 1991-92     Long Beach State    30 37.7  6.6 13.9 5.1 10.0 1.4  3.9 4.2         5.8  4.3 3.2 1.5 0.3 2.0 2.3 18.8 .471 .512  .368 .734 .564 .523   G    JR
31             Dell Demps  18.8 28 1990-91              Pacific    28 34.9  6.6 14.5 4.0  8.3 2.6  6.3 3.0         4.4  5.5 3.3 0.7 0.0 2.9 1.9 18.8 .455 .483  .417 .669 .564 .544   G    JR
32     Kendall Youngblood  18.8 28 1990-91           Utah State 28 28 34.2  6.4 14.1 5.5 12.5 0.9  1.7 5.0         6.5  6.5 3.8 1.6 0.6 3.0 3.4 18.8 .455 .441  .553 .765 .545 .487   G    JR
33           Andrew Betts  18.7 21 1997-98     Long Beach State    21 34.8  6.7 12.4 6.7 12.4 0.0  0.0 5.3         7.7 10.1 1.8 0.6 1.7 3.1 3.8 18.7 .540       .540 .689 .582 .540   C    SR
34             Ike Harmon  18.7 27 1999-00  Cal State Fullerton 27 26 29.5  6.8 14.9 6.0 12.1 0.8  2.8 4.4 6.0 2.1 5.4  7.5 1.6 0.7 1.1 2.7 3.1 18.7 .454 .494  .280 .733 .527 .480   F    JR
35         Lelan McDougal  18.7 23 1995-96     UC Santa Barbara 23 23 32.0  6.8 14.9 4.7 10.1 2.1  4.8 3.0         3.9  4.3 1.8 1.3 0.2 2.5 1.8 18.7 .455 .461  .441 .775 .558 .526   G    SR
36            Mate Milisa  18.5 30 1999-00     Long Beach State 30 30 31.8  6.6 11.1 5.5  8.6 1.1  2.5 4.2 5.1 2.5 4.6  7.1 2.3 1.2 0.9 2.1 2.4 18.5 .593 .636  .447 .829 .684 .644   C    SR
37           Eric Franson  18.4 29 1994-95           Utah State 29 29 33.6  7.0 12.2 7.0 12.2 0.0  0.0 4.5         6.8  9.8 1.0 0.5 0.8 2.2 2.9 18.4 .569       .569 .660 .595 .569   C    JR
38          Varnie Dennis  18.3 26 2003-04             Cal Poly 26 24 33.1  7.0 14.3 6.7 12.7 0.3  1.5 3.9 5.3 2.7 5.2  7.9 1.7 0.5 0.9 2.5 3.3 18.3 .493 .529  .200 .732 .544 .504   F    SR
39              Mark Hill  18.2 29 1989-90  Cal State Fullerton 29 29 33.1  6.0 14.9 3.6  8.5 2.4  6.4 3.9         5.3  1.7 2.4 1.0 0.1 2.6 2.5 18.2 .400 .419  .376 .739 .524 .481   G    SR
40            Jay Goodman  18.1 27 1992-93           Utah State 27 27 36.3  5.3 13.1 2.1  4.9 3.2  8.3 4.3         5.1  3.4 6.9 3.8 0.1 4.8 3.1 18.1 .403 .424  .390 .854 .583 .525   G    SR
41           Jeff Herdman  18.1 30 1990-91            UC Irvine 30 30 32.7  6.0 13.9 2.3  5.1 3.7  8.7 2.4         2.9  7.5 2.0 1.3 0.7 3.0 3.1 18.1 .433 .442  .427 .818 .594 .567   F    SR
42        Chris Bjorklund  18.1 27 1998-99             Cal Poly    27 29.3  6.1 11.7 5.1  9.3 1.0  2.4 4.8 6.9 1.9 3.1  5.0 1.2 0.5 0.6 0.3 2.2 18.1 .524 .550  .424 .697 .604 .568   C    SO
43        Chris Bjorklund  18.1 28 2000-01             Cal Poly 28      28  6.2 12.9 5.0  9.7 1.1  3.2 4.6 6.9 1.8 3.0  4.9 1.3 0.6 0.6 2.1 2.4 18.1 .478 .518  .356 .665 .558 .522   C    SR
44       Louis Richardson  18.1 28 1996-97     New Mexico State 28 27 27.3  6.1 11.4 4.9  8.4 1.3  3.1 4.6         6.1  6.4 1.3 1.2 0.8 3.0 3.3 18.1 .538 .585  .407 .744 .631 .592   F    JR
45        Paul Culbertson  18.1 27 1997-98               Nevada    27 30.7  6.4 13.7 5.0  9.3 1.4  4.4 3.8         5.2  4.4 1.8 2.5 0.1     2.9 18.1 .470 .544  .317 .723 .558 .522   F    SR
46          Charles Jones  18.0 27 1994-95              Pacific 27 27 35.6  6.5 14.2 4.9  9.9 1.6  4.4 3.4         4.3  5.6 3.1 0.5 0.1 4.1 2.6 18.0 .458 .500  .364 .800 .555 .514   F    JR
47            Ramel Lloyd  18.0 28 1998-99     Long Beach State    28 32.3  6.9 15.3 5.6 11.3 1.3  4.0 2.8         4.9  3.5 1.8 1.0         0.1 18.0 .452 .497  .327 .565 .509 .495   G    SO
48              Agee Ward  18.0 27 1991-92  Cal State Fullerton 27 26 31.0  7.9 14.0 7.9 14.0 0.0  0.0 2.2         3.6  7.4 0.5 0.6 0.1 2.0 2.7 18.0 .562       .562 .608 .570 .562   F    SR
49        Michael Jackson  17.9 31 1993-94              Pacific 31 31 30.8  6.9 15.4 5.5 11.3 1.4  4.1 2.8         3.6  4.2 1.3 0.4 0.1 1.7 2.2 17.9 .450 .491  .333 .761 .525 .494   F    SR
50            Brian Green  17.9 29 1995-96               Nevada    29 33.2  6.2 16.1 4.3  8.9 1.9  7.3 3.7         5.2  4.7 2.1 1.8         0.4 17.9 .382 .482  .261 .702 .481 .441   G    SR
51       Louis Richardson  17.9 29 1997-98     New Mexico State    29 29.6  6.1 13.0 4.9  9.4 1.2  3.7 4.4         6.1  7.5 0.9 1.1         0.9 17.9 .468 .518  .340 .719 .560 .516   F    SR
52           Ricky Butler  17.8 30 1990-91            UC Irvine 30 30 31.7  6.9 12.4 6.9 12.3 0.0  0.0 3.9         6.6  8.4 1.1 1.3 1.7 2.8 3.5 17.8 .561 .562  .000 .596 .574 .561   C    SR
53       Winston Peterson  17.6 25 1994-95  Cal State Fullerton 25 23 32.7  6.5 13.4 6.5 13.4 0.0  0.0 4.6         7.4  8.4 0.6 0.6 0.2 3.1 2.4 17.6 .484 .485  .000 .627 .520 .484   C    SR
54           Gordon Scott  17.6 28 1999-00                Idaho 28 28 34.3  6.0 14.6 2.6  5.8 3.4  8.8 2.1 3.1 0.4 2.7  3.1 2.6 2.0 0.6 2.2 1.9 17.6 .411 .444  .389 .690 .546 .528   G    SR
55            B.J. Bunton  17.5 28 1998-99     UC Santa Barbara    28 31.7  7.2 12.8 6.9 12.1 0.3  0.6 2.8 4.6 2.6 4.2  6.8 1.1 0.5 0.5 2.1 1.4 17.5 .566 .571  .471 .597 .585 .577   F    SR
56          Varnie Dennis  17.5 28 2002-03             Cal Poly 28 27 31.8  6.3 13.6 5.3 10.6 1.0  3.0 3.9 5.2 2.2 5.1  7.3 1.3 0.9 2.1 2.9 3.3 17.5 .463 .495  .349 .740 .544 .501   F    JR
57          Ralphy Holmes  17.4 25 2002-03  Cal State Fullerton 25 23 36.5  6.9 15.9 5.3 11.0 1.6  4.8 2.1 3.0 2.4 3.8  6.2 1.3 1.4 0.2 2.0 2.6 17.4 .433 .482  .322 .707 .504 .482   F    SO
58            Abe Jackson  17.4 30 2000-01          Boise State 30 28 33.3  5.5 12.9 2.7  6.0 2.8  6.9 3.7 4.7 1.2 4.5  5.7 1.6 1.0 0.3 1.9 1.8 17.4 .426 .453  .403 .786 .577 .534   F    JR
59            Chris Brown  17.4 26 1993-94            UC Irvine 26 20 26.6  5.5 13.3 0.8  1.7 4.7 11.6 1.7         2.2  2.0 1.0 0.4 0.0 2.0 2.1 17.4 .414 .477  .405 .776 .608 .591   G    JR
60           Marcus Saxon  17.4 33 1997-98           Utah State 33 33 35.5  6.2 13.2 4.8 10.2 1.4  3.0 3.6         4.5  3.9 4.1 1.3 0.2 3.3 3.0 17.4 .471 .475  .460 .787 .567 .524   G    SR
61        Chris Bjorklund  17.3 28 1997-98             Cal Poly    28 31.1  6.2 11.8 5.8 10.7 0.4  1.0 4.6         7.4  5.5 1.3 0.6         0.7 17.3 .526 .543  .345 .626 .568 .541   C    FR
62               Pape Sow  17.3 28 2003-04  Cal State Fullerton 28 28 32.2  5.7 11.6 5.4 10.7 0.3  0.9 5.6 8.3 3.1 6.6  9.7 0.9 1.6 0.6 3.0 3.6 17.3 .494 .507  .333 .675 .558 .506   F    SR
63             Billy Keys  17.3 32 1999-00     New Mexico State 32 32 33.9  6.2 15.0 4.4 10.2 1.7  4.9 3.2 3.9 1.3 3.3  4.6 4.7 1.6 0.2 2.7 2.3 17.3 .410 .437  .353 .817 .510 .467   G    SR
64          Anderson Hunt  17.2 33 1990-91                 UNLV    33 29.7  6.6 13.8 3.4  5.8 3.2  8.0 0.8         1.3  1.6 2.9 1.4 0.1 1.4 1.4 17.2 .479 .589  .399 .667 .599 .595   G    JR
65      Tariq Abdul-Wahad  17.2 25 1995-96       San Jose State 25 25 27.9  5.9 13.3 5.2 10.7 0.7  2.6 4.7 6.3 2.3 4.0  6.3 2.6 1.0 0.9 3.5 3.5 17.2 .446 .487  .277 .741 .529 .473   F    JR
66        Desmond Penigar  17.2 31 2001-02           Utah State 31 28 28.1  6.5 13.5 5.8 10.9 0.8  2.5 3.3 4.7 1.9 5.0  6.9 0.7 0.4 0.7 1.8 2.0 17.2 .487 .528  .308 .694 .546 .516   F    JR
67          Reggie Manuel  17.2 26 1993-94                 UNLV 26 26 31.7  5.5 13.0 3.0  6.5 2.5  6.5 3.7         4.7  3.5 1.7 1.1 0.0 2.3 2.5 17.2 .421 .456  .387 .795 .565 .518   G    JR
68     Kendall Youngblood  17.1 28 1991-92           Utah State 28 28 33.0  5.8 14.0 4.5 11.0 1.3  3.0 4.3         5.7  7.7 3.0 1.7     0.4 3.5 17.1 .414 .414  .417 .750 .513 .459   G    SR
69             Chris Dade  17.0 27 1997-98  Cal State Fullerton 27 26 31.2  5.4 12.5 3.4  7.0 2.0  5.5 4.2         5.7  3.3 1.9 2.1 0.1 2.0 2.4 17.0 .432 .484  .365 .745 .560 .512   G    SR
70           Dexter Boney  17.0 29 1992-93                 UNLV 29 28 33.1  6.4 13.1 4.6  8.3 1.9  4.8 2.3         4.2  5.4 1.7 2.4 0.2 1.4 1.9 17.0 .489 .545  .391 .557 .564 .561   G    SR
71          Jason Jackman  17.0 30 1996-97                Idaho    30 33.1  6.1 11.5 6.1 11.5 0.0  0.1 4.9         5.9  6.1 1.1 0.9 0.5     2.5 17.0 .526 .529  .000 .825 .593 .526   C    SR
72           Kebu Stewart  17.0 21 1994-95                 UNLV 21 16 35.1  5.5 11.3 5.5 11.1 0.0  0.2 5.9         8.9 10.0 1.2 0.9 0.5 3.6 2.9 17.0 .487 .491  .250 .667 .547 .489   C    JR
73          John Williams  16.9 16 1996-97  Cal State Fullerton 16 14 28.3  6.9 12.7 6.9 12.7 0.0  0.0 3.1         6.6  6.7 1.1 0.5 1.1 2.4 2.6 16.9 .547       .547 .467 .536 .547   F    SR
74           Denmark Reid  16.9 30 1997-98     New Mexico State    30 33.8  5.8 13.3 2.3  5.3 3.5  8.0 1.8         2.3  3.4 1.6 0.6         0.0 16.9 .435 .438  .433 .786 .585 .565   G    SR
75            Silas Mills  16.7 33 1995-96           Utah State 33  0 30.6  5.8 11.3 5.1  9.0 0.7  2.3 4.5         6.4  7.9 3.4 1.6 0.8 4.4 2.5 16.7 .512 .571  .286 .701 .583 .542   F    SR
76          Adam Jacobsen  16.7 27 1994-95              Pacific 27 26 38.7  4.9 11.4 1.4  2.6 3.5  8.9 3.4         4.5  2.9 4.7 1.9 0.0 2.1 2.5 16.7 .427 .536  .396 .754 .615 .581   G    SO
77         Jason Williams  16.7 27 1998-99              Pacific    27 30.7  6.3 13.3 5.8 11.5 0.5  1.8 3.5         4.8  7.2 1.1 0.6         0.5 16.7 .478 .506  .292 .736 .538 .497   F    SR
78        Clayton Johnson  16.7 26 1995-96                 UNLV 26  0 30.5  5.5 15.3 3.3  9.1 2.2  6.2 3.5         5.6  4.7 1.7 1.0 0.3     2.3 16.7 .360 .363  .356 .616 .464 .432   F    SR
79          Stacey Augmon  16.5 35 1990-91                 UNLV    35 30.3  6.3 10.7 5.2  8.4 1.1  2.3 2.9         4.0  7.3 3.6 2.2 0.8 1.8 2.2 16.5 .587 .619  .469 .727 .656 .637   F    SR
80            Avery Curry  16.5 27 1998-99                Idaho    27 35.1  5.5 14.9 3.1  8.4 2.3  6.4 3.2         4.6  4.2 4.6 1.9         0.1 16.5 .369 .374  .362 .696 .484 .448   G    SR
81        Jeff Von Lutzow  16.5 26 1992-93            UC Irvine 26 23 32.3  5.6 12.0 3.8  6.9 1.8  5.1 3.4         4.4  8.3 0.9 0.7 0.8 2.7 2.8 16.5 .468 .553  .353 .774 .584 .543   F    SR
82             Chris Dade  16.4 27 1996-97  Cal State Fullerton 27 25 30.1  5.5 12.9 3.4  6.8 2.1  6.1 3.3         4.3  2.8 2.1 1.4 0.0 2.3 2.6 16.4 .427 .508  .337 .776 .549 .507   G    JR
83           John Burrell  16.4 26 1998-99               Nevada    26 31.0  5.3 13.7 3.6  8.2 1.7  5.4 4.0         4.7  1.6 2.4 1.0         0.5 16.4 .392 .439  .319 .851 .516 .455   G    JR
84            Nate Carter  16.4 24 2002-03         UC Riverside 24 21 31.1  5.5 11.3 4.8  9.3 0.8  2.0 4.5 5.7 2.0 3.4  5.4 1.5 0.7 0.3 2.8 2.6 16.4 .491 .514  .388 .788 .585 .526   F    FR
85          Brandon Titus  16.4 27 1996-97     Long Beach State 27 27 34.4  5.9 12.7 4.7  9.5 1.3  3.2 3.3         5.0  2.9 3.1 2.0 0.0 1.9 2.2 16.4 .465 .490  .391 .647 .541 .515   G    SR
86            Brian Keefe  16.4 27 1995-96            UC Irvine    27 32.3  5.6 12.6 3.4  6.6 2.2  5.9 2.9         4.4  3.0 1.4 0.7         0.1 16.4 .448 .520  .369 .658 .558 .535   G    SO
87            Bruce Bowen  16.3 27 1992-93  Cal State Fullerton 27 27 36.6  5.5 11.8 5.0 10.2 0.5  1.6 4.9         7.4  6.5 2.3 2.0 0.8 2.7 2.8 16.3 .465 .487  .326 .652 .533 .487   F    SR
88           Mike Wozniak  16.3 28 1999-00             Cal Poly 28 28 32.9  5.4 12.7 2.7  5.6 2.7  7.1 2.8 3.4 0.5 2.5  3.0 1.9 0.9 0.1 2.3 1.8 16.3 .427 .481  .384 .811 .570 .534   G    SR
89            Jay Goodman  16.3 25 1990-91           Utah State 25 21 32.4  5.1 14.0 2.4  6.4 2.6  7.6 3.5         4.6  2.5 3.9 2.1 0.2 3.5 3.6 16.3 .362 .381  .346 .772 .504 .456   G    SO
90        Shane Schilling  16.3 24 2003-04             Cal Poly 24 23 35.0  6.2 14.3 5.0 10.8 1.1  3.5 2.8 3.8 1.2 4.4  5.6 2.2 1.5 1.0 3.3 3.4 16.3 .431 .467  .321 .744 .506 .471   F    SR
91            Abe Jackson  16.2 27 1999-00          Boise State 27 24 31.4  5.5 13.4 2.8  6.0 2.7  7.4 2.6 3.1 1.3 3.2  4.4 0.8 1.1 0.1 2.3 2.4 16.2 .410 .472  .360 .833 .546 .510   F    SO
92             Evric Gray  16.2 29 1992-93                 UNLV 29 29 30.6  5.8 11.4 4.8  7.9 1.0  3.6 3.5         4.8  7.4 2.4 1.1 2.1 2.9 3.7 16.2 .509 .610  .288 .739 .591 .554   F    SR
93           Mike Wozniak  16.2 27 1998-99             Cal Poly    27 33.7  5.4 14.3 2.8  6.7 2.6  7.6 2.8 3.3 0.6 2.0  2.6 2.7 1.1 0.0 0.1 0.3 16.2 .377 .420  .340 .852 .510 .468   G    JR
94           Eric Franson  16.2 33 1995-96           Utah State 33 33 29.8  5.8 11.2 5.8 11.2 0.0  0.0 4.5         7.5  8.5 1.1 0.7 0.4 3.1 2.8 16.2 .520       .520 .597 .546 .520   C    SR
95             Don Lyttle  16.1 29 1990-91              Pacific    29 33.1  6.2 13.3 5.0  9.8 1.2  3.5 2.4         3.4  8.0 1.4 0.6         1.3 16.1 .469 .514  .343 .717 .540 .514   C    SR
96         Wilbert Hooker  16.1 30 1990-91         Fresno State 30 27 34.6  5.4 11.4 3.0  5.7 2.4  5.7 2.9         3.6  4.4 2.5 1.3 0.4 2.5 2.4 16.1 .472 .524  .421 .815 .614 .578   G    JR
97           Lucius Davis  16.0 29 1990-91     UC Santa Barbara    29 27.4  5.9 12.0 5.7 11.0 0.2  1.0 4.0         5.8  4.9 1.2 0.9         0.7 16.0 .491 .516  .214 .696 .543 .500   F    JR
98              Joe Wyatt  16.0 24 1996-97          Boise State    24 33.0  5.6 12.0 3.1  5.5 2.5  6.5 2.3         3.3  3.0 3.4 1.5 0.2 2.2 3.0 16.0 .469 .568  .385 .684 .590 .573   G    SR
99          Keith Stewart  16.0 22 1992-93            UC Irvine 22 22 31.2  5.7 13.8 2.9  7.0 2.8  6.8 1.7         2.0  2.5 2.0 0.5 0.0 2.0 2.7 16.0 .416 .418  .413 .844 .543 .518   G    SR
100             Gary Gray  16.0 29 1990-91     UC Santa Barbara    29 32.7  5.8 10.6 5.8 10.6 0.0  0.0 4.4         5.4  7.0 0.8 0.7         0.2 16.0 .549       .549 .809 .608 .549   F    SR
101           Markus Carr  16.0 28 2001-02 Cal State Northridge 28 25 32.5  5.5 13.5 3.7  8.6 1.8  4.9 3.3 4.1 0.7 2.9  3.6 5.3 2.8 0.1 3.8 2.2 16.0 .405 .429  .362 .784 .516 .471   G    SR
102        Corwin Woodard  16.0 27 1994-95           Utah State 27 25 31.3  5.5 12.2 3.3  6.9 2.2  5.4 2.8         3.6  2.5 1.5 0.7 0.1 1.9 2.1 16.0 .448 .476  .414 .765 .572 .539   G    SR
103         Tony Amundsen  15.9 30 1991-92              Pacific 30 30 34.8  5.2 11.0 2.1  4.4 3.1  6.6 2.4         3.9  3.0 2.7 0.9 0.0 2.7 1.9 15.9 .471 .474  .470 .619 .617 .612   G    JR
104            Dell Demps  15.9 29 1989-90              Pacific    29 34.2  5.5 11.2 3.8  7.1 1.7  4.1 3.2         4.6  4.7 3.3 0.7 0.3 2.4 1.9 15.9 .488 .529  .417 .707 .594 .564   G    SO
105         Anderson Hunt  15.9 39 1989-90                 UNLV 39 39 31.2  5.9 12.3 3.4  5.6 2.5  6.6 1.6         2.4  2.2 4.1 1.1 0.2 1.5 1.7 15.9 .481 .595  .384 .663 .594 .585   G    SO
106           Tony Darden  15.9 27 2002-03     Long Beach State 27 20 30.9  4.6 11.4 1.7  4.1 2.9  7.4 3.8 4.6 0.5 1.7  2.2 2.4 0.6 0.1 3.2 2.3 15.9 .401 .409  .397 .829 .584 .529   G    SR
107        Carrick DeHart  15.9 30 1989-90     UC Santa Barbara 30 30 33.4  5.3 11.7 3.0  6.6 2.3  5.1 3.0 3.7 0.7 2.9  3.6 3.9 1.3 0.3 2.5 2.6 15.9 .453 .457  .447 .811 .590 .550   G    SR
108         Chuck Overton  15.8 26 1995-96  Cal State Fullerton 26 26 32.8  5.8 13.3 5.2 10.6 0.6  2.7 3.7         5.0  4.8 1.8 1.0 0.2 3.0 2.7 15.8 .435 .489  .217 .752 .507 .457   G    SR
109           Enoch Davis  15.8 26 1995-96     New Mexico State    26 30.1  5.1 11.0 4.6  9.4 0.5  1.6 5.1         6.7  5.1 1.1 0.7         0.1 15.8 .465 .488  .333 .759 .559 .490   F    JR
110           Eric Morris  15.8 26 1992-93               Nevada 26 26 33.3  5.6 11.4 5.4 10.5 0.2  0.9 4.4         6.1  9.5 1.8 1.0 0.9 2.0 3.6 15.8 .490 .515  .208 .728 .552 .498   F    SR
111            Ian Boylan  15.8 29 2002-03 Cal State Northridge 29 28 32.9  5.4 11.6 3.5  6.9 2.0  4.7 2.9 3.7 1.6 2.9  4.5 3.0 2.1 0.3 2.4 2.9 15.8 .470 .505  .419 .792 .591 .555   F    SO
112          David Butler  15.8 33 1989-90                 UNLV 33 32 28.8  5.5 11.3 5.5 11.3 0.0  0.0 4.8         6.6  7.4 1.9 1.0 0.9 2.5 3.3 15.8 .487       .487 .728 .547 .487   C    SR
113       Desmond Penigar  15.7 33 2002-03           Utah State 33 32 27.7  5.8 12.4 4.9 10.0 0.9  2.4 3.2 4.5 2.1 4.5  6.6 0.4 0.9 0.4 1.8 2.1 15.7 .468 .494  .363 .721 .541 .504   F    SR
114            Ike Harmon  15.7 25 1998-99  Cal State Fullerton 25 23 27.1  5.8 12.4 5.2 10.8 0.6  1.6 3.6         5.3  6.7 1.5 1.0 1.2     2.4 15.7 .466 .480  .375 .682 .529 .490   F    SO
115         Kevin Roberts  15.7 27 2003-04     Long Beach State 27 27 31.7  5.9 13.0 5.5 11.5 0.4  1.5 3.4 5.3 2.5 3.9  6.4 1.7 0.5 0.3 2.4 2.7 15.7 .457 .477  .300 .643 .507 .474   F    SR
116            Don Lyttle  15.7 29 1989-90              Pacific         29  6.0 12.6 4.9  9.9 1.1  2.7 2.7         3.8  8.0 1.1 0.6         0.8 15.7 .474 .493  .403 .716 .546 .516   C    JR
117          Rod Hannibal  15.7 27 1993-94     Long Beach State 27 22 30.4  5.1 11.6 2.6  5.2 2.5  6.4 2.9         3.7  4.7 2.8 1.1 0.1 3.7 3.5 15.7 .446 .507  .395 .770 .588 .554   G    SR
118         Rodney Walker  15.7 35 1994-95     New Mexico State 35 34 27.6  6.2 11.9 5.3  9.2 0.8  2.7 2.5         3.7  4.5 1.3 1.3 0.2 1.9 2.0 15.7 .520 .583  .309 .680 .576 .555   G    SR
119         Eric McArthur  15.6 29 1989-90     UC Santa Barbara 29 29 30.2  5.9 11.8 5.9 11.8 0.0  0.0 3.8 6.3 4.6 8.4 13.0 1.5 1.8 3.1 2.8 3.4 15.6 .501       .501 .599 .527 .501   F    SR
120        Wilbert Hooker  15.6 31 1991-92         Fresno State 31 31 36.9  4.9 11.0 2.5  4.8 2.4  6.1 3.5         4.1  3.3 4.5 1.7 0.3 3.3 2.4 15.6 .444 .513  .389 .857 .605 .553   G    SR
121           Jerry Green  15.6 28 1999-00            UC Irvine 28 28 32.8  5.5 12.0 4.6  9.3 0.9  2.6 3.6 4.6 0.6 3.0  3.6 3.3 1.3 0.2 3.5 1.8 15.6 .463 .498  .338 .791 .551 .500   G    SO
122         Eric Channing  15.6 32 1999-00     New Mexico State 32 32 30.8  5.3 11.3 3.2  6.4 2.2  4.9 2.7 3.2 0.8 2.1  2.8 2.6 1.0 0.2 2.1 1.8 15.6 .475 .495  .449 .843 .610 .572   G    SO
123        Wilbert Hooker  15.5 29 1989-90         Fresno State 29 29 37.9  5.1 13.1 2.8  7.0 2.3  6.1 2.9         3.5  4.1 2.5 2.0 0.3 2.9 2.6 15.5 .392 .397  .386 .822 .525 .482   G    SO
124              Pape Sow  15.5 26 2001-02  Cal State Fullerton 26 26 33.3  5.3 12.7 5.1 11.5 0.2  1.2 4.5 7.0 2.6 6.0  8.6 0.7 1.3 1.2 2.2 3.6 15.5 .421 .446  .188 .648 .483 .430   F    SO
125    Kendall Youngblood  15.4 30 1989-90           Utah State 30 30 32.4  5.6 11.3 5.4 10.9 0.1  0.4 4.1         5.3  4.9 2.6 1.4     0.6 3.5 15.4 .494 .500  .333 .780 .559 .500   G    SO
126         Mike Atkinson  15.4 26 1993-94     Long Beach State 26 26 27.0  5.4  7.8 5.4  7.7 0.0  0.1 4.5         6.2  4.3 1.0 0.7 0.4 3.5 3.0 15.4 .695 .697  .500 .731 .717 .697   F    JR
127          Mike Wozniak  15.4 30 1996-97             Cal Poly    30 26.6  5.0 11.7 2.4  4.8 2.6  7.0 2.7         3.1  2.7 1.6 1.4         0.0 15.4 .426 .497  .378 .872 .581 .538   G    FR
128         Tony Amundsen  15.3 27 1992-93              Pacific 27 27 36.3  5.3 12.9 2.9  5.7 2.4  7.2 2.4         4.1  3.8 2.7 1.7 0.1 1.9 1.4 15.3 .407 .500  .333 .591 .516 .500   G    SR
129            Ike Harmon  15.3 27 1997-98  Cal State Fullerton 27 16 24.3  6.0 12.4 5.7 11.3 0.3  1.1 3.1         5.6  6.4 0.8 1.0 0.6 2.2 3.2 15.3 .481 .502  .267 .550 .508 .493   F    FR
130            Kevin Rice  15.3 33 1997-98           Utah State 33 32 33.7  5.2  9.8 4.9  8.9 0.3  0.9 4.5         6.2  6.3 2.2 1.7 0.6 2.7 2.9 15.3 .531 .546  .379 .734 .599 .548   G    SR
131      Winston Peterson  15.3 26 1993-94  Cal State Fullerton 26 25 28.8  5.9 11.0 5.9 11.0 0.0  0.0 3.4         5.5  7.5 0.5 0.4 0.4 3.0 2.7 15.3 .537       .537 .622 .559 .537   C    JR
132           Nate Carter  15.3 28 2003-04         UC Riverside 28 27 33.3  5.3 10.3 4.6  8.3 0.6  2.0 4.1 5.4 2.0 4.7  6.8 1.3 0.7 0.4 2.5 2.7 15.3 .510 .556  .321 .767 .594 .542   F    SO
133             Mark Hull  15.2 31 2001-02     UC Santa Barbara 31 31 34.0  4.7 11.7 2.2  5.6 2.5  6.1 3.2 4.0 0.9 4.2  5.1 2.5 1.0 0.1 1.7 1.6 15.2 .406 .397  .415 .792 .559 .514   F    JR
134          Jamaal Scott  15.1 28 2000-01             Cal Poly 28      28  5.4 12.8 3.8  7.9 1.6  4.9 2.8 4.2 2.0 3.9  5.9 2.3 1.1 1.1 2.6 3.6 15.1 .422 .480  .328 .658 .513 .485   G    FR
135           Brian Green  15.1 29 1994-95               Nevada 29 20 26.9  5.5 11.9 3.5  7.3 2.0  4.6 2.2         3.2  4.4 1.6 2.1 0.1 1.8 2.2 15.1 .460 .481  .425 .688 .563 .542   G    JR
136         Kevin Simmons  15.0 26 1995-96            UC Irvine    26 33.2  4.9 12.5 4.2 10.2 0.7  2.3 4.5         6.8  7.2 1.8 0.5         0.3 15.0 .394 .415  .300 .657 .477 .422   F    SO
137          Dave Barnett  15.0 30 1990-91         Fresno State 30 27 34.7  5.4 12.1 3.1  5.3 2.4  6.8 1.7         2.3  4.9 6.9 2.2 0.1 2.7 2.1 15.0 .449 .575  .350 .765 .568 .547   G    SR
138            Tony Brown  14.9 31 2001-02           Utah State 31 31 34.8  4.9 10.0 2.5  4.5 2.4  5.5 2.7 3.2 0.4 2.5  2.9 4.8 1.6 0.2 2.1 1.7 14.9 .489 .554  .436 .857 .647 .609   G    SR
139         Kevin Simmons  14.9 29 1994-95            UC Irvine 29 29 31.7  5.3 11.3 5.0 10.4 0.2  0.9 4.1         6.3  7.7 0.8 0.8     0.2 2.8 14.9 .465 .483  .259 .659 .521 .476   F    FR
140          Terry Cannon  14.9 27 1993-94       San Jose State 27 27 30.9  5.4 11.1 4.1  7.3 1.4  3.8 2.7 4.0 0.8 2.1  2.9 2.2 1.3 0.1 2.4 2.3 14.9 .488 .556  .359 .673 .573 .550   G    SR
141          Charles Gosa  14.9 33 1998-99     New Mexico State    33 28.5  6.0 10.0 6.0  9.8 0.0  0.2 2.8         4.2  8.0 1.1 1.2         1.4 14.9 .605 .613  .167 .669 .623 .606   F    SR
142        Corwin Woodard  14.9 24 1993-94           Utah State 24 19 28.8  5.3 12.3 4.4  9.3 0.9  3.0 3.5         4.5  3.3 1.7 0.7 0.0 2.4 2.0 14.9 .429 .473  .292 .771 .516 .464   G    JR
143             Joe Small  14.9 27 1991-92  Cal State Fullerton 27 25 33.7  5.0 12.6 2.9  7.0 2.0  5.6 2.9         3.3  3.7 3.4 0.9 0.0 2.6 2.2 14.9 .394 .416  .367 .876 .524 .475   G    SR
144          Gordon Scott  14.8 27 1998-99                Idaho    27 32.5  4.8 12.3 2.2  4.6 2.6  7.6 2.6         3.7  3.1 2.0 1.6         0.5 14.8 .393 .480  .340 .693 .528 .498   G    JR
145        Elmore Spencer  14.8 28 1991-92                 UNLV 28 27 30.5  6.2  9.8 6.2  9.7 0.0  0.1 2.3         4.3  8.1 1.7 0.6 2.5 2.7 2.6 14.8 .637 .642  .000 .546 .627 .637   C    SR
146       Carl Ray Harris  14.7 30 1990-91         Fresno State 30 26 31.1  6.0 11.4 5.5  9.9 0.5  1.4 2.2         3.1  2.9 3.1 1.1 0.0 2.1 2.0 14.7 .531 .557  .349 .691 .573 .553   G    SO
147            Miah Davis  14.7 32 2003-04              Pacific 32 31 34.5  4.3  9.2 2.5  4.6 1.8  4.6 4.4 5.3 0.4 3.2  3.7 3.1 1.3 0.0 2.1 1.8 14.7 .464 .547  .381 .839 .628 .559   G    SR
148         Patrick Savoy  14.7 28 1994-95                 UNLV 28 27 31.5  5.8 10.9 4.6  8.0 1.1  2.9 2.0         2.9  7.3 1.0 0.8 0.7 3.3 3.4 14.7 .530 .578  .395 .695 .599 .582   F    SR
149           Travis Reed  14.7 30 2001-02     Long Beach State 30 29 30.9  5.9 10.1 5.9 10.1 0.0  0.0 2.9 5.4 2.7 5.1  7.8 1.3 1.0 0.9 2.2 2.8 14.7 .584 .586  .000 .528 .578 .584   C    SR
150         Varnie Dennis  14.7 27 2001-02             Cal Poly 27 27 27.7  5.5 11.1 5.0 10.0 0.5  1.1 3.2 4.7 1.9 3.6  5.5 0.8 0.6 1.6 1.8 3.8 14.7 .493 .502  .419 .680 .549 .515   F    SO
151           Tod Bernard  14.6 31 1991-92         Fresno State 31 31 33.1  5.3 12.2 3.7  7.9 1.6  4.3 2.5         3.6  4.6 2.1 1.0 0.7 2.0 3.6 14.6 .435 .471  .368 .688 .528 .500   F    SR
152     Branduinn Fullove  14.6 30 2002-03     UC Santa Barbara 30 29 28.4  4.6 10.0 2.9  5.7 1.8  4.3 3.6 4.3 0.7 3.0  3.7 1.8 0.5 0.1 2.0 2.2 14.6 .463 .500  .414 .837 .608 .552   G    JR
153           Mike Tolman  14.6 30 1997-98          Boise State 30 26 31.5  5.1 10.4 2.5  4.6 2.6  5.8 1.9         2.4  5.8 2.2 1.8 0.2 2.3 2.5 14.6 .492 .555  .443 .789 .637 .616   F    SR
154           Ramel Lloyd  14.6 29 1999-00     Long Beach State 29 29 27.6  5.6 12.2 4.1  8.2 1.4  4.0 2.1 3.6 1.1 1.8  2.9 2.1 1.1 0.1 2.8 2.1 14.6 .456 .506  .353 .592 .527 .514   G    JR
155         Reggie Jordan  14.6 29 1990-91     New Mexico State    29 29.1  5.6 13.2 5.0 11.3 0.6  1.9 2.8         4.7  7.8 2.4 2.0 0.8 2.4 3.0 14.6 .422 .438  .327 .603 .473 .445   G    SR
156           Daryl Scott  14.6 25 1992-93       San Jose State 25 25 28.7  5.8 11.4 5.8 11.3 0.0  0.0 3.0 4.2 3.1 3.3  6.4 0.8 0.6 0.6 2.3 3.3 14.6 .511 .509 1.000 .712 .547 .512   C    SR
157          Kejuan Woods  14.6 25 2000-01          Boise State 25 12 24.4  5.6 11.7 4.4  8.4 1.2  3.3 2.3 3.4 1.0 2.6  3.6 1.1 1.1 0.3 1.9 2.8 14.6 .476 .526  .349 .690 .550 .526   F    SR
158           Bruce Bowen  14.6 28 1991-92  Cal State Fullerton 28 27 34.6  4.9 11.1 4.5  9.5 0.4  1.6 4.3         5.8  7.0 2.5 1.8 0.8 2.4 2.7 14.6 .444 .472  .273 .745 .526 .463   F    JR
159           Travis Reed  14.5 31 2000-01     Long Beach State 31 31 33.2  5.9 10.5 5.9 10.5 0.0  0.0 2.8 5.8 3.4 5.3  8.7 1.1 0.8 0.9 2.0 3.2 14.5 .557       .557 .486 .547 .557   C    JR
160            Ian Boylan  14.5 30 2003-04 Cal State Northridge 30 30 35.8  4.7 10.7 3.1  6.4 1.6  4.2 3.6 4.4 1.5 2.7  4.2 3.6 2.6 0.2 2.5 3.0 14.5 .438 .477  .378 .805 .568 .513   F    JR
161       Carl Ray Harris  14.5 31 1991-92         Fresno State 31 30 31.1  5.5 10.3 5.0  8.8 0.5  1.5 2.9         3.9  2.6 2.7 1.3 0.1 2.4 2.7 14.5 .534 .571  .319 .746 .593 .558   G    JR
162           Tod Bernard  14.3 29 1989-90         Fresno State 29 20 30.5  5.4 13.4 3.5  8.3 1.9  5.1 1.6         2.2  3.8 1.5 0.9 0.8 1.9 2.8 14.3 .403 .417  .378 .708 .494 .474   F    SO
163             Rod Brown  14.3 26 1992-93               Nevada 26 16 31.7  5.2 10.7 2.8  5.3 2.4  5.3 1.6         2.0  2.4 2.7 1.9 0.0 2.3 2.1 14.3 .484 .518  .449 .808 .617 .596   G    SR
164         Clay McKnight  14.3 24 1999-00              Pacific 24 24 33.6  4.0 10.2 0.8  1.8 3.2  8.4 3.1 3.3 0.3 2.3  2.6 1.4 0.8 0.0 1.4 1.4 14.3 .392 .432  .383 .949 .608 .549   G    SR
165        Donnie Johnson  14.3 28 1998-99           Utah State 28 26 30.0  5.8 10.0 5.8  9.9 0.0  0.1 2.7         4.7  8.3 0.8 0.8 1.1 1.6 1.9 14.3 .581 .585  .000 .576 .585 .581   F    SR
166     Lucious Harris Jr  14.3 32 1989-90     Long Beach State    32 29.5  4.6 10.7 3.2  6.4 1.4  4.3 3.7         5.3  4.8 1.6 1.5 0.2 1.6 2.0 14.3 .430 .495  .331 .694 .541 .496   G    FR
167          Daniel Watts  14.2 29 1995-96               Nevada    29 32.2  5.0  7.6 5.0  7.6 0.0  0.0 4.2         6.0  8.1 0.9 0.9 1.6     2.2 14.2 .656       .656 .703 .679 .656   C    SR
168             Ken Young  14.2 26 1989-90       San Jose State 26 25 32.5  5.4 11.0 5.4 11.0 0.0  0.0 3.4 5.5 3.4 3.8  7.2 1.0 1.0 0.3 2.5 3.8 14.2 .493 .495  .000 .620 .523 .493   F    SR
169         John Williams  14.2 24 1995-96  Cal State Fullerton 24 18 28.5  5.5 11.8 5.5 11.8 0.0  0.0 3.3         5.9  7.2 0.3 0.8 1.0 1.3 3.0 14.2 .463       .463 .556 .487 .463   F    JR
170         Stacey Augmon  14.2 39 1989-90                 UNLV 39 39 31.9  5.4  9.7 5.0  8.5 0.4  1.3 3.0 4.5 2.7 4.2  6.9 3.7 1.8 1.3 2.3 2.5 14.2 .553 .588  .320 .670 .597 .574   F    JR
171       Shanta Cotright  14.2 30 1996-97             Cal Poly    30 29.0  5.1 10.2 4.3  8.2 0.8  2.0 3.1         4.5  4.1 2.4 1.5         0.1 14.2 .502 .522  .417 .694 .575 .542   G    SR
172         Jimmy Carroll  14.2 31 1996-97               Nevada 31 31 32.9  4.3  9.7 1.2  2.8 3.1  6.9 2.4         2.7  2.9 3.4 0.5 0.0 2.5 2.4 14.2 .444 .432  .449 .904 .643 .603   G    JR
173            Mark Flick  14.2 26 1995-96     UC Santa Barbara 26 25 32.8  4.9 11.8 2.1  4.5 2.8  7.2 1.6         2.3  7.3 1.3 0.8 0.5 1.3 2.7 14.2 .415 .458  .388 .672 .549 .534   F    SR
174      Curtis Slaughter  14.1 29 2002-03 Cal State Northridge 29 28 34.0  4.6 11.3 2.6  5.7 2.0  5.7 3.0 3.7 0.9 3.9  4.8 4.2 1.7 0.3 3.4 1.7 14.1 .404 .455  .354 .796 .539 .492   G    SR
175         Adam Jacobsen  14.1 27 1995-96              Pacific    27 34.3  4.1 10.7 1.2  2.9 3.0  7.9 2.9         3.9  3.2 4.0 1.7         0.1 14.1 .386 .416  .376 .733 .561 .524   G    JR
176     Branduinn Fullove  14.1 30 2001-02     UC Santa Barbara 30 29 31.7  4.5  9.8 2.5  5.2 1.9  4.6 3.2 3.8 0.7 3.5  4.2 3.0 0.9 0.2 2.3 1.8 14.1 .454 .484  .420 .850 .605 .553   G    SO
177        Cardell Butler  14.0 29 2003-04           Utah State 29 29 30.1  4.9 10.2 3.0  5.8 1.9  4.4 2.3 2.6 0.8 2.2  3.0 2.0 1.0 0.2 1.4 1.6 14.0 .485 .524  .433 .880 .616 .578   G    SR
178             Mark Hull  13.9 28 2000-01     UC Santa Barbara 28 28 33.5  4.4 10.8 2.8  6.3 1.6  4.5 3.6 4.5 0.8 3.3  4.1 1.6 0.9 0.3 1.9 2.0 13.9 .403 .435  .357 .795 .537 .477   F    SO
179   Raimonds Miglinieks  13.9 27 1995-96            UC Irvine    27 36.9  4.0  9.7 1.6  3.7 2.5  5.9 3.4         4.3  2.9 8.5 1.5 0.1     4.0 13.9 .418 .416  .419 .791 .596 .546   G    SR
180         Bryon Russell  13.9 26 1991-92     Long Beach State    26 29.8  4.8  8.7 4.4  7.7 0.4  1.1 3.8         5.8  7.4 1.2 2.1 1.0 2.2 3.7 13.9 .555 .578  .393 .656 .606 .579   F    JR
181           Mate Milisa  13.9 26 1998-99     Long Beach State    26 32.3  5.1 10.2 4.3  7.8 0.8  2.3 2.9         3.7  5.6 1.7 1.3         0.4 13.9 .500 .544  .350 .784 .582 .540   C    JR
182        Terrance Green  13.9 29 1999-00               Nevada 29 28 31.2  4.0 10.7 2.4  6.4 1.6  4.3 4.3         5.4  4.2 2.0 1.1 0.1 2.7 2.1 13.9 .372 .373  .371 .797 .523 .447   G    FR
183              Pape Sow  13.8 18 2002-03  Cal State Fullerton 18 16 31.4  4.6  8.9 4.2  8.2 0.3  0.7 4.4 6.4 2.8 6.1  8.8 0.7 1.4 0.7 2.5 3.5 13.8 .513 .514  .500 .681 .579 .531   F    JR
184          Ricky Butler  13.8 28 1989-90            UC Irvine 28 22 26.2  5.3  9.6 5.3  9.6 0.0  0.0 3.3         5.5  6.5 1.3 1.0 0.4 2.4 3.4 13.8 .544       .544 .600 .563 .544   C    JR
185         Lloyd Mumford  13.8 27 1992-93            UC Irvine 27 27 33.5  4.6 11.1 3.6  7.9 1.1  3.2 3.5         4.7  4.0 5.6 1.8 0.0 4.5 3.0 13.8 .415 .449  .333 .734 .515 .463   G    JR
186        Watende Favors  13.8 28 2000-01             Cal Poly 28      28  4.8 11.8 1.9  4.9 2.9  6.9 1.3 1.5 0.8 3.0  3.8 2.4 1.2 0.1 2.9 2.8 13.8 .409 .397  .418 .854 .552 .532   G    SR
187            Faron Hand  13.7 29 1994-95               Nevada 29 29 27.0  5.3 10.2 5.3  9.9 0.1  0.3 3.0         4.4  5.3 1.6 1.4 0.6 3.3 3.5 13.7 .524 .531  .250 .672 .558 .527   C    JR
188            Billy Keys  13.7 33 1998-99     New Mexico State    33 33.5  4.7 11.2 3.3  6.8 1.3  4.3 3.0         4.3  4.0 4.8 1.7         0.1 13.7 .417 .487  .308 .709 .518 .477   G    JR
189       Antoine Hubbard  13.7 25 1996-97     New Mexico State 25 23 31.7  4.5 10.1 2.5  5.2 2.0  5.0 2.8         3.8  3.5 5.8 2.0 0.0 3.1 2.0 13.7 .443 .488  .395 .734 .575 .540   G    JR
190     Demetrius Jackson  13.6 27 2002-03              Pacific 27 23 29.4  4.6 11.7 2.9  6.4 1.7  5.2 2.7 3.3 0.2 1.5  1.7 3.0 1.2 0.1 3.1 2.9 13.6 .394 .443  .333 .820 .515 .468   G    SR
191          Thomas Wyatt  13.6 34 1994-95     New Mexico State 34 34 30.7  4.3 10.1 2.4  4.7 1.9  5.4 3.1         4.2  5.3 3.5 1.9 0.4 3.1 2.3 13.6 .426 .503  .359 .732 .563 .522   F    SR
192        James Anderson  13.6 30 1989-90     New Mexico State         30  5.2  9.9 5.2  9.9 0.0  0.0 3.1         4.8  6.9 0.4 1.2         0.3 13.6 .527 .525 1.000 .643 .556 .529   C    SR
193       Shane Schilling  13.6 23 2002-03             Cal Poly 23 23 31.2  4.8 12.1 3.3  7.1 1.5  5.0 2.5 3.3 1.3 4.3  5.6 2.0 1.3 0.5 3.3 3.1 13.6 .394 .463  .296 .753 .494 .455   F    JR
194             Sam Allen  13.5 30 1995-96       San Jose State 30 29 25.0  5.4  9.4 5.2  8.9 0.2  0.5 2.5 5.1 2.1 2.8  4.9 0.5 0.7     0.9 3.2 13.5 .578 .588  .400 .484 .572 .589   F    SR
195          Tyrone Hayes  13.5 30 2003-04                Idaho 30 30 26.8  4.7  9.8 4.6  9.1 0.2  0.7 3.9 4.7 2.1 3.6  5.7 0.8 1.2 0.7 1.9 2.7 13.5 .485 .502  .250 .824 .563 .493   F    JR
196          Josh Merrill  13.5 28 1998-99     UC Santa Barbara    28 28.0  4.9 10.8 3.7  7.5 1.2  3.3 2.5 4.0 2.0 4.8  6.7 1.3 0.9 0.1 2.1 2.1 13.5 .452 .490  .366 .619 .530 .508   F    SR
197             Mark Hull  13.4 32 2002-03     UC Santa Barbara 32 32 34.0  4.3 10.0 2.2  4.3 2.2  5.7 2.6 3.2 1.3 3.7  5.0 1.9 0.8 0.1 1.7 1.8 13.4 .434 .496  .387 .812 .584 .544   F    SR
198            Troy Rolle  13.4 28 1998-99           Utah State 28 27 30.5  5.0 11.9 2.9  5.9 2.1  6.0 1.4         1.9  4.4 1.5 0.6 0.0 1.9 1.7 13.4 .422 .497  .347 .704 .526 .509   G    JR
199         Nate Wickizer  13.4 24 1993-94           Utah State 24 20 26.6  4.7  8.5 4.7  8.5 0.0  0.0 4.0         5.3  6.2 0.8 0.1 1.8 1.0 2.8 13.4 .557       .557 .762 .613 .557   C    JR
200      Aaron Sunderland  13.4 26 1992-93  Cal State Fullerton 26 25 35.5  4.7 11.6 4.0  9.5 0.7  2.1 3.3         4.9  3.3 6.0 1.9 0.1 3.5 2.1 13.4 .405 .423  .327 .677 .482 .435   G    SR
[/code]

Provided by [url=https://www.sports-reference.com/sharing.html?utm_source=direct&utm_medium=Share&utm_campaign=ShareTool]Stathead[/url]: [url=https://www.sports-reference.com/stathead/basketball/cbb/player-season-finder.cgi?utm_source=direct&utm_medium=Share&utm_campaign=ShareTool]Found with Stathead. See Full Results.[/url]
Generated 6/11/2026.