[code]                                                                                                                                                                                    
                                                                                                                                                                                Per 
Rk               Player PTS/G  G  Season           Team  G GS   MP  FG  FGA  2P  2PA  3P  3PA  FT FTA ORB DRB  TRB AST STL BLK TOV  PF  PTS  FG%  2P%   3P%  FT%  TS% eFG% Pos Class
1        Brian Gilgeous  22.7 28 1992-93       American         28 7.3 15.0 5.6 11.0 1.8  4.0 6.3         7.5  7.2 3.6 1.6         0.4 22.7 .489 .506  .441 .839 .612 .548   F    SR
2       Darren McLinton  22.7 30 1995-96  James Madison 30 30 37.5 7.1 16.7 3.0  6.9 4.1  9.8 4.4         5.1  2.2 2.9 1.7 0.1 2.5 2.3 22.7 .425 .440  .415 .857 .592 .547   G    SR
3         Petey Sessoms  22.1 33 1994-95   Old Dominion 33 31 35.6 6.5 15.0 3.8  7.7 2.7  7.3 6.5         7.8  8.4 1.8 1.0     1.4 2.9 22.1 .430 .490  .368 .830 .591 .520   F    SR
4        Curtis McCants  22.0 27 1995-96   George Mason 27 27 31.0 7.4 16.8 6.0 12.1 1.4  4.6 5.7         6.9  4.0 8.3 1.3 0.0 3.7 2.4 22.0 .442 .491  .312 .833 .549 .485   G    JR
5            Steve Hood  22.0 31 1989-90  James Madison 31 31 37.0 7.5 15.4 5.3 10.8 2.2  4.5 4.8 6.5 1.0 3.1  4.0 1.4 1.0 0.1 2.3 2.2 22.0 .488 .491  .482 .736 .596 .560   G    JR
6            Louis Rowe  21.7 29 1994-95  James Madison 29 29 34.7 8.3 15.6 7.2 12.4 1.1  3.2 3.9         5.1  5.7 3.1 0.7 1.4 3.4 3.3 21.7 .532 .576  .359 .770 .601 .568   F    SR
7        Brett Blizzard  21.1 31 2002-03 UNC Wilmington 31 31 35.2 7.2 15.7 3.7  7.7 3.5  8.0 3.2 4.3 1.3 3.0  4.3 3.6 2.2 0.3 2.2 1.4 21.1 .459 .477  .441 .758 .597 .571   G    SR
8          Nate Langley  20.9 27 1996-97   George Mason    27 31.9 7.8 18.2 5.8 11.6 2.0  6.6 3.4         5.0  4.9 2.4 3.0         0.4 20.9 .428 .500  .299 .669 .508 .482   G    SR
9            Steve Hood  20.7 29 1990-91  James Madison 29 29 37.0 6.7 14.4 4.9 10.2 1.9  4.2 5.4         7.4  3.4 1.8 0.7 0.2 2.3 2.0 20.7 .465 .475  .443 .726 .576 .530   G    SR
10         Byron Tucker  20.7 12 1991-92   George Mason 12 11 31.3 8.5 16.8 8.3 15.3 0.3  1.4 3.4         7.2  9.6 0.9 0.8 1.6 2.1 3.0 20.7 .507 .538  .176 .477 .513 .515   F    SR
11      Ricardo Leonard  20.4 30 1991-92   Old Dominion         30 7.0 14.4 6.8 14.0 0.1  0.4 6.4         8.8  5.8 1.7 1.9         1.3 20.4 .485 .488  .364 .726 .551 .490   F    SR
12            Adam Hess  20.3 28 2003-04  William  Mary 28 28 36.0 6.9 16.5 4.9  9.7 2.0  6.8 4.4 5.8 2.6 4.0  6.7 2.3 1.6 0.1 2.0 3.0 20.3 .421 .504  .302 .755 .527 .483   F    SR
13         Curtis Blair  20.3 30 1991-92       Richmond    30 37.3 7.1 15.1 5.1 10.4 2.0  4.7 4.2         5.3  4.6 2.8 0.9 0.2 2.0 1.9 20.3 .468 .490  .418 .791 .576 .533   G    SR
14            Adam Hess  20.1 28 2002-03  William  Mary 28 28 36.0 6.8 14.6 4.4  8.1 2.4  6.5 4.1 4.8 2.7 3.6  6.3 2.3 1.0 0.1 2.2 2.0 20.1 .467 .544  .372 .844 .596 .550   F    JR
15          Erik Harris  20.0 29 1990-91           Navy 29 29 33.3 6.4 14.4 4.5  9.6 1.9  4.8 5.2 6.3 0.9 2.4  3.3 6.2 2.3 0.0 2.9 2.8 20.0 .446 .470  .400 .824 .574 .513   G    SR
16       Greg Stevenson  19.7 29 2000-01       Richmond 29 27 35.2 7.4 13.8 5.8 10.4 1.7  3.4 3.2 4.1 2.2 5.4  7.7 1.7 1.4 0.9 1.9 1.9 19.7 .536 .553  .485 .767 .622 .596   F    SR
17         Nate Langley  19.5 26 1994-95   George Mason 26 24 28.0 7.8 16.2 6.9 12.5 0.9  3.7 2.8         4.6  4.0 2.5 3.3 0.2 3.0 3.3 19.5 .483 .552  .250 .617 .528 .512   G    SO
18          Odell Hodge  19.4 31 1993-94   Old Dominion 31 31 29.2 8.0 14.7 8.0 14.7 0.0  0.0 3.3         4.9  9.0 1.4 1.0 2.4 2.1 3.3 19.4 .547       .547 .682 .571 .547   F    SO
19         Robert Dykes  19.4 30 1990-91   George Mason    30 31.3 6.3 10.0 6.3  9.9 0.0  0.1 6.7         8.0  9.0 1.3 0.8 0.9     2.0 19.4 .633 .639  .250 .833 .702 .635   F    SR
20      Jarod Stevenson  19.1 31 1997-98       Richmond 31 31 35.8 6.7 13.5 4.0  7.8 2.6  5.6 3.1         3.9  5.9 2.5 0.9 1.1 1.6 2.1 19.1 .496 .514  .471 .793 .624 .595   F    SR
21             Tim Fudd  19.0 27 1993-94       American 27 27 35.1 7.5 16.3 7.5 16.1 0.0  0.2 4.0         5.8  6.9 1.1 1.2         0.6 19.0 .461 .465  .167 .682 .499 .463   F    JR
22       Brian Gilgeous  18.9 29 1991-92       American 29 29 37.3 6.6 15.2 5.4 11.5 1.1  3.7 4.6 6.1 2.5 3.8  6.3 3.1 1.6 0.7 3.9 3.5 18.9 .433 .474  .306 .757 .523 .471   F    JR
23         Ken Atkinson  18.9 32 1989-90       Richmond         32 6.1 13.6 3.7  7.6 2.4  5.9 4.3         4.9  2.6 3.1 1.1         0.1 18.9 .449 .480  .411 .866 .594 .539   G    SR
24        Christian Ast  18.7 28 1994-95       American 28 28 36.1 6.7 15.9 4.1  9.9 2.6  6.0 2.8         3.9  8.4 0.8 0.8 0.4 1.8 2.8 18.7 .420 .412  .435 .706 .527 .502   F    SR
25       Greg Stevenson  18.5 30 1999-00       Richmond 30 30 36.1 7.1 13.0 6.0 10.2 1.2  2.8 3.1 4.1 2.6 4.6  7.2 1.6 1.3 0.7 1.8 2.0 18.5 .550 .585  .422 .748 .620 .595   F    JR
26         George Evans  18.4 30 2000-01   George Mason 30 29 35.2 7.8 12.7 7.8 12.6 0.0  0.1 2.8 4.6 2.7 5.1  7.8 1.9 1.9 1.4 2.3 2.3 18.4 .613 .616  .000 .612 .618 .613   F    SR
27       Clayton Ritter  18.3 30 1993-94  James Madison 30 30 33.9 7.7 12.2 7.4 11.5 0.2  0.7 2.7         3.3  7.4 2.8 1.2 1.1 3.0 3.4 18.3 .628 .645  .350 .810 .663 .638   F    SR
28         George Evans  18.1 29 1999-00   George Mason 29 29 35.8 7.6 13.1 7.6 13.0 0.0  0.0 2.9 5.3 3.3 5.2  8.5 2.3 1.9 1.7 2.5 2.8 18.1 .583 .585  .000 .539 .581 .583   F    JR
29       Brian Gilgeous  18.1 29 1990-91       American 29 29 34.6 6.2 13.4 5.0 10.3 1.2  3.1 4.5 6.6 2.8 3.8  6.6 2.4 1.8 0.4 2.9 3.1 18.1 .464 .490  .378 .677 .547 .508   F    SO
30         Rick Apodaca  18.1 15 2002-03        Hofstra 15 15 38.8 5.5 15.6 2.5  6.5 3.0  9.1 4.0 5.7 1.1 3.7  4.8 4.3 1.0 0.5 4.1 1.7 18.1 .355 .388  .331 .698 .493 .451   G    SR
31          Odell Hodge  18.1 33 1996-97   Old Dominion 33 32 31.3 7.3 13.3 7.3 13.2 0.0  0.0 3.4         4.8  8.6 1.0 0.8 2.5 2.0 2.9 18.1 .550 .549 1.000 .715 .581 .551   F    SR
32        David Fanning  18.0 29 2001-02  James Madison 29 29 34.6 5.6 15.0 3.0  7.8 2.6  7.3 4.2 5.3 0.9 2.4  3.3 1.8 0.9 0.3 2.1 2.0 18.0 .372 .391  .351 .799 .512 .456   G    JR
33           Kurt Small  17.9 27 1994-95  William  Mary 27 27 32.9 6.2 15.4 5.3 11.7 1.0  3.7 4.5         6.1  4.9 2.4 1.6     0.3 2.7 17.9 .404 .448  .263 .735 .489 .435   G    SR
34       Brett Blizzard  17.9 33 2001-02 UNC Wilmington 33 33 36.4 5.9 14.2 3.2  7.2 2.7  7.0 3.3 4.4 0.8 3.2  4.0 2.9 2.1 0.5 1.9 1.4 17.9 .418 .444  .391 .757 .550 .514   G    JR
35          Kass Weaver  17.8 28 1994-95       Richmond 28 28 38.1 6.9 16.4 5.4 11.8 1.5  4.6 2.6         3.5  3.9 2.9 0.5 0.1 2.6 1.8 17.8 .417 .456  .318 .755 .493 .462   G    SR
36         Rick Apodaca  17.7 32 2001-02        Hofstra 32 32 36.8 5.9 15.4 3.8  8.4 2.1  7.0 3.8 5.2 0.5 3.1  3.5 3.3 1.2 0.5 3.7 2.1 17.7 .383 .457  .295 .741 .496 .450   G    JR
37         Byron Tucker  17.7 30 1990-91   George Mason    30 32.5 6.9 14.7 6.4 13.2 0.5  1.5 3.4         5.5 10.5 0.7 0.5 1.8     1.7 17.7 .468 .485  .326 .618 .510 .485   F    JR
38         Lester Lyons  17.6 28 1990-91  East Carolina 28 28 32.5 6.4 13.8 4.6  9.1 1.8  4.7 3.1         3.9  3.3 3.1 2.5 1.0 4.4 2.6 17.6 .464 .508  .379 .796 .565 .528   G    FR
39            Matt Fish  17.6 28 1991-92 UNC Wilmington    28 30.9 7.4 11.4 7.4 11.4 0.0  0.0 2.9         4.6  9.4 1.1 1.0 1.4 2.5 3.6 17.6 .646       .646 .631 .646 .646   C    SR
40       Thomas Roberts  17.4 27 1992-93  William  Mary 27 27 34.6 6.0 12.8 5.2 10.9 0.8  2.0 4.6         6.8  7.0 1.4 0.7 1.0 1.9 2.9 17.4 .468 .481  .396 .683 .543 .499   F    SR
41         Nathan Smith  17.3 27 1996-97       American 27 27 38.0 5.5 13.0 2.4  5.4 3.0  7.7 3.3         3.8  3.2 1.7 1.3 0.0 3.4 2.3 17.3 .420 .455  .396 .854 .581 .537   G    JR
42        Willie Taylor  17.3 28 2002-03            VCU 28 27 30.7 5.9 11.9 3.8  6.8 2.1  5.1 3.4 4.3 0.6 3.6  4.1 1.2 0.8 0.8 1.8 2.2 17.3 .492 .553  .413 .793 .618 .581   F    SR
43          Randy Bracy  17.2 26 1997-98  William  Mary    26 34.8 5.7 14.0 3.2  7.3 2.5  6.6 3.3         4.7  5.6 4.1 2.2         0.9 17.2 .410 .440  .378 .697 .532 .500   G    JR
44         Jabari Outtz  17.2 27 1999-00  James Madison 27 24 33.7 5.4 14.0 3.1  7.4 2.4  6.6 4.0 5.4 0.6 3.4  4.0 4.4 1.4 0.0 3.6 2.4 17.2 .388 .413  .360 .728 .518 .472   G    SR
45         George Evans  17.2 30 1998-99   George Mason 30 29 35.1 7.1 12.8 7.1 12.8 0.0  0.0 2.9         5.4  8.5 2.1 2.2 2.6     2.3 17.2 .557       .557 .547 .560 .557   F    SO
46          Donald Ross  17.1 27 1993-94   George Mason 27 20 24.0 5.7 15.4 2.1  5.1 3.7 10.3 2.0         2.8  2.5 1.3 1.7 0.1 1.9 2.1 17.1 .372 .403  .356 .711 .511 .490   G    JR
47        Willie Taylor  17.1 31 2001-02            VCU 31 31 32.1 5.0 12.0 2.8  5.8 2.2  6.2 4.9 5.8 0.9 3.7  4.5 1.6 0.6 0.5 1.6 2.7 17.1 .417 .483  .354 .850 .580 .508   F    JR
48         Robert Dykes  17.1 31 1989-90   George Mason 31 31 33.6 5.5  8.8 5.5  8.8 0.0  0.0 6.2 8.0 3.8 4.7  8.5 0.8 1.1 0.9 2.1 3.9 17.1 .619 .621  .000 .771 .677 .619   F    JR
49     Charles Stephens  17.0 27 1998-99       Richmond 27 26 34.7 6.7 12.9 6.5 12.3 0.1  0.6 3.5         5.1  8.3 1.1 1.0 1.0     2.3 17.0 .519 .530  .267 .683 .556 .524   F    FR
50        Keith Jackson  16.9 29 1992-93   Old Dominion         29 5.8 13.0 3.3  7.1 2.5  5.9 2.9         4.0  3.8 1.3 1.1         0.3 16.9 .442 .461  .419 .718 .565 .537   G    SR
51         Mike Hargett  16.9 30 1990-91   George Mason         30 5.7 14.5 3.3  8.6 2.4  5.9 3.1         4.1  3.4 2.7 1.3         0.1 16.9 .392 .382  .407 .748 .512 .475   G    JR
52         Donald Grant  16.9 29 1991-92       American 29 29 39.1 4.7 11.7 2.5  6.3 2.1  5.4 5.4 6.3 0.7 2.7  3.4 4.4 1.0 0.1 2.9 2.4 16.9 .398 .401  .395 .853 .573 .490   G    SR
53        Petey Sessoms  16.9 29 1992-93   Old Dominion         29 5.0 11.5 2.6  6.0 2.4  5.5 4.5         5.5  5.9 1.2 0.7         0.6 16.9 .434 .437  .431 .818 .597 .537   F    SO
54       Thomas Roberts  16.8 27 1990-91  William  Mary         27 6.4 13.0 6.1 11.7 0.3  1.4 3.8         6.0  5.7 1.9 0.7         1.1 16.8 .489 .524  .189 .640 .530 .499   F    SO
55        Kenwan Alford  16.8 27 1995-96   George Mason 27 27 33.0 7.1 12.0 7.1 12.0 0.0  0.0 2.6         5.1  9.7 1.4 1.6 0.6 2.2 3.7 16.8 .591       .591 .518 .584 .591   F    SR
56           Anton Gill  16.8 29 1994-95  East Carolina 29 28 30.8 6.5 12.4 6.0 11.3 0.5  1.1 3.3         4.8  7.1 0.6 0.7 0.2 2.7 2.2 16.8 .524 .527  .484 .688 .572 .545   F    SR
57      Raphael Edwards  16.7 27 1997-98  East Carolina    27 31.3 6.3 14.1 5.9 13.0 0.3  1.1 3.9         5.5  8.2 1.5 0.9 0.3     2.9 16.7 .445 .456  .310 .705 .501 .457   F    SR
58        Ricardo Marsh  16.7 27 2002-03   Old Dominion 27 26 29.2 6.2 13.1 6.0 12.1 0.2  1.0 4.1 5.6 2.9 5.5  8.4 1.4 1.0 0.7 2.1 2.4 16.7 .472 .495  .185 .740 .529 .479   F    SR
59        Alex Loughton  16.6 29 2003-04   Old Dominion 29 28 29.6 5.7 11.7 5.3 10.5 0.4  1.1 4.9 6.1 2.5 6.2  8.7 2.2 1.7 0.6 2.5 3.2 16.6 .488 .505  .333 .792 .570 .504   C    SO
60         Lester Lyons  16.5 26 1993-94  East Carolina 26 25 32.1 5.5 13.4 3.0  6.5 2.5  7.0 2.9         3.5  4.1 3.4 2.0 0.4 2.3 2.9 16.5 .413 .464  .365 .826 .547 .507   G    SR
61           Mike Jones  16.5 33 1994-95   Old Dominion 33 32 33.0 5.5 12.9 3.1  7.2 2.4  5.7 3.0         3.9  3.8 2.1 1.8 0.3 3.2 3.3 16.5 .430 .433  .426 .773 .560 .523   G    SR
62             Bo Jones  16.5 28 1999-00            VCU 28 28 28.9 5.8 14.2 4.0  8.4 1.7  5.8 3.3 3.9 1.2 2.5  3.7 1.8 1.4 0.1 2.2 2.1 16.5 .406 .483  .294 .844 .515 .466   G    JR
63          Kent Culuko  16.5 30 1993-94  James Madison 30 28 32.8 4.6 10.3 1.2  2.9 3.4  7.5 3.9         4.2  3.6 1.2 0.7 0.0 1.6 2.1 16.5 .445 .430  .451 .921 .667 .608   G    JR
64       Craig Callahan  16.4 31 2002-03 UNC Wilmington 31 31 28.7 6.3 14.1 5.2 10.7 1.1  3.4 2.8 4.2 2.0 5.0  6.9 1.1 1.1 0.3 1.6 2.7 16.4 .447 .489  .314 .662 .511 .485   F    SR
65       Chatney Howard  16.3 29 1996-97  James Madison 29 29 34.0 5.8 12.9 4.0  7.9 1.8  5.0 3.0         4.9  4.8 2.2 1.2 0.1 3.1 3.1 16.3 .448 .511  .349 .610 .535 .516   F    JR
66         Nathan Smith  16.3 26 1997-98       American 26 23 33.8 5.1 12.0 1.9  3.8 3.2  8.2 2.8         3.3  2.3 1.0 1.0 0.1 2.1 2.2 16.3 .428 .500  .394 .860 .603 .563   G    SR
67      Bernard Hopkins  16.3 33 1995-96            VCU 33 33 29.2 6.8 12.1 6.7 11.9 0.1  0.2 2.7         4.3 10.1 2.2 1.0 0.5 2.8 2.8 16.3 .560 .563  .333 .620 .575 .563   F    SR
68        Domonic Jones  16.3 31 2003-04            VCU 31 31 33.6 6.2 13.4 4.7 10.1 1.4  3.3 2.5 3.8 1.3 3.2  4.4 2.5 1.1 0.4 2.7 1.9 16.3 .460 .471  .427 .669 .536 .513   G    SR
69         Stan Simmons  16.3 26 1998-99 UNC Wilmington 26 24 33.6 6.0 14.6 3.0  6.7 3.0  7.9 1.3         1.8  4.9 2.0 1.3         0.5 16.3 .412 .451  .379 .702 .527 .515   G    SR
70       Michael Hodges  16.2 28 1993-94       Richmond 28 25 30.9 5.4 10.6 4.9  9.6 0.5  1.0 5.0         6.7  7.5 2.2 0.8 0.0 2.3 2.2 16.2 .503 .504  .500 .743 .586 .527   F    SR
71        Kenny Adeleke  16.1 29 2002-03        Hofstra 29 28 32.6 6.7 13.4 6.7 13.3 0.0  0.1 2.8 5.1 4.6 6.5 11.0 1.0 0.7 0.7 4.3 3.0 16.1 .495 .499  .000 .554 .508 .495   F    SO
72         Curtis Blair  16.1 32 1990-91       Richmond    32 36.0 6.0 13.4 5.0 10.4 1.0  3.0 3.0         4.1  4.1 3.2 1.4 0.3 2.3 2.0 16.1 .450 .480  .344 .740 .525 .488   G    JR
73        Domonic Jones  16.1 32 2001-02            VCU 32 32 34.8 6.2 13.5 5.3 11.1 0.9  2.4 2.8 3.9 1.3 3.4  4.7 3.9 1.7 0.8 3.3 1.6 16.1 .462 .482  .368 .726 .527 .494   G    SO
74           Ron Draper  16.1 29 1989-90       American         29 5.6 12.8 5.2 11.9 0.4  0.9 4.4         6.9 12.2 2.0 1.2         0.5 16.1 .439 .438  .462 .642 .501 .456   F    SR
75             Joe Bunn  16.1 30 1995-96   Old Dominion    30 26.5 5.3  9.6 5.3  9.5 0.0  0.1 5.6         7.3  7.6 1.2 0.5         0.1 16.1 .549 .552  .000 .763 .616 .549   F    SO
76             Tim Fudd  16.1 22 1995-96       American 22 22 33.5 5.4 13.7 4.4 10.5 1.0  3.2 4.4         5.9  6.4 0.8 1.3 1.1 2.8 2.6 16.1 .392 .420  .300 .752 .489 .427   F    SR
77          Patrick Lee  16.1 27 1996-97            VCU 27 26 31.0 5.4 11.6 3.1  6.8 2.3  4.8 2.9         3.6  5.3 3.3 1.6 0.7 2.3 2.4 16.1 .470 .464  .477 .796 .604 .569   G    SR
78       Patrick Doctor  16.1 16 2000-01       American 16 16 33.7 6.6 14.2 6.3 13.0 0.3  1.2 2.5 4.1 2.4 4.9  7.3 1.4 0.8 0.9 3.9 2.5 16.1 .467 .486  .263 .615 .498 .478   G    JR
79         Erik Herring  16.0 30 2000-01   George Mason 30 30 32.9 5.4 12.5 3.2  6.9 2.3  5.6 2.9 4.0 1.0 2.7  3.7 2.4 1.3 0.6 2.9 3.0 16.0 .434 .459  .402 .717 .554 .524   G    SR
80        Petey Sessoms  16.0 31 1993-94   Old Dominion 31 31 29.5 5.0 11.9 2.1  5.0 2.9  6.9 3.0         3.6  5.6 1.6 1.0     0.5 2.5 16.0 .423 .429  .419 .823 .586 .545   F    JR
81        William Davis  16.0 30 1992-93  James Madison 30 11 25.0 5.8 10.5 5.3  9.4 0.5  1.1 3.8         4.9  3.4 1.0 1.2 0.1 1.9 1.9 16.0 .556 .562  .500 .774 .623 .581   G    SR
82           Kenny Wood  15.9 27 1992-93       Richmond 27 27 35.0 6.3 13.0 5.6 11.1 0.7  1.9 2.7         3.6  6.2 2.0 1.4 0.1 2.4 2.2 15.9 .483 .505  .353 .750 .541 .509   F    SR
83        Jason Miskiri  15.9 21 1997-98   George Mason    21 35.9 5.5 14.2 4.0  8.7 1.5  5.5 3.5         5.0  4.4 4.4 1.9 0.3     4.0 15.9 .386 .459  .270 .702 .481 .438   G    JR
84        Jason Miskiri  15.8 29 1998-99   George Mason 29 28 34.3 5.4 13.6 3.7  8.1 1.8  5.5 3.2         5.2  4.3 3.9 2.0 0.2     3.3 15.8 .399 .453  .321 .612 .492 .464   G    SR
85           Kurt Small  15.7 27 1992-93  William  Mary 27 13 28.6 4.7 10.5 3.8  8.3 0.9  2.2 5.6         7.7  4.6 2.3 1.4     0.1 2.6 15.7 .444 .458  .390 .721 .555 .484   G    SO
86           Kurt Small  15.7 27 1993-94  William  Mary 27 20 28.0 5.2 12.4 4.1  9.4 1.0  3.0 4.3         5.6  4.1 2.1 1.2     0.4 2.2 15.7 .418 .443  .341 .762 .520 .460   G    JR
87         Stan Simmons  15.7 30 1997-98 UNC Wilmington 30 29 30.5 5.5 12.1 3.5  7.0 2.0  5.1 2.6         3.6  4.9 1.7 1.4     0.6 2.3 15.7 .457 .500  .399 .713 .567 .541   G    JR
88        Bryan Edwards  15.7 32 1991-92  James Madison 32 22 33.2 5.0 11.3 2.9  5.9 2.1  5.3 3.6         4.4  3.4 3.8 1.6 0.1 3.4 2.7 15.7 .444 .492  .392 .809 .587 .538   G    JR
89         Lester Lyons  15.6 28 1991-92  East Carolina         28 5.5 13.1 3.4  7.4 2.1  5.7 2.6         3.4  3.1 2.7 1.5         0.6 15.6 .420 .462  .365 .750 .531 .499   G    SO
90       Brett Blizzard  15.6 31 1999-00 UNC Wilmington 31 31 34.6 5.0 11.2 2.0  4.7 3.0  6.5 2.5 3.3 0.4 3.2  3.5 2.5 2.0 0.1 1.8 1.7 15.6 .451 .428  .468 .755 .612 .587   G    FR
91           Mark Davis  15.5 28 2002-03   George Mason 28 28 32.1 5.4 14.0 3.6  8.1 1.8  5.8 2.9 4.8 1.0 2.9  3.9 1.3 1.9 0.3 3.3 2.7 15.5 .386 .443  .307 .612 .477 .450   F    JR
92       Thomas Roberts  15.5 29 1991-92  William  Mary 29 27 33.6 5.5 12.5 4.6  9.7 1.0  2.8 3.5         4.7  6.3 2.3 0.7 1.1 2.6 2.4 15.5 .441 .470  .341 .748 .526 .479   F    JR
93       Patrick Doctor  15.4 29 1999-00       American 29 29 31.4 6.3 14.7 6.3 14.6 0.0  0.0 2.9 4.3 2.8 4.2  7.0 1.1 1.4 1.0 2.9 3.0 15.4 .428 .429  .000 .672 .462 .428   G    SO
94         Lester Lyons  15.4 30 1992-93  East Carolina 30 26 29.6 5.4 12.3 3.5  7.2 1.8  5.1 2.9         3.6  2.7 2.6 2.3 0.6 2.8 3.0 15.4 .436 .493  .357 .804 .551 .511   G    JR
95       Dwayne Broyles  15.4 28 2003-04  James Madison 28 28 32.1 5.1 12.4 3.2  6.1 1.9  6.3 3.3 4.2 1.8 3.7  5.5 2.2 1.9 0.3 2.8 2.6 15.4 .413 .526  .303 .795 .538 .490   F    SR
96     Thomas Treadwell  15.4 27 1996-97       American 27 27 34.6 5.6 14.7 4.0  9.4 1.6  5.3 2.7         4.4  5.7 1.4 1.4 1.3 3.0 3.4 15.4 .378 .424  .296 .627 .459 .431   F    SR
97          Kent Culuko  15.4 28 1994-95  James Madison 28 27 31.9 4.5 11.5 1.9  4.5 2.6  7.1 3.8         4.7  4.2 1.8 0.4 0.0 2.1 2.5 15.4 .390 .416  .374 .795 .559 .505   G    SR
98       Darry Franklin  15.4 27 1995-96       American 27 27 35.1 5.0 12.6 3.7  8.1 1.2  4.6 4.2         5.3  3.3 4.5 1.7 0.1 3.1 2.8 15.4 .393 .463  .268 .792 .507 .441   G    SR
99         Mike Hargett  15.3 32 1989-90   George Mason 32 32 33.6 5.6 13.1 3.5  7.5 2.1  5.6 2.1 2.5 0.9 1.7  2.6 3.3 1.7 0.1 3.2 3.0 15.3 .427 .465  .376 .825 .537 .507   G    SO
100           Mark Poag  15.3 28 1997-98   Old Dominion    28 28.0 5.1 10.6 1.9  3.8 3.2  6.8 1.9         2.3  3.8 1.1 0.5         0.2 15.3 .481 .495  .474 .828 .655 .633   F    JR
101       Ricardo Marsh  15.3 29 2001-02   Old Dominion 29 28 33.0 5.7 11.4 5.5 10.5 0.2  0.9 3.6 5.0 2.7 4.5  7.2 1.7 1.0 0.7 1.6 2.2 15.3 .503 .523  .269 .719 .556 .514   F    JR
102           Mike Ames  15.3 28 2003-04       Delaware 28 28 31.5 5.0 11.4 2.8  5.7 2.3  5.6 3.0 3.6 0.6 2.3  2.8 1.9 1.4 0.0 1.7 1.5 15.3 .440 .481  .399 .832 .583 .539   G    SR
103    Chuckie Robinson  15.2 29 1994-95  East Carolina 29 29 29.4 6.2 10.1 6.2  9.9 0.1  0.2 2.7         4.4  7.3 1.7 0.8 0.2 2.5 2.9 15.2 .618 .622  .400 .614 .625 .621   C    SR
104         Carl Parker  15.2 26 1995-96  William  Mary 26 26 30.8 6.3 10.5 6.3 10.5 0.0  0.1 2.6         5.1  6.8 1.8 0.7 1.2 2.6 2.9 15.2 .599 .603  .000 .511 .587 .599   F    SR
105      Curtis McCants  15.2 27 1994-95   George Mason 27 21 29.1 5.0 11.5 3.9  8.3 1.1  3.2 4.0         5.0  3.2 9.3 1.0 0.0 4.9 2.6 15.2 .435 .464  .360 .801 .547 .485   G    SO
106       David Fanning  15.1 30 2002-03  James Madison 30 30 32.9 4.8 12.4 2.7  6.3 2.1  6.1 3.3 4.2 0.7 1.8  2.5 2.6 0.8 0.1 2.2 2.2 15.1 .389 .429  .348 .787 .524 .475   G    SR
107       Robert Battle  15.1 31 2002-03         Drexel 31 31 30.3 5.1  9.6 5.1  9.6 0.0  0.0 4.9 7.1 2.9 5.3  8.2 0.9 0.8 3.7 1.9 3.1 15.1 .529       .529 .699 .582 .529   C    SR
108     Gabriel Mikulas  15.0 28 2000-01  East Carolina 28 27 30.9 4.9  8.3 4.9  8.3 0.0  0.0 5.1 6.5 1.8 3.9  5.7 1.9 0.6 0.7 3.3 3.1 15.0 .595 .597  .000 .796 .660 .595   F    FR
109        Jabari Outtz  15.0 27 1998-99  James Madison 27 25 30.5 4.6 11.6 2.9  6.6 1.7  5.0 4.0         5.3  3.9 4.0 1.4 0.0     3.3 15.0 .399 .441  .343 .755 .530 .473   G    JR
110      Rasheed Wright  14.9 27 2002-03   Old Dominion 27 26 31.6 4.6 11.0 2.6  5.7 2.1  5.3 3.6 4.6 1.6 3.9  5.4 1.5 1.9 0.3 1.4 2.6 14.9 .419 .448  .389 .782 .565 .513   F    SR
111         Carl Parker  14.9 27 1994-95  William  Mary 27 27 33.1 6.1 11.3 6.1 11.3 0.0  0.0 2.6         4.8  7.2 1.0 0.7 1.1 3.1 3.3 14.9 .544       .544 .543 .549 .544   F    JR
112        Craig Sedmak  14.8 28 1992-93       American         28 4.9 11.9 3.9  8.7 1.0  3.2 4.1         5.5  7.6 1.5 0.5         0.6 14.8 .413 .453  .303 .735 .512 .453   F    SR
113            Tim Shaw  14.8 28 1992-93 UNC Wilmington 28 28 31.1 5.8 11.8 5.8 11.6 0.0  0.2 3.3         4.5  6.8 2.3 1.6     1.0 2.9 14.8 .489 .498  .000 .717 .530 .489   F    SR
114            Bo Jones  14.8 29 2000-01            VCU 29 29 27.3 4.7 10.9 2.6  5.5 2.1  5.4 3.2 3.9 0.5 2.6  3.1 1.9 1.0 0.1 1.6 1.7 14.8 .432 .469  .395 .830 .579 .530   G    SR
115      Chatney Howard  14.8 27 1998-99  James Madison 27 26 33.0 5.0 12.7 3.2  7.4 1.8  5.3 3.1         4.1  3.9 1.9 1.0 0.3     2.3 14.8 .390 .428  .336 .748 .503 .459   F    SR
116      Cal Bowdler II  14.7 34 1998-99   Old Dominion 34 34 30.0 5.3 10.7 5.0  9.7 0.3  1.0 3.9         5.4 10.0 1.3 0.5 2.9     2.2 14.7 .492 .517  .257 .731 .555 .504   F    SR
117         Odell Hodge  14.7 29 1992-93   Old Dominion    29 29.9 6.0 10.7 6.0 10.7 0.0  0.0 2.8         3.6  9.1 0.7 0.9 2.5     2.0 14.7 .560       .560 .762 .594 .560   F    FR
118         Jesse Young  14.6 29 2001-02   George Mason 29 29 31.6 5.1 10.6 5.0 10.3 0.1  0.2 4.3 6.0 2.9 5.5  8.4 1.4 1.0 1.0 2.7 2.3 14.6 .484 .483  .500 .714 .545 .489   F    JR
119          Mike Jones  14.6 31 1993-94   Old Dominion 31 18 26.0 5.0 12.1 2.8  6.6 2.2  5.5 2.5         3.2  5.1 1.7 0.8 0.1 1.5 3.1 14.6 .410 .417  .400 .786 .536 .500   G    JR
120   Bobby Fitzgibbons  14.6 28 1996-97  William  Mary 28 27 30.3 5.6 13.5 3.4  7.9 2.2  5.6 1.2         2.0  6.5 1.0 1.1 0.6 2.6 2.9 14.6 .416 .432  .395 .600 .507 .499   F    SR
121         Scott Smith  14.6 28 1989-90  William  Mary         28 5.8 10.8 5.8 10.7 0.0  0.1 3.0         4.1  5.6 1.4 0.5         0.3 14.6 .540 .543  .000 .716 .573 .540   C    SO
122      Curtis McCants  14.6 27 1993-94   George Mason 27 11 22.1 5.3 11.2 4.5  9.3 0.8  2.0 3.2         4.3  2.0 4.6 1.3 0.1 3.6 2.0 14.6 .472 .488  .396 .757 .551 .507   G    FR
123       Chris Meighen  14.5 28 1993-94 UNC Wilmington 28 28 33.2 5.1 11.9 3.1  6.6 2.0  5.3 2.3         3.1  2.9 2.7 0.9 0.1 1.7 1.9 14.5 .432 .473  .381 .733 .544 .517   G    JR
124     Darren McLinton  14.5 28 1994-95  James Madison 28 28 35.1 4.5  9.8 2.3  4.6 2.2  5.2 3.3         3.8  3.0 3.4 1.3 0.0 2.4 2.1 14.5 .464 .504  .428 .850 .626 .577   G    JR
125       Robert Battle  14.5 28 2001-02         Drexel 28 28 32.2 5.0  9.2 5.0  9.2 0.0  0.0 4.5 6.4 3.9 5.0  9.0 1.1 0.7 3.3 1.6 3.0 14.5 .543       .543 .706 .592 .543   C    JR
126          Anton Gill  14.5 27 1993-94  East Carolina 27 26 27.8 6.0 10.1 5.9  9.7 0.0  0.4 2.6         3.7  6.2 0.8 0.7 0.4 1.8 2.3 14.5 .590 .613  .083 .690 .612 .592   F    JR
127           Jai Lewis  14.5 33 2003-04   George Mason 33 29 27.6 5.7  9.5 5.7  9.3 0.0  0.2 3.1 4.8 3.3 4.2  7.5 1.2 1.1 0.9 2.1 3.0 14.5 .597 .607  .000 .652 .615 .597   F    SO
128         Sean Brooks  14.4 29 2003-04         Drexel 29 29 24.3 5.3  8.9 5.3  8.9 0.0  0.0 3.8 6.6 2.3 3.6  5.9 1.8 0.6 0.9 2.7 3.6 14.4 .597       .597 .568 .597 .597   F    JR
129          Kenny Wood  14.3 32 1990-91       Richmond    32 31.8 5.8 10.8 5.8 10.5 0.1  0.3 2.6         3.3  7.0 1.3 0.9         0.3 14.3 .539 .549  .200 .792 .579 .542   F    SO
130            Bo Jones  14.3 31 1998-99            VCU 31 16 27.7 4.8 12.6 2.5  6.2 2.3  6.4 2.3         2.9  2.6 2.0 0.9 0.0     2.1 14.3 .384 .406  .362 .780 .510 .476   G    SO
131        Charles Lott  14.3 30 1995-96  James Madison 30 25 31.2 6.2 12.2 6.0 11.1 0.3  1.1 1.5         2.9  5.7 0.5 0.2 0.6 2.1 2.2 14.3 .512 .538  .250 .523 .526 .523   F    JR
132       Brock Wortman  14.3 19 1989-90       American         19 4.4  9.3 2.1  4.5 2.3  4.8 3.1         3.6  2.7 3.5 0.8         0.1 14.3 .477 .471  .484 .855 .649 .602   G    JR
133      Wendell Gibson  14.3 19 2003-04        Hofstra 19 19 30.4 5.4  8.8 5.4  8.8 0.0  0.0 3.5 4.6 2.7 3.5  6.2 1.0 0.5 0.8 2.8 3.2 14.3 .607       .607 .770 .647 .607   F    JR
134         Odell Hodge  14.3 31 1995-96   Old Dominion    31 27.5 5.9 10.4 5.9 10.2 0.0  0.1 2.5         4.0  7.5 0.8 1.0 1.6     1.9 14.3 .567 .574  .000 .634 .582 .567   F    JR
135     Eugene Atkinson  14.2 27 1997-98  James Madison 27 26 32.3 4.7 11.1 3.3  7.4 1.4  3.7 3.4         4.5  7.0 1.7 1.0 0.1 2.3 2.1 14.2 .425 .452  .370 .769 .539 .487   F    JR
136          Louis Rowe  14.2 30 1993-94  James Madison 30 30 31.2 5.6 11.0 5.2  9.4 0.4  1.6 2.6         3.7  5.0 2.9 0.9 1.3 2.7 3.5 14.2 .509 .552  .265 .688 .556 .529   F    JR
137       Chris Meighen  14.1 27 1994-95 UNC Wilmington 27 27 31.1 4.4 10.2 2.1  4.0 2.3  6.2 3.0         4.0  3.8 2.0 0.6 0.0 1.9 1.7 14.1 .431 .528  .369 .766 .584 .543   G    SR
138         Kass Weaver  14.1 28 1993-94       Richmond 28 18 30.5 5.8 10.9 5.1  8.9 0.7  2.0 1.9         2.4  4.7 1.5 0.6 0.1 1.5 1.6 14.1 .533 .574  .345 .779 .589 .564   G    JR
139       Tim Whitworth  14.1 28 2003-04         Drexel 28 28 27.6 5.2  9.9 3.0  5.7 2.2  4.3 1.5 1.9 1.1 2.8  3.9 0.9 0.8 0.0 0.8 1.3 14.1 .525 .535  .513 .811 .653 .635   G    SR
140      Rasheed Wright  14.1 29 2001-02   Old Dominion 29 29 32.3 4.4 11.2 2.5  5.8 1.9  5.4 3.5 4.3 1.9 3.6  5.4 1.6 1.3 0.5 1.7 2.9 14.1 .392 .431  .350 .815 .535 .477   F    JR
141           Jim Moran  14.1 27 1999-00  William  Mary 27 27 35.4 5.2 11.2 3.4  6.5 1.7  4.7 2.0 2.8 1.4 3.3  4.7 2.4 1.4 0.9 2.3 2.4 14.1 .462 .531  .367 .720 .563 .540   F    JR
142       Tim Whitworth  14.1 28 2001-02         Drexel 28 28 32.4 5.3 12.4 3.5  6.9 1.9  5.5 1.6 1.9 1.5 2.9  4.4 1.5 0.9 0.1 1.2 1.8 14.1 .429 .505  .335 .846 .530 .504   G    SO
143       Brock Wortman  14.0 29 1990-91       American 29 29 34.4 4.6 10.7 2.3  5.4 2.3  5.2 2.5 2.8 0.3 1.4  1.8 4.2 1.4 0.0 2.8 1.9 14.0 .434 .430  .437 .900 .585 .540   G    SR
144       Eddie Reddick  14.0 29 1990-91           Navy 29 29 28.4 4.9 11.2 4.8 10.9 0.1  0.2 4.1 6.5 3.4 5.0  8.5 1.2 1.0 0.4 2.1 3.5 14.0 .438 .438  .429 .630 .491 .443   F    SR
145           Mike Ames  14.0 29 2002-03       Delaware 29 29 30.3 4.7 12.3 2.2  5.1 2.5  7.2 2.0 2.3 0.4 2.9  3.3 0.9 0.8 0.1 1.4 1.5 14.0 .385 .435  .349 .894 .524 .487   G    JR
146   Terrence Jennings  14.0 27 1997-98  William  Mary    27 33.8 4.8  9.6 3.0  5.0 1.7  4.6 2.7         4.0  2.9 1.9 0.7         0.1 14.0 .496 .603  .379 .676 .607 .587   G    SR
147      Thomas Roberts  14.0 28 1989-90  William  Mary         28 5.1 11.5 4.4  9.3 0.7  2.2 3.1         4.6  4.6 1.1 0.6         0.7 14.0 .445 .477  .311 .674 .513 .475   F    FR
148         Jamar Perry  14.0 27 1997-98  James Madison 27 22 32.4 4.3 11.4 2.6  6.9 1.7  4.6 3.6         4.4  2.7 2.6 1.1 0.3 2.7 1.6 14.0 .379 .376  .382 .800 .515 .455   F    SO
149       Corey Stewart  13.9 27 1993-94 UNC Wilmington 27 27 29.6 5.0 10.5 3.2  6.4 1.8  4.1 2.1         2.9  5.9 2.0 0.4 0.6 3.0 2.3 13.9 .475 .494  .445 .731 .586 .562   F    JR
150      Brett Blizzard  13.8 30 2000-01 UNC Wilmington 30 30 35.7 4.6 12.1 2.0  5.5 2.6  6.6 2.0 2.6 0.7 3.3  4.0 2.5 1.6 0.2 1.8 1.4 13.8 .379 .361  .394 .772 .517 .486   G    SO
151       Evaldas Jocys  13.8 18 1998-99  East Carolina    18 30.1 4.7 11.3 2.6  6.4 2.1  4.8 2.4 3.1 1.6 4.6  6.2 2.1 0.7 0.5 3.1 2.1 13.8 .414 .405  .425 .800 .543 .505   F    JR
152       Bryan Edwards  13.8 30 1992-93  James Madison 30 30 29.7 4.4  9.6 2.3  4.3 2.1  5.3 2.8         3.7  2.9 3.0 1.2 0.1 2.6 2.5 13.8 .463 .535  .405 .764 .610 .575   G    SR
153        Craig Sedmak  13.7 29 1990-91       American 29 28 29.8 5.0 11.0 4.0  8.6 1.0  2.4 2.7 3.7 2.7 4.8  7.6 1.0 0.4 0.6 2.0 3.1 13.7 .455 .464  .420 .731 .537 .500   F    SO
154     Jarod Stevenson  13.7 24 1995-96       Richmond    24 30.6 5.1 10.2 4.1  7.9 1.0  2.3 2.6         3.1  5.2 1.8 0.8 0.5     3.1 13.7 .500 .521  .426 .827 .588 .547   F    SO
155      Darry Franklin  13.6 28 1994-95       American 28 28 35.4 4.0 10.7 2.6  6.6 1.4  4.1 4.3         5.4  4.3 5.2 1.5 0.0 2.9 2.8 13.6 .370 .387  .342 .796 .513 .435   G    JR
156           Jim Moran  13.6 28 2000-01  William  Mary 28 27 34.8 4.8 10.3 3.7  7.0 1.1  3.3 2.9 4.4 2.1 3.3  5.4 2.4 1.0 0.9 2.9 3.3 13.6 .467 .528  .337 .659 .550 .521   F    SR
157        Rick Edwards  13.6 28 1996-97       Richmond 28 28 34.8 5.2  9.7 5.2  9.7 0.0  0.0 3.3         5.1  7.1 0.6 0.5 0.4 1.7 2.9 13.6 .535       .535 .648 .564 .535   C    SR
158       Kenny Adeleke  13.6 29 2003-04        Hofstra 29 27 29.1 4.9 10.6 4.9 10.0 0.1  0.6 3.7 5.7 4.2 5.0  9.2 1.0 1.3 1.0 3.2 3.0 13.6 .464 .485  .118 .648 .511 .468   F    JR
159      Eric Schmieder  13.6 31 2002-03         Drexel 31 30 35.7 4.5  9.8 3.0  6.3 1.5  3.5 3.1 4.5 1.3 3.1  4.4 4.4 1.8 0.2 2.8 2.6 13.6 .461 .474  .435 .683 .570 .538   G    SR
160         Kent Culuko  13.6 32 1991-92  James Madison 32 27 30.5 4.3  9.6 1.8  3.8 2.5  5.8 2.5         3.4  2.0 1.6 0.6 0.0 1.6 2.2 13.6 .450 .475  .432 .725 .606 .580   G    FR
161        Daryl Holmes  13.6 29 1989-90       American         29 5.2 10.8 5.1 10.6 0.1  0.2 3.0         4.2  7.9 1.2 0.7         0.3 13.6 .482 .480  .571 .721 .531 .489   F    SR
162           Phil Goss  13.6 28 2003-04         Drexel 28 25 32.4 4.5 11.0 1.3  2.9 3.2  8.1 1.4 1.6 0.3 3.0  3.3 2.4 1.7 0.2 1.8 2.7 13.6 .406 .432  .396 .870 .576 .552   G    JR
163        Erik Herring  13.6 27 1999-00   George Mason 27 27 29.4 4.5  9.7 3.2  6.4 1.3  3.3 3.2 4.5 0.5 2.7  3.1 2.9 1.1 0.4 2.7 2.5 13.6 .466 .506  .389 .719 .573 .532   G    JR
164       Kenny Adeleke  13.5 32 2001-02        Hofstra 32 20 27.2 5.3 10.5 5.3 10.4 0.0  0.1 2.9 4.7 3.3 4.6  7.8 0.5 0.8 0.8 2.5 2.9 13.5 .503 .503  .500 .631 .532 .504   F    FR
165    Steve Richardson  13.5 19 1990-91  East Carolina 19  6 19.7 4.3 10.7 1.4  4.3 2.8  6.5 2.2         2.7  2.2 0.9 0.4 0.0 1.4 1.1 13.5 .397 .333  .439 .804 .563 .529   G    SO
166          Tim Basham  13.5 27 1995-96  East Carolina 27 25 31.5 4.3 10.8 1.9  4.6 2.3  6.1 2.6         3.2  5.1 2.0 1.1 0.1 2.3 2.5 13.5 .395 .416  .380 .816 .548 .503   F    JR
167        George Evans  13.4 27 1997-98   George Mason    27 33.0 5.4 10.3 5.4 10.3 0.0  0.0 2.5         4.2  8.1 1.5 1.5         1.5 13.4 .527       .527 .593 .543 .527   F    FR
168         Randy Bracy  13.3 18 1998-99  William  Mary    18 32.2 4.6 12.2 2.7  6.4 1.9  5.8 2.3         3.4  4.2 3.7 1.9         0.3 13.3 .373 .417  .324 .677 .481 .450   G    SR
169         Kinte Smith  13.3 27 1998-99       Richmond 27 26 33.4 4.9 10.4 3.4  6.6 1.5  3.8 2.0         2.5  6.6 3.1 1.0         0.6 13.3 .470 .517  .388 .806 .572 .541   F    SO
170         Matt Verkey  13.3 27 1993-94  William  Mary 27 24 29.4 4.3 10.2 2.0  4.1 2.3  6.1 2.3         2.9  2.2 2.0 1.2 0.1 2.3 3.1 13.3 .422 .477  .384 .797 .573 .536   G    SO
171           Jim Moran  13.2 27 1998-99  William  Mary    27 35.4 4.8  9.8 3.1  5.9 1.6  3.9 2.0         2.9  5.1 2.1 1.5     0.9 1.0 13.2 .487 .535  .415 .696 .590 .570   F    SO
172       Corey Cofield  13.2 28 2003-04  William  Mary 28 21 27.9 4.5  8.0 4.5  8.0 0.0  0.0 4.2 6.6 2.6 4.0  6.6 1.3 1.0 0.3 2.5 2.2 13.2 .563       .563 .634 .592 .563   F    FR
173     Raphael Edwards  13.2 27 1996-97  East Carolina 27  5 24.3 4.9  9.2 4.9  9.0 0.0  0.2 3.3         4.8  6.6 0.9 0.5 0.3 1.7 2.6 13.2 .534 .541  .200 .690 .574 .536   F    JR
174         Scott Smith  13.2 27 1990-91  William  Mary         27 5.5 11.2 5.5 11.2 0.0  0.0 2.1         3.7  4.6 1.7 0.6         0.1 13.2 .492 .493  .000 .580 .508 .492   C    JR
175        Craig Sedmak  13.2 28 1991-92       American 28 27 33.6 5.1 10.9 4.4  8.9 0.7  1.9 2.3 3.2 2.8 5.3  8.1 0.8 0.5 1.4 1.9 3.2 13.2 .470 .496  .352 .719 .533 .502   F    JR
176       Jon Larranaga  13.1 28 2002-03   George Mason 28 28 35.7 4.4 10.8 3.6  8.3 0.8  2.5 3.5 4.4 0.9 3.8  4.6 3.8 1.3 0.3 3.3 2.0 13.1 .409 .438  .314 .797 .509 .446   F    SR
177         Fred Primus  13.1 27 2000-01  East Carolina 27 21 26.8 4.2 11.4 1.2  3.3 3.0  8.1 1.8 2.7 0.9 2.5  3.4 1.6 1.0 0.2 1.8 2.0 13.1 .367 .367  .367 .658 .517 .497   G    JR
178      Craig Callahan  13.1 33 2001-02 UNC Wilmington 33 33 29.0 4.9 11.0 3.7  8.0 1.2  3.0 2.2 2.9 1.7 3.4  5.1 1.3 0.8 0.3 1.4 2.7 13.1 .444 .466  .384 .732 .527 .496   F    JR
179          Kenny Wood  13.0 30 1991-92       Richmond    30 34.2 5.1 11.0 4.9 10.3 0.2  0.7 2.7         3.9  7.0 2.0 1.2 0.2 2.1 2.5 13.0 .461 .474  .250 .698 .506 .468   F    JR
180         Randy Bracy  13.0 22 1996-97  William  Mary 22 15 31.2 4.0 11.7 2.2  6.1 1.8  5.6 3.2         4.9  3.6 2.7 1.7 0.5 2.4 2.3 13.0 .342 .366  .317 .664 .465 .418   G    SO
181        Reggie Veney  13.0 28 1992-93 UNC Wilmington 28 28 27.9 4.1  8.8 2.9  5.9 1.2  2.9 3.6         5.0  2.2 3.9 1.1 0.1 2.1 2.7 13.0 .467 .491  .420 .709 .582 .537   G    SR
182       Isaiah Hunter  13.0 29 2003-04   Old Dominion 29 29 31.5 4.4 10.7 2.8  6.1 1.6  4.6 2.6 3.1 0.7 2.4  3.1 2.5 1.0 0.1 2.4 1.2 13.0 .408 .458  .343 .844 .531 .482   G    SO
183   Brannon Lancaster  12.9 28 1990-91 UNC Wilmington 28 28 35.8 4.3 10.6 1.7  4.0 2.6  6.6 1.6         2.0  1.8 3.4 0.9 0.0 2.3 1.3 12.9 .409 .423  .400 .836 .562 .534   G    SR
184         Jamar Perry  12.9 27 1998-99  James Madison 27 25 31.4 4.4 10.4 2.4  5.0 2.0  5.4 2.2         2.7  3.8 1.4 0.8 0.3     1.6 12.9 .420 .478  .367 .808 .553 .516   F    JR
185          Mark Davis  12.9 31 2003-04   George Mason 31 25 24.8 4.6 10.4 3.6  7.3 1.0  3.1 2.7 4.4 0.9 2.7  3.6 1.3 1.7 0.4 2.5 2.0 12.9 .444 .493  .326 .610 .517 .492   F    SR
186        Loren Stokes  12.9 29 2003-04        Hofstra 29 21 29.2 4.9 10.8 4.6  9.6 0.4  1.2 2.7 4.7 1.3 3.0  4.4 2.8 1.3 0.2 3.0 2.7 12.9 .457 .473  .324 .562 .495 .474   G    FR
187         Erik Harris  12.9 27 1989-90           Navy         27 4.3  9.0 3.3  6.7 1.0  2.3 3.3         4.8  1.4 5.2 1.0         0.0 12.9 .475 .495  .419 .692 .569 .529   G    JR
188        Mario Mullen  12.9 33 1994-95   Old Dominion 33 33 32.0 4.9  9.1 4.3  7.7 0.6  1.4 2.5         3.4  5.7 2.0 1.4 0.7 2.3 2.7 12.9 .535 .559  .404 .743 .599 .566   F    JR
189         Steve Smith  12.9 32 1989-90   George Mason 32 32 33.2 4.5  9.8 3.8  7.5 0.7  2.3 3.1 3.8 0.7 2.9  3.6 4.2 1.1 0.9 2.4 2.4 12.9 .465 .513  .306 .813 .556 .500   G    SR
190      Andre McCullum  12.9 30 1999-00   Old Dominion 30 27 29.9 4.5  8.7 4.2  7.7 0.3  1.0 3.6 4.6 2.4 4.5  6.9 0.9 1.0 0.6 2.3 2.5 12.9 .513 .539  .310 .784 .590 .531   F    JR
191      Jonathan Baker  12.8 27 1998-99       Richmond 27 27 36.6 3.8 10.3 1.0  2.3 2.9  7.9 2.3         3.3  3.2 3.1 2.1 0.1     1.8 12.8 .372 .413  .360 .716 .543 .511   G    SR
192         Kyhl Horton  12.8 20 1993-94   George Mason 20 12 28.0 4.7 10.6 3.3  6.4 1.5  4.2 2.0         3.0  8.0 0.9 2.0 0.4 1.6 2.8 12.8 .443 .508  .345 .650 .532 .512   F    SO
193       Eddie Reddick  12.8 28 1989-90           Navy         28 4.7  9.6 4.7  9.6 0.0  0.0 3.4         5.5  8.2 1.6 1.3         0.8 12.8 .485 .487  .000 .621 .521 .485   F    JR
194      Jason Williams  12.7 27 1995-96   George Mason 27 14 27.3 4.1 11.2 1.1  3.3 3.0  7.9 1.6         2.1  3.0 0.4 0.5 0.1 1.2 1.3 12.7 .366 .344  .376 .737 .521 .498   G    FR
195          Kevin Ward  12.7 27 1994-95   George Mason 27 16 24.7 5.4 10.7 5.4 10.6 0.0  0.0 1.9         2.6  6.7 0.2 0.6 0.3 1.8 1.4 12.7 .507 .509  .000 .739 .535 .507   F    SO
196          Mike Byers  12.7 28 1997-98   Old Dominion    28 31.0 4.6 10.8 2.9  6.4 1.7  4.4 1.8         2.4  3.9 3.0 1.3         0.4 12.7 .426 .458  .379 .735 .529 .503   G    JR
197          Sam Sutton  12.7 29 2001-02         Towson 29 29 35.9 5.1 11.3 4.3  8.8 0.8  2.6 1.7 3.7 2.4 3.8  6.1 2.7 1.7 0.8 2.7 2.4 12.7 .451 .496  .297 .454 .484 .485   F    SR
198           Reed Lose  12.6 31 1989-90  East Carolina         31 4.3 10.1 3.2  7.1 1.1  3.0 2.9         3.9  3.2 2.2 1.1         0.1 12.6 .428 .452  .370 .744 .529 .482   F    SR
199      Darry Franklin  12.6 27 1993-94       American 27 27 36.4 4.3 10.4 2.4  5.9 1.9  4.5 2.1         2.9  3.3 3.4 1.9         0.1 12.6 .413 .403  .426 .731 .536 .505   G    SO
200        Harding Nana  12.6 16 2003-04       Delaware 16 11 26.3 4.4  9.8 3.9  8.5 0.6  1.3 3.2 4.4 2.8 5.8  8.5 0.9 0.8 0.8 2.2 2.3 12.6 .455 .456  .450 .729 .534 .484   F    SO
[/code]

Provided by [url=https://www.sports-reference.com/sharing.html?utm_source=direct&utm_medium=Share&utm_campaign=ShareTool]Stathead[/url]: [url=https://www.sports-reference.com/stathead/basketball/cbb/player-season-finder.cgi?utm_source=direct&utm_medium=Share&utm_campaign=ShareTool]Found with Stathead. See Full Results.[/url]
Generated 6/11/2026.