[code]                                                                                                                                                                                            
                                                                                                                                                                                        Per 
Rk                 Player PTS/G  G  Season                 Team  G GS   MP  FG  FGA  2P  2PA  3P  3PA  FT FTA ORB DRB  TRB AST STL BLK TOV  PF  PTS  FG%  2P%   3P%  FT%  TS% eFG% Pos Class
1             Steve Logan  22.0 35 2001-02           Cincinnati 35 35 34.1 7.0 15.4 4.6  8.8 2.5  6.6 5.5 6.3 0.3 2.8  3.1 5.3 0.9 0.0 2.5 1.8 22.0 .457 .519  .374 .873 .599 .537   G    SR
2             Dwyane Wade  21.5 33 2002-03            Marquette 33 33 32.1 7.6 15.2 7.2 13.8 0.4  1.3 5.9 7.5 1.8 4.5  6.3 4.4 2.2 1.3 3.2 2.3 21.5 .501 .519  .318 .779 .573 .515   G    JR
3           Danny Fortson  21.3 33 1996-97           Cincinnati 33 33 29.9 7.4 11.9 7.4 11.8 0.0  0.0 6.6         8.5  9.1 1.1 0.6 0.5 3.0 3.3 21.3 .620 .621  .000 .772 .669 .620   F    JR
4           Dajuan Wagner  21.2 36 2001-02              Memphis 36 35 31.8 7.4 18.0 5.5 12.2 1.8  5.8 4.6 6.4 0.5 2.0  2.5 3.6 1.2 0.6 2.9 2.8 21.2 .410 .453  .317 .722 .504 .461   G    FR
5         DeMarco Johnson  21.1 31 1997-98            Charlotte 31 31 35.6 7.7 15.3 7.1 13.7 0.6  1.6 5.1         6.6  9.0 1.4 1.4 0.6 2.3 2.7 21.1 .501 .518  .360 .779 .571 .520   F    SR
6            Reece Gaines  21.0 32 2001-02           Louisville 32 32 32.8 6.5 14.3 3.7  6.8 2.8  7.5 5.1 6.4 0.8 3.1  3.9 3.6 1.4 0.3 2.2 2.8 21.0 .456 .544  .378 .800 .606 .556   G    JR
7            Larry Hughes  20.9 32 1997-98          Saint Louis 32 32 32.4 7.0 16.9 5.7 12.3 1.3  4.5 5.6         8.1  5.1 2.4 2.2 0.4 3.8 2.4 20.9 .415 .461  .290 .692 .505 .454   G    FR
8              Omar Sneed  20.9 29 1997-98              Memphis    29 36.3 8.0 13.6 7.8 12.9 0.2  0.7 4.8         7.1  9.2 2.2 1.6 0.4 3.1 3.1 20.9 .585 .604  .238 .667 .613 .591   F    JR
9              Gee Gervin  20.6 27 1998-99              Houston    27 34.2 6.6 15.5 4.3  9.7 2.3  5.7 5.2 6.6 0.4 3.8  4.2 3.9 1.8 0.2 4.2 2.6 20.6 .423 .437  .400 .791 .554 .498   G    JR
10        Carlos Williams  20.2 30 1995-96                  UAB 30 30 36.3 7.4 17.5 5.8 12.5 1.6  5.0 3.7         5.3  8.4 1.7 1.0 0.9 2.6 2.4 20.2 .425 .465  .325 .709 .506 .471   F    JR
11          Danny Fortson  20.1 33 1995-96           Cincinnati 33 33 27.5 6.7 12.5 6.7 12.5 0.0  0.0 6.7         8.8  9.6 1.4 1.2 0.4 2.5 3.6 20.1 .538 .539  .000 .753 .602 .538   F    SO
12       Jerald Honeycutt  19.9 31 1996-97               Tulane 31 30 32.3 6.8 15.8 4.6  9.3 2.2  6.6 4.1         5.7  6.5 4.2 2.4 1.5 4.4 2.6 19.9 .432 .502  .333 .708 .537 .501   F    SR
13        Carlos Williams  19.7 32 1996-97                  UAB 32 32 35.7 7.2 17.6 6.4 15.1 0.8  2.5 4.5         6.8  9.9 1.7 1.3 0.8 2.9 2.3 19.7 .408 .427  .296 .665 .471 .429   F    SR
14          Junior Blount  19.5 31 2001-02                  TCU 31 28 33.2 6.5 15.2 3.9  7.5 2.7  7.7 3.7 4.3 0.3 1.7  2.0 4.2 2.0 0.1 2.5 2.6 19.5 .432 .517  .349 .864 .566 .520   G    JR
15          Chucky Atkins  19.3 28 1995-96        South Florida    28 38.0 6.3 14.5 3.3  6.6 2.9  7.9 3.9         5.0  3.0 4.0 1.3 0.3 3.3 1.9 19.3 .432 .503  .373 .773 .573 .533   G    SR
16         Altron Jackson  19.3 32 2001-02        South Florida 32 29 34.3 6.8 15.8 5.0 10.7 1.8  5.1 3.8 5.4 2.6 3.8  6.4 2.6 1.9 0.5 1.9 2.6 19.3 .433 .469  .356 .705 .525 .490   F    SR
17         Altron Jackson  18.9 31 2000-01        South Florida 31 13 30.6 7.5 15.4 6.4 12.1 1.0  3.3 3.0 4.5 1.7 3.2  4.9 1.9 1.4 0.2 1.4 2.2 18.9 .484 .532  .311 .674 .541 .518   F    JR
18     Quentin Richardson  18.9 31 1998-99               DePaul 31 29 33.5 6.5 13.7 5.1  9.6 1.4  4.1 4.4         5.9 10.5 1.0 0.8 0.3 2.0 2.2 18.9 .478 .534  .346 .743 .572 .529   F    FR
19             Elvin Mims  18.9 25 2001-02 Southern Mississippi 25 20 31.4 7.2 16.1 5.6 11.2 1.6  5.0 2.8 3.9 2.0 5.8  7.8 1.1 1.4 1.2 1.5 2.8 18.9 .447 .498  .331 .724 .525 .498   F    SR
20          Kenyon Martin  18.9 31 1999-00           Cincinnati 31 31 29.3 7.1 12.5 7.1 12.3 0.1  0.2 4.5 6.6 2.5 7.2  9.7 1.4 1.4 3.5 1.8 2.3 18.9 .568 .573  .286 .684 .601 .571   C    SR
21        DeMarco Johnson  18.8 31 1996-97            Charlotte 31 30 33.5 6.3 13.5 6.0 12.3 0.4  1.2 5.8         7.4  8.5 1.4 1.3 0.6 2.5 2.8 18.8 .470 .486  .306 .790 .555 .483   F    JR
22          Travis Diener  18.8 31 2003-04            Marquette 31 31 34.2 5.8 13.7 2.9  7.2 2.9  6.5 4.4 5.0 0.7 2.5  3.1 6.0 1.3 0.0 2.4 2.5 18.8 .422 .397  .450 .883 .587 .528   G    JR
23           Brian Wardle  18.8 29 2000-01            Marquette 29 29 35.3 6.0 14.9 3.8  9.1 2.2  5.9 4.4 5.3 1.5 2.2  3.7 2.0 0.6 0.1 2.3 2.7 18.8 .404 .418  .382 .838 .537 .479   G    SR
24           Rodney White  18.7 28 2000-01            Charlotte 28 26 30.9 6.7 13.8 5.5 10.4 1.2  3.4 4.1 5.7 1.8 4.7  6.5 1.5 1.2 0.7 2.9 2.6 18.7 .487 .533  .347 .713 .566 .530   F    FR
25           Jobey Thomas  18.5 30 2001-02            Charlotte 30 30 34.7 5.8 13.4 2.1  4.9 3.7  8.5 3.3 3.6 0.7 2.5  3.2 1.6 0.9 0.0 1.4 1.2 18.5 .433 .432  .433 .899 .613 .570   G    SR
26          Morris Finley  18.3 34 2002-03                  UAB 34 34 31.4 5.9 14.2 3.0  7.2 2.9  7.1 3.6 4.4 0.8 2.4  3.3 3.2 2.0 0.0 1.8 2.0 18.3 .415 .418  .413 .819 .561 .518   G    JR
27            Justin Love  18.2 33 1999-00          Saint Louis 33 32 31.2 5.8 13.2 3.6  8.1 2.2  5.1 4.6 5.6 1.5 3.4  4.9 2.5 1.5 0.2 2.9 2.5 18.2 .438 .446  .425 .821 .577 .520   G    SR
28         Altron Jackson  18.2 31 1999-00        South Florida 31 13 30.4 7.3 14.0 6.3 11.5 1.0  2.5 2.7 4.4 2.2 2.4  4.6 1.8 1.6 0.5 2.1 2.1 18.2 .517 .545  .390 .630 .566 .552   F    SO
29        DeMarco Johnson  18.1 29 1995-96            Charlotte 29 29 33.2 7.1 14.2 6.9 13.4 0.2  0.8 3.8         5.7  8.8 1.1 1.1 0.6 2.0 3.2 18.1 .499 .517  .208 .665 .536 .505   F    SO
30              Neil Reed  18.1 28 1998-99 Southern Mississippi    28 35.1 5.5 13.8 3.1  7.0 2.4  6.7 4.7         5.5  3.3 2.0 1.0         0.0 18.1 .400 .442  .356 .845 .552 .487   G    SR
31    Ledaryl Billingsley  18.0 30 2000-01               Tulane 30 28 32.4 6.5 13.2 6.1 11.9 0.4  1.3 4.6 7.8 2.9 6.2  9.2 1.4 1.2 0.3 2.7 3.7 18.0 .496 .517  .308 .583 .534 .511   F    SR
32             Gee Gervin  18.0 31 1999-00              Houston 31 31 29.1 6.0 14.0 4.2  9.0 1.8  5.0 4.3 5.3 0.9 2.7  3.6 3.1 1.4 0.1 2.9 2.8 18.0 .427 .466  .357 .811 .546 .491   G    SR
33       Jerald Honeycutt  18.0 32 1995-96               Tulane    32 34.3 6.7 16.6 5.3 11.8 1.4  4.8 3.2         5.0  7.2 3.8 1.7 1.4 3.7 2.3 18.0 .402 .447  .292 .640 .473 .445   F    JR
34           Reece Gaines  17.9 32 2002-03           Louisville 32 32 32.2 5.5 12.0 3.2  6.0 2.3  6.0 4.5 6.2 0.6 2.4  2.9 5.0 1.7 0.1 3.0 2.6 17.9 .462 .534  .391 .736 .602 .560   G    SR
35            Dwyane Wade  17.8 32 2001-02            Marquette 32 32 29.2 7.0 14.3 6.4 12.7 0.6  1.6 3.3 4.8 2.5 4.1  6.6 3.4 2.5 1.1 3.0 2.5 17.8 .487 .505  .346 .690 .537 .507   G    SO
36         Marques Maybin  17.7 31 2000-01           Louisville 31 29 30.5 5.6 14.0 3.5  8.5 2.1  5.5 4.5 5.8 1.3 1.8  3.0 1.9 0.9 0.3 2.6 2.7 17.7 .399 .409  .382 .777 .530 .474   G    SR
37           DeJuan Wheat  17.7 34 1995-96           Louisville    34 34.6 6.0 13.3 3.7  6.8 2.3  6.5 3.4         4.7  3.4 3.9 1.5 0.2 2.7 1.9 17.7 .451 .548  .351 .731 .571 .538   G    JR
38          Junior Blount  17.7 28 2002-03                  TCU 28 28 33.0 5.4 13.2 2.7  5.5 2.8  7.7 4.1 4.6 0.6 1.6  2.2 2.7 1.5 0.1 2.9 2.6 17.7 .411 .484  .358 .884 .574 .515   G    SR
39            Steve Logan  17.6 34 2000-01           Cincinnati 34 32 32.6 5.7 13.4 3.4  7.5 2.3  5.9 3.9 4.4 0.4 2.0  2.4 2.3 0.9 0.1 1.6 2.3 17.6 .423 .449  .391 .880 .566 .510   G    JR
40        Lorenzen Wright  17.4 30 1995-96              Memphis 30 30 35.3 6.9 12.7 6.9 12.7 0.0  0.0 3.6         5.6 10.4 1.2 1.3 2.0 1.9 2.6 17.4 .542 .543  .000 .645 .566 .542   C    SO
41             Sean Banks  17.4 30 2003-04              Memphis 30 30 34.4 5.4 12.4 3.3  6.9 2.1  5.4 4.6 6.3 2.2 4.3  6.5 1.1 0.7 0.9 2.4 2.1 17.4 .434 .476  .380 .725 .565 .518   F    FR
42           DeJuan Wheat  17.3 35 1996-97           Louisville 35 34 34.9 5.5 13.0 2.7  5.2 2.8  7.8 3.5         4.8  2.2 4.3 1.9 0.1 2.6 1.6 17.3 .425 .527  .357 .743 .569 .532   G    SR
43            B.B. Waldon  17.3 31 1999-00        South Florida 31 29 28.6 6.7 13.3 5.9 11.2 0.8  2.0 3.1 5.7 2.6 5.3  7.9 1.8 1.8 0.7 3.2 3.4 17.3 .506 .529  .381 .551 .543 .535   F    SO
44           Damien Smith  17.3 23 1995-96 Southern Mississippi    23 34.3 6.1 16.0 4.7 11.5 1.4  4.5 3.7         5.0  4.4 3.2 1.7         0.1 17.3 .381 .409  .311 .741 .471 .425   G    JR
45            B.B. Waldon  17.1 27 2000-01        South Florida 27 27 28.0 6.7 12.4 5.9 10.8 0.8  1.6 2.9 5.6 2.9 4.3  7.2 2.1 1.5 0.3 3.1 3.1 17.1 .543 .550  .500 .510 .569 .576   F    JR
46           Marque Perry  17.1 30 2002-03          Saint Louis 30 30 36.2 6.1 14.1 5.4 11.6 0.7  2.6 4.3 5.3 0.9 3.8  4.7 3.2 1.0 0.2 3.0 2.0 17.1 .432 .470  .260 .800 .514 .455   G    SR
47           James Harper  17.1 26 1996-97        South Florida 26 26 37.5 6.0 12.3 5.5 10.3 0.5  2.0 4.7         7.1  8.8 0.7 1.2 0.6 2.2 2.9 17.1 .484 .528  .255 .659 .546 .505   F    SR
48             David Wall  17.0 29 1999-00 Southern Mississippi 29 29 33.8 5.5 13.7 2.8  6.3 2.7  7.3 3.4 4.4 0.8 3.4  4.2 1.0 0.5 0.2 3.1 2.2 17.0 .401 .440  .366 .760 .539 .499   G    JR
49     Quentin Richardson  17.0 33 1999-00               DePaul 33 33 34.8 6.1 14.2 3.9  8.4 2.2  5.8 2.5 3.6 3.6 6.3  9.8 2.2 1.1 0.3 2.3 2.3 17.0 .432 .464  .384 .706 .535 .510   F    SO
50         Galen Robinson  17.0 27 1996-97              Houston    27 31.9 6.8 12.0 6.8 12.0 0.0  0.0 3.3         5.6  9.0 1.2 1.1         1.1 17.0 .568 .570  .000 .592 .578 .568   C    JR
51            Demon Brown  16.8 29 2002-03            Charlotte 29 27 30.6 5.4 14.5 0.7  2.4 4.7 12.1 1.2 2.0 0.4 2.1  2.6 1.7 1.3 0.1 1.7 2.2 16.8 .376 .300  .391 .596 .545 .539   G    JR
52           Chris Massie  16.7 23 2002-03              Memphis 23 22 29.9 6.6 10.9 6.6 10.9 0.0  0.0 3.6 5.5 4.2 6.7 10.8 1.5 0.6 0.5 2.7 2.8 16.7 .602 .604  .000 .651 .618 .602   C    SR
53             Omar Sneed  16.7 28 1998-99              Memphis 28 28 31.8 6.2 12.3 6.0 11.0 0.2  1.3 4.0         6.3  7.5 1.7 1.4 0.2 3.1 2.7 16.7 .506 .547  .162 .642 .546 .515   F    SR
54          Bobby Simmons  16.7 29 2000-01               DePaul 29 28 33.8 5.1 11.5 3.0  5.8 2.1  5.7 4.3 5.3 2.6 5.9  8.6 2.5 0.8 0.1 2.1 3.3 16.7 .447 .524  .370 .800 .594 .539   F    JR
55            Eric Holmes  16.6 28 1999-00                  UAB 28 28 27.8 5.3 14.1 2.6  6.3 2.7  7.9 3.4 4.3 0.7 1.4  2.1 1.6 1.0 0.1 2.5 1.8 16.6 .374 .417  .339 .785 .514 .468   G    SR
56           Brian Wardle  16.6 29 1999-00            Marquette 29 29 31.6 5.8 13.1 4.1  8.8 1.7  4.3 3.2 4.1 2.2 2.3  4.6 2.2 0.5 0.1 2.8 2.3 16.6 .445 .467  .400 .783 .551 .511   G    JR
57        Delonte Holland  16.5 32 2003-04               DePaul 32 32 33.9 6.1 13.0 5.3 10.8 0.8  2.2 3.6 4.6 1.9 3.5  5.4 2.0 1.2 0.2 2.1 2.5 16.5 .466 .490  .348 .795 .544 .495   F    SR
58        Ruben Patterson  16.5 19 1997-98           Cincinnati 19 14 27.9 5.7 12.2 4.8  8.6 0.9  3.5 4.1         6.7  6.3 2.2 1.2 0.6 3.5 2.5 16.5 .472 .555  .269 .602 .536 .511   F    SR
59       Francisco Garcia  16.4 28 2003-04           Louisville 28 27 30.4 5.3 12.3 3.5  6.6 1.9  5.7 3.9 4.9 1.1 3.4  4.5 4.7 1.9 1.4 2.8 2.8 16.4 .432 .524  .325 .797 .560 .507   F    SO
60            Damon Jones  16.4 27 1996-97              Houston    27 35.9 5.9 12.6 3.3  5.7 2.6  6.9 2.0         2.9  4.4 4.9 1.4 0.1 4.3 1.8 16.4 .466 .574  .376 .705 .586 .569   G    JR
61          Reggie Bryant  16.4 28 2003-04          Saint Louis 28 28 33.2 5.5 13.9 3.2  7.5 2.4  6.4 3.0 3.9 0.5 3.4  3.9 1.9 0.7 0.3 2.7 2.0 16.4 .398 .426  .367 .769 .521 .483   G    JR
62         Curtis Withers  16.3 28 2003-04            Charlotte 28 26 29.1 5.5 11.5 5.1 10.3 0.4  1.1 4.9 7.1 3.6 5.9  9.5 1.8 1.3 0.5 2.5 2.6 16.3 .483 .498  .344 .687 .551 .500   F    SO
63            B.B. Waldon  16.3 28 1998-99        South Florida    28 30.3 6.3 12.5 5.4  9.6 0.9  3.0 2.8         5.5  7.0 1.5 1.9         0.9 16.3 .501 .563  .301 .510 .537 .537   F    FR
64           Corey Santee  16.3 28 2002-03                  TCU 28 28 33.8 5.9 13.5 3.6  7.3 2.3  6.2 2.3 3.2 0.4 2.0  2.4 5.0 1.3 0.1 3.0 1.8 16.3 .435 .490  .370 .708 .543 .520   G    SO
65          Jimmie Hunter  16.3 20 1998-99              Memphis    20 27.7 5.9 13.9 4.7  9.2 1.3  4.7 3.2         4.2  3.9 2.7 2.0 0.9     3.0 16.3 .426 .505  .269 .771 .514 .471   G    SO
66         Jermaine Watts  16.2 29 1995-96               DePaul 29 29 34.7 5.9 14.9 4.9 11.2 1.0  3.7 3.4         4.4  4.7 5.3 2.6 0.2 3.9 2.3 16.2 .398 .440  .271 .766 .478 .432   G    SO
67            Andre Owens  16.0 27 2003-04              Houston 27 27 37.0 5.4 14.6 3.1  7.3 2.3  7.3 2.9 3.9 1.1 4.3  5.4 3.0 1.6 0.2 2.7 2.2 16.0 .372 .429  .315 .733 .487 .451   G    JR
68          Antonio Burks  16.0 30 2003-04              Memphis 30 30 34.3 5.9 12.4 4.0  7.8 1.9  4.6 2.4 3.8 0.5 2.7  3.2 5.5 2.4 0.2 2.5 2.3 16.0 .474 .511  .413 .632 .566 .551   G    SR
69       Cedric Henderson  16.0 31 1996-97              Memphis 31 31 34.5 5.9 14.2 5.1 11.2 0.8  3.1 3.4         4.9  6.5 1.4 1.9 1.0 3.3 2.9 16.0 .417 .460  .263 .689 .485 .446   F    SR
70        Maurice Jeffers  16.0 31 2000-01          Saint Louis 31 31 32.6 5.1 11.4 4.4  9.8 0.7  1.5 5.2 6.6 1.6 4.5  6.1 2.5 0.9 0.5 2.2 2.8 16.0 .449 .451  .438 .777 .552 .479   F    SR
71          Brandon Spann  15.9 30 2000-01               Tulane 30 30 34.8 5.0 13.3 2.9  6.8 2.1  6.5 3.9 4.7 0.4 2.2  2.6 4.8 1.7 0.1 4.3 2.2 15.9 .373 .424  .318 .843 .512 .450   G    SO
72          Will McDonald  15.9 28 2002-03        South Florida 28 28 29.4 6.0 12.0 6.0 11.9 0.0  0.1 3.8 5.9 2.4 5.7  8.1 1.1 1.1 0.9 3.4 3.2 15.9 .501 .505  .250 .648 .537 .503   C    SR
73         Jermaine Watts  15.9 18 1997-98               DePaul 18 16 36.7 5.6 15.3 4.0  9.8 1.6  5.6 3.2         5.0  3.8 3.8 2.5 0.3 3.9 2.4 15.9 .362 .409  .280 .644 .449 .413   G    JR
74         Willie Coleman  15.8 30 1997-98               DePaul 30 29 37.5 5.7 13.9 3.3  7.1 2.4  6.7 2.0         3.2  3.5 2.8 3.3 0.1 3.3 1.8 15.8 .411 .467  .351 .632 .513 .496   G    JR
75         Charles Gaines  15.7 28 2003-04 Southern Mississippi 28 28 31.4 5.4 10.9 5.4 10.8 0.0  0.1 4.9 6.7 3.1 7.3 10.4 0.8 1.2 1.3 2.2 2.6 15.7 .495 .498  .250 .727 .557 .497   F    SR
76          Kenny Younger  15.7 27 1998-99              Houston    27 34.7 5.9 12.1 5.0 10.0 0.8  2.1 3.1 5.0 3.1 4.6  7.8 1.6 1.2 0.4 2.2 2.7 15.7 .485 .506  .386 .625 .541 .518   F    JR
77         Leonard Stokes  15.7 29 2002-03           Cincinnati 29 29 35.0 5.2 12.2 4.6  9.8 0.7  2.4 4.5 6.4 1.9 2.9  4.8 3.2 1.3 0.2 2.7 1.9 15.7 .428 .468  .268 .708 .513 .455   G    SR
78             Sam Hoskin  15.6 29 2002-03               DePaul 29 29 32.4 5.2  9.6 4.8  8.3 0.4  1.3 4.8 5.8 2.4 5.1  7.6 1.1 0.8 0.4 1.9 2.1 15.6 .541 .577  .316 .822 .630 .563   F    SR
79            Sean Colson  15.6 29 1997-98            Charlotte 29 28 34.6 5.0 13.1 3.2  7.2 1.9  5.9 3.6         4.1  3.1 8.0 1.3 0.3 4.0 2.1 15.6 .383 .438  .316 .882 .515 .454   G    SR
80          Fred Williams  15.5 31 1998-99                  UAB    31 26.9 6.4 12.1 6.1 10.8 0.3  1.3 2.4 3.3 2.2 4.1  6.3 1.1 0.5 0.1 2.5 2.1 15.5 .531 .567  .225 .743 .570 .543   F    SR
81       Terrence Leather  15.5 26 2003-04        South Florida 26 23 30.5 5.7 11.5 5.4 10.3 0.2  1.2 4.0 5.9 2.3 6.1  8.4 1.6 0.6 0.2 3.2 2.9 15.5 .493 .528  .194 .673 .544 .503   F    JR
82         Robert Jackson  15.4 33 2002-03            Marquette 33 33 28.7 5.8 10.4 5.8 10.4 0.0  0.0 3.8 4.9 3.3 4.2  7.5 0.8 0.4 0.2 2.4 3.0 15.4 .557       .557 .779 .605 .557   F    SR
83           Byron Mouton  15.3 29 1997-98               Tulane    29 31.3 4.9 13.6 3.1  7.4 1.8  6.2 3.7         4.9  3.9 1.6 1.7 0.3     2.6 15.3 .360 .414  .296 .759 .482 .428   G    FR
84         Louis Truscott  15.3 28 2002-03              Houston 28 28 35.9 5.8 11.6 5.5 10.6 0.3  1.0 3.5 5.1 4.5 6.7 11.3 1.1 0.7 0.3 3.5 2.1 15.3 .494 .519  .241 .692 .543 .505   F    SR
85             Kelly Wise  15.3 36 2000-01              Memphis 36 35 30.8 5.9 12.3 5.9 12.3 0.0  0.0 3.5 6.9 3.2 6.9 10.1 1.9 1.1 1.6 3.1 2.9 15.3 .481       .481 .504 .491 .481   F    JR
86          Bryant Bowden  15.3 29 1995-96               DePaul 29 29 34.0 6.7 14.0 6.7 13.8 0.0  0.2 1.8         3.2  7.8 0.9 0.5 1.3 1.7 3.0 15.3 .480 .488  .000 .576 .493 .480   C    SR
87         Aaron Hutchins  15.2 27 1997-98            Marquette 27 22 30.5 5.1 11.5 2.9  6.1 2.2  5.3 2.9         3.5  3.1 3.9 1.2 0.0 3.4 1.7 15.2 .442 .470  .410 .830 .579 .537   G    SR
88          Cordell Henry  15.2 33 2001-02            Marquette 33 33 32.8 5.5 12.0 4.0  8.0 1.5  4.0 2.7 3.2 0.5 1.9  2.4 3.2 1.0 0.0 2.3 1.6 15.2 .457 .498  .376 .830 .560 .520   G    SR
89          Samaki Walker  15.1 21 1995-96           Louisville    21 30.2 5.9  9.9 5.9  9.8 0.0  0.0 3.3         5.4  7.5 1.1 0.8 2.0 2.3 2.5 15.1 .599 .602  .000 .614 .609 .599   C    SO
90          Dominic Smith  15.1 31 2001-02              Houston 31 30 34.5 4.3  9.5 2.7  5.7 1.6  3.7 4.9 6.1 0.5 2.3  2.8 3.1 1.5 0.0 2.3 2.9 15.1 .457 .478  .426 .799 .611 .541   G    SR
91         Charles Gaines  15.1 29 2002-03 Southern Mississippi 29 29 29.7 5.2 10.1 5.2 10.1 0.0  0.0 4.7 7.1 3.8 5.8  9.6 0.6 0.9 1.1 1.8 2.3 15.1 .514       .514 .662 .560 .514   F    JR
92           Pete Mickeal  14.9 33 1998-99           Cincinnati 33 33 33.8 5.5  9.5 5.3  9.0 0.2  0.5 3.8         5.4  7.2 1.7 1.5 0.3 2.0 2.3 14.9 .583 .595  .375 .701 .622 .593   F    JR
93         Chris Crawford  14.9 31 1996-97            Marquette 31 31 31.0 5.3 11.4 4.3  8.6 1.1  2.8 3.2         4.2  5.3 1.5 1.1 0.7 2.2 2.9 14.9 .469 .496  .384 .769 .560 .516   F    SR
94          Derrick Wiley  14.8 27 2003-04        East Carolina 27 27 32.0 5.4 13.2 4.6 11.3 0.8  1.9 3.2 4.9 1.9 3.9  5.9 1.3 1.3 0.1 2.0 2.4 14.8 .409 .410  .404 .664 .477 .438   G    SR
95          Brandon Brown  14.8 29 2001-02               Tulane 29 28 34.9 5.8 10.4 5.3  8.9 0.4  1.5 2.8 4.5 2.9 4.5  7.4 1.5 0.7 0.6 1.9 2.4 14.8 .553 .601  .273 .626 .588 .573   F    JR
96           Corey Santee  14.7 31 2001-02                  TCU 31 22 31.1 5.3 13.3 3.7  8.1 1.6  5.2 2.5 3.2 0.5 1.6  2.1 5.8 1.4 0.1 3.2 1.5 14.7 .400 .458  .309 .768 .496 .460   G    FR
97            Galen Young  14.7 34 1998-99            Charlotte 34 33 31.0 5.0 12.2 4.3 10.1 0.7  2.1 4.0         5.7  7.2 3.0 1.5 0.6 3.6 3.9 14.7 .411 .426  .338 .701 .494 .440   F    SR
98         Marques Maybin  14.7 30 1999-00           Louisville 30 30 29.7 5.1 10.4 4.4  7.5 0.7  2.9 3.7 4.9 1.4 1.3  2.7 1.9 0.9 0.3 2.1 2.3 14.7 .494 .591  .241 .755 .576 .527   G    JR
99          Kelly McCarty  14.6 33 1997-98 Southern Mississippi    33 33.6 5.7 11.6 5.4 10.5 0.3  1.0 2.8         3.9  8.1 1.5 0.9         1.4 14.6 .495 .511  .324 .729 .545 .509   F    SR
100        Rayshard Allen  14.6 22 1996-97               Tulane 22 21 33.3 5.9 10.9 5.6 10.2 0.2  0.7 2.7         4.1  7.1 2.9 1.2 0.4 3.0 2.4 14.6 .538 .551  .333 .648 .568 .548   F    SR
101         Waitari Marsh  14.6 27 2002-03               Tulane 27 25 31.6 5.4 12.0 3.9  7.8 1.5  4.3 2.3 3.0 1.0 3.2  4.2 3.3 1.3 0.3 2.7 2.6 14.6 .449 .505  .348 .778 .543 .511   G    SR
102        Bradley Mosley  14.6 27 2003-04        South Florida 27 27 36.9 5.1 13.0 3.8  8.4 1.3  4.6 3.2 4.3 0.7 2.2  2.9 3.3 0.9 0.2 3.1 1.9 14.6 .389 .452  .274 .748 .484 .438   G    JR
103         Leandrew Bass  14.6 30 2000-01                  UAB 30 30 33.6 5.1 12.1 5.0 11.5 0.2  0.6 4.1 5.7 0.9 2.8  3.7 1.0 0.7 1.0 3.6 2.5 14.6 .424 .431  .294 .725 .492 .431   G    SR
104          Jimmy Baxter  14.6 29 2002-03        South Florida 29 27 34.9 5.8 13.3 3.9  7.8 1.9  5.6 1.0 1.5 1.2 3.9  5.1 2.6 2.0 0.5 1.8 2.0 14.6 .437 .502  .346 .636 .517 .509   G    JR
105            John Cliff  14.6 29 1999-00            Marquette 29 29 32.5 5.5 13.5 3.2  7.3 2.3  6.1 1.3 1.8 1.2 2.6  3.8 1.9 1.2 0.2 3.0 2.0 14.6 .407 .432  .376 .698 .507 .492   G    SR
106           Andre Brown  14.5 26 2001-02               DePaul 26 25 31.8 5.7 11.3 5.7 11.3 0.0  0.0 3.2 5.7 4.3 5.2  9.4 0.9 0.9 1.0 2.4 2.7 14.5 .503 .505  .000 .558 .519 .503   F    SO
107          Corey Santee  14.5 29 2003-04                  TCU 29 29 33.1 5.1 12.2 3.3  7.0 1.8  5.2 2.4 3.2 0.1 3.0  3.1 4.4 1.1 0.0 2.2 1.7 14.5 .422 .473  .353 .734 .528 .497   G    JR
108            Kelly Wise  14.5 28 1999-00              Memphis 28 24 28.7 5.8 10.3 5.8 10.3 0.0  0.0 3.0 5.1 2.5 6.1  8.6 0.7 0.9 2.5 2.4 2.9 14.5 .561       .561 .580 .571 .561   F    SO
109     Kenny Satterfield  14.4 35 2000-01           Cincinnati 35 34 34.4 4.7 12.0 3.3  7.9 1.4  4.1 3.7 4.7 1.2 3.5  4.7 5.1 1.7 0.2 3.2 2.5 14.4 .387 .415  .333 .788 .505 .444   G    SO
110       George Williams  14.3 31 1999-00              Houston 31 31 35.5 5.6 10.9 5.2  9.7 0.5  1.1 2.6 4.2 2.9 5.6  8.5 1.6 1.5 0.8 2.5 2.7 14.3 .516 .530  .400 .618 .555 .537   F    FR
111         Bobby Brannen  14.3 33 1997-98           Cincinnati 33 33 33.9 4.2  9.2 4.2  9.1 0.0  0.0 6.0         7.1  8.1 1.0 1.0 0.3 2.1 3.0 14.3 .454 .455  .000 .842 .570 .454   F    SR
112          Cedric Dixon  14.3 32 1996-97                  UAB 32 31 33.0 4.8 12.8 2.3  5.9 2.6  6.9 2.0         2.8  3.2 2.2 1.1 0.1 2.4 2.6 14.3 .378 .388  .369 .719 .504 .478   G    JR
113         Detric Golden  14.2 29 1997-98              Memphis 29 23 35.8 4.3 10.1 2.7  6.4 1.6  3.7 3.9         5.3  2.7 3.0 1.5 0.0 2.7 1.0 14.2 .430 .425  .439 .735 .563 .510   G    JR
114         Melvin Levett  14.2 33 1998-99           Cincinnati 33 33 30.7 5.0 12.4 2.9  6.0 2.1  6.4 2.0         2.7  3.5 1.4 0.8 0.3 2.1 1.7 14.2 .404 .480  .333 .753 .519 .490   G    SR
115          Marque Perry  14.1 27 2001-02          Saint Louis 27 26 32.8 5.0 11.3 4.3  8.6 0.7  2.7 3.6 4.7 0.3 2.4  2.7 3.3 0.9 0.1 3.3 2.1 14.1 .439 .498  .250 .756 .523 .469   G    JR
116           Sean Colson  14.1 31 1996-97            Charlotte 31 30 33.0 4.6 11.9 3.1  7.1 1.5  4.7 3.5         4.5  3.2 6.3 1.6 0.1 2.6 2.4 14.1 .386 .430  .320 .770 .505 .450   G    JR
117         Melvin Levett  14.1 33 1997-98           Cincinnati 33 21 29.8 5.0 12.1 2.8  6.2 2.2  5.8 1.8         2.4  4.7 1.4 1.0 0.3 1.8 2.2 14.1 .417 .454  .378 .750 .533 .509   G    JR
118         Derrick Wiley  14.0 26 2002-03        East Carolina 26 25 32.6 5.6 12.7 5.0 10.9 0.6  1.8 2.3 3.3 2.0 3.2  5.2 1.5 0.8 0.1 1.8 2.7 14.0 .438 .459  .313 .690 .490 .461   G    JR
119            David Wall  14.0 28 2000-01 Southern Mississippi 28 24 28.6 4.4 11.0 2.3  5.6 2.2  5.5 3.0 4.6 0.9 2.4  3.2 1.2 0.6 0.0 2.4 2.3 14.0 .401 .404  .399 .656 .531 .500   G    SR
120        Darnell Burton  14.0 31 1995-96           Cincinnati 31  0 26.4 4.8 10.8 1.9  3.9 2.9  6.9 1.5         2.3  2.6 1.9 1.4 0.1 1.2 2.3 14.0 .443 .496  .414 .671 .588 .576   G    JR
121          Jobey Thomas  14.0 33 2000-01            Charlotte 33 32 30.0 4.4 10.0 1.5  2.9 2.8  7.1 2.4 2.7 0.8 2.1  2.8 1.2 1.2 0.0 0.8 1.7 14.0 .436 .521  .402 .909 .621 .579   G    JR
122        Aaron Hutchins  14.0 31 1995-96            Marquette 31 30 35.0 4.4 11.7 2.1  5.5 2.3  6.2 2.9         3.4  3.8 6.9 1.4 0.1 2.7 1.9 14.0 .375 .380  .370 .849 .524 .472   G    SO
123          Jobey Thomas  13.9 33 1999-00            Charlotte 33 33 32.0 5.1 12.0 2.6  4.8 2.5  7.2 1.3 1.6 0.9 2.2  3.2 1.2 0.8 0.0 1.3 2.1 13.9 .424 .554  .339 .796 .545 .527   G    SO
124        Lance Williams  13.9 31 1998-99               DePaul 31 30 32.2 6.0 12.1 6.0 12.1 0.0  0.0 1.9         3.5  7.8 0.6 0.6 0.6 2.1 2.8 13.9 .500       .500 .532 .507 .500   C    FR
125          Nate Johnson  13.9 31 1999-00           Louisville 31 31 30.8 5.6 11.7 4.8 10.1 0.7  1.6 2.0 2.9 1.5 3.9  5.4 3.1 1.9 0.7 2.6 2.5 13.9 .477 .481  .451 .692 .532 .508   F    SR
126          Jimmie Floyd  13.9 33 1997-98 Southern Mississippi    33 30.8 4.5 11.2 2.1  5.2 2.4  6.1 2.5         2.9  4.2 1.9 0.7         0.4 13.9 .399 .400  .398 .874 .552 .507   G    SR
127          Reece Gaines  13.9 30 2000-01           Louisville 30 29 31.5 4.9 11.2 3.6  8.1 1.3  3.1 2.7 4.0 0.7 2.8  3.5 3.3 1.2 0.2 2.4 2.4 13.9 .439 .444  .426 .675 .529 .499   G    SO
128           Andre Owens  13.9 28 2002-03              Houston 28 28 35.8 4.6 12.9 2.3  5.8 2.3  7.1 2.4 3.2 0.8 4.3  5.1 3.2 0.9 0.2 3.0 2.4 13.9 .356 .389  .328 .764 .484 .446   G    SO
129         Morris Finley  13.9 29 2003-04                  UAB 29 28 24.9 5.0 13.2 2.7  6.3 2.3  6.9 1.6 2.3 0.4 1.6  2.0 1.8 1.8 0.1 1.6 1.9 13.9 .380 .434  .330 .697 .486 .466   G    SR
130        Galen Robinson  13.8 29 1997-98              Houston    29 29.9 5.6 10.6 5.5 10.4 0.1  0.1 2.6         3.6  8.0 1.4 0.9         1.3 13.8 .528 .528  .500 .721 .563 .531   C    SR
131        Darnell Burton  13.8 33 1996-97           Cincinnati    33 28.8 4.5 11.0 1.6  3.8 2.8  7.2 2.0         2.5  3.0 3.1 1.1 0.0 1.4 1.8 13.8 .408 .425  .398 .774 .565 .537   G    SR
132       Ruben Patterson  13.7 31 1996-97           Cincinnati 31 26 23.3 5.3  9.6 4.9  8.4 0.4  1.3 2.8         4.6  5.6 1.4 1.1 0.3 2.2 2.0 13.7 .548 .588  .282 .604 .580 .567   F    JR
133           Justin Love  13.7 24 1998-99          Saint Louis 24 18 26.0 4.9 11.5 3.1  6.9 1.8  4.6 2.2         2.9  4.4 1.6 1.3 0.1 2.8 2.1 13.7 .424 .455  .378 .768 .533 .500   G    JR
134         Tony Williams  13.6 31 1999-00           Louisville 31 31 29.0 4.9 11.4 3.1  6.2 1.8  5.2 2.1 2.9 2.0 4.2  6.2 2.9 1.4 0.7 2.2 1.8 13.6 .429 .497  .348 .714 .535 .509   F    SR
135         Mingo Johnson  13.6 30 1995-96              Memphis 30 30 31.7 4.2 11.2 1.5  3.7 2.7  7.5 2.5         3.2  2.6 4.6 2.0 0.2 2.8 2.3 13.6 .379 .414  .362 .771 .537 .500   G    SR
136           Jeff Harris  13.6 30 1995-96          Saint Louis 30 30 34.1 3.8  8.6 3.8  8.5 0.1  0.1 5.8         7.8  7.9 1.2 0.8 0.1 2.3 2.5 13.6 .446 .445  .500 .745 .551 .450   F    JR
137         Jason Maxiell  13.6 32 2003-04           Cincinnati 32 32 28.6 4.8  9.5 4.8  9.5 0.0  0.0 4.1 6.0 2.9 4.0  6.9 1.3 0.7 2.1 1.5 2.4 13.6 .500 .502  .000 .681 .550 .500   F    JR
138         Kenny Younger  13.5 31 1999-00              Houston 31 31 30.6 4.7 10.3 4.5  9.0 0.3  1.4 3.8 5.3 2.3 5.2  7.5 1.5 1.2 0.8 2.1 3.5 13.5 .459 .500  .190 .709 .526 .472   F    SR
139          Pete Mickeal  13.5 32 1999-00           Cincinnati 32 31 31.3 4.5  8.9 3.8  7.0 0.7  1.9 3.9 5.4 2.0 4.3  6.3 1.8 1.4 0.5 2.2 2.8 13.5 .504 .545  .350 .723 .590 .540   F    SR
140         Brandon Brown  13.5 31 2002-03               Tulane 31 31 33.7 5.2 10.4 4.6  8.5 0.6  1.8 2.5 4.1 2.7 4.6  7.4 2.5 1.3 0.6 2.0 2.4 13.5 .500 .536  .333 .606 .547 .530   F    SR
[/code]

Provided by [url=https://www.sports-reference.com/sharing.html?utm_source=direct&utm_medium=Share&utm_campaign=ShareTool]Stathead[/url]: [url=https://www.sports-reference.com/stathead/basketball/cbb/player-season-finder.cgi?utm_source=direct&utm_medium=Share&utm_campaign=ShareTool]Found with Stathead. See Full Results.[/url]
Generated 6/11/2026.