[code]                                                                                                                                                                                        
                                                                                                                                                                                    Per 
Rk                Player PTS/G  G  Season              Team  G GS   MP  FG  FGA  2P  2PA  3P  3PA  FT FTA ORB DRB  TRB AST STL BLK TOV  PF  PTS  FG%  2P%   3P%  FT%  TS% eFG% Pos Class
1           Keith Gailes  26.3 29 1989-90    Loyola Chicago 29 29 38.8 9.4 22.3 7.0 15.0 2.4  7.3 5.1 6.4 1.4 4.1  5.5 3.4 1.3 0.2 4.7 2.7 26.3 .421 .465  .330 .791 .518 .475   F    JR
2           Sherell Ford  26.2 27 1994-95  Illinois-Chicago 27 27 35.9 9.8 20.8 8.1 16.6 1.7  4.2 4.8         6.3 10.5 1.4 1.6 1.9 3.0 2.9 26.2 .472 .486  .416 .765 .550 .513   F    SR
3          Kareem Townes  25.9 27 1994-95          La Salle 27 27 36.4 9.0 20.5 5.1 10.0 3.8 10.5 4.1         5.1  3.3 1.9 2.8 0.1 2.2 1.6 25.9 .438 .517  .363 .806 .565 .531   G    SR
4       Parrish Casebier  25.4 25 1991-92        Evansville    25 34.4 8.4 17.1 7.3 14.2 1.1  2.9 7.5         9.4  9.5 1.8 1.4         0.2 25.4 .492 .517  .370 .799 .589 .523   F    SO
5           Keith Gailes  25.3 26 1990-91    Loyola Chicago    26 34.7 9.1 20.5 7.2 14.9 1.9  5.6 5.1         6.6  3.2 3.5 1.8     0.0 2.3 25.3 .445 .482  .345 .778 .535 .492   F    SR
6         Darin Archbold  24.8 31 1991-92            Butler 31 31 34.4 8.1 16.5 5.5 10.9 2.6  5.5 6.1 7.4 1.5 2.9  4.4 2.4 0.9 0.1 2.1 1.2 24.8 .490 .500  .471 .825 .622 .570   F    SR
7          Shannon Smith  24.5 27 1994-95         Milwaukee    27 35.8 7.4 18.7 5.5 12.9 1.9  5.8 7.9         9.9  5.5 1.0 1.6 0.3     3.3 24.5 .394 .425  .325 .791 .523 .445   F    JR
8             Tony Smith  23.8 29 1989-90         Marquette    29 39.0 8.3 16.7 7.0 13.7 1.2  3.0 6.0         7.0  4.7 5.8 1.8 0.6 3.9 2.8 23.8 .495 .513  .414 .856 .593 .532   G    SR
9           Tony Tolbert  23.6 29 1993-94     Detroit Mercy 29 29 31.6 7.9 16.1 5.7 10.8 2.2  5.3 5.6         8.6  5.5 1.8 1.3 0.1 3.6 3.4 23.6 .489 .529  .409 .653 .583 .557   G    SR
10       Rashad Phillips  23.0 32 1999-00     Detroit Mercy 32 32 36.2 7.1 16.0 3.9  8.2 3.2  7.9 5.7 6.5 0.6 2.4  3.0 5.3 1.6 0.1 4.0 1.5 23.0 .441 .475  .405 .870 .601 .540   G    JR
11         Kareem Townes  22.9 27 1993-94          La Salle 27 27 37.9 7.5 20.0 3.8  9.2 3.7 10.8 4.3         5.5  3.4 2.0 2.4 0.2 2.3 2.7 22.9 .374 .410  .344 .772 .507 .467   G    JR
12         Negele Knight  22.8 32 1989-90            Dayton 32 31 33.5 7.3 14.5 5.1 10.0 2.2  4.5 6.0         7.5  3.8 6.8 1.7 0.2 3.1 2.7 22.8 .503 .508  .493 .800 .631 .580   G    SR
13          Willie Green  22.6 30 2002-03     Detroit Mercy 30 30 34.0 8.1 16.6 6.9 13.3 1.2  3.3 5.1 6.3 1.1 3.9  4.9 2.5 1.3 0.4 2.3 2.4 22.6 .490 .519  .374 .805 .576 .527   G    SR
14        Jeff Nordgaard  22.6 29 1995-96         Green Bay 29 29 39.8 9.6 17.2 9.3 16.4 0.3  0.9 3.2         4.5  6.3 2.3 1.0 0.3 1.9 1.9 22.6 .554 .566  .320 .710 .583 .562   F    SR
15         Kareem Townes  22.5 27 1992-93          La Salle 27 27 36.2 7.5 20.4 3.9  9.2 3.6 11.1 3.9         5.5  3.5 1.8 2.1 0.3 3.0 2.7 22.5 .369 .426  .322 .698 .489 .457   G    SO
16       Rashad Phillips  22.4 35 2000-01     Detroit Mercy 35      35 6.6 15.3 2.7  5.9 3.9  9.4 5.3 5.8 0.5 2.0  2.5 4.1 1.0 0.0 3.5 1.5 22.4 .434 .464  .415 .916 .622 .561   G    SR
17          Seth Doliboa  22.3 28 2002-03      Wright State 28 28 35.9 7.8 17.4 5.4 11.1 2.4  6.3 4.4 5.8 1.9 5.7  7.5 1.3 1.1 1.2 2.3 3.0 22.3 .446 .482  .381 .765 .554 .514   F    JR
18        Darin Archbold  21.8 29 1990-91            Butler         29 6.8 13.8 5.0  9.9 1.8  3.9 6.4         7.1  4.4 2.1 1.3         0.1 21.8 .494 .507  .460 .912 .638 .559   F    JR
19          David Bailey  21.7 30 2001-02    Loyola Chicago 30 30 31.2 7.5 17.3 5.7 11.3 1.8  6.0 5.0 6.7 1.4 2.2  3.6 4.6 1.8 0.1 3.9 2.8 21.7 .432 .501  .300 .745 .530 .484   G    JR
20           Andy Elkins  21.5 32 1993-94        Evansville    32 33.0 7.6 15.3 4.8  9.3 2.8  6.0 3.6         4.9  8.3 2.8 0.7         0.3 21.5 .493 .515  .458 .732 .607 .582   F    JR
21            Dylan Page  20.9 31 2003-04         Milwaukee 31 31 31.5 7.3 14.5 5.4  9.7 1.9  4.7 4.3 5.6 1.2 5.4  6.6 1.2 0.5 1.2 2.3 2.3 20.9 .507 .556  .404 .775 .610 .573   F    SR
22          Keion Brooks  20.7 27 1998-99      Wright State    27 36.8 7.7 18.3 6.7 14.9 1.0  3.4 4.3         5.9  5.6 4.0 1.8         0.4 20.7 .421 .452  .286 .731 .490 .447   G    SR
23      Vitaly Potapenko  20.7 26 1995-96      Wright State    26 31.0 7.6 12.6 7.6 12.4 0.0  0.2 5.4         7.6  7.4 1.4 0.4 0.7 3.9 3.7 20.7 .604 .612  .167 .716 .638 .605   C    JR
24          Tony Tolbert  20.4 27 1992-93     Detroit Mercy 27 26 29.9 7.3 16.6 5.4 11.9 1.9  4.7 3.9         5.6  4.0 2.1 0.9 0.2 2.7 2.7 20.4 .443 .456  .409 .684 .532 .501   G    JR
25           Tyrone Hill  20.2 32 1989-90            Xavier 32 32 33.2 7.8 13.4 7.8 13.4 0.0  0.1 4.6         6.9 12.6 1.5 1.0 0.7 3.1 3.1 20.2 .581 .584  .000 .658 .603 .581   F    SR
26            Chip Jones  20.2 27 1990-91            Dayton    27 27.6 7.9 17.9 5.8 12.4 2.1  5.5 2.4         4.1  5.6 1.8 1.6         0.3 20.2 .440 .467  .378 .580 .509 .498   G    JR
27      Parrish Casebier  20.1 27 1992-93        Evansville 27 18 29.7 6.3 13.7 5.7 11.9 0.6  1.8 6.9         8.9  6.6 1.6 0.8         0.1 20.1 .458 .478  .327 .778 .559 .480   F    JR
28        Derrick Alston  19.9 28 1992-93          Duquesne 28 27 34.3 7.6 13.6 7.6 13.5 0.0  0.0 4.6         8.0  9.3 1.1 1.4 2.1 3.1 3.6 19.9 .563 .562 1.000 .574 .573 .564   F    JR
29       Vernard Hollins  19.9 28 2002-03      Wright State 28 28 36.6 7.0 14.7 6.9 13.7 0.1  1.0 5.7 8.1 1.8 3.9  5.7 4.1 1.1 0.4 3.1 2.1 19.9 .478 .507  .103 .702 .535 .482   G    JR
30          Dan Godfread  19.9 17 1989-90        Evansville 17 17 32.1 7.9 13.4 7.8 13.2 0.1  0.1 4.1         5.5  8.3 0.7 0.1 2.6 1.4 2.8 19.9 .590 .591  .500 .734 .622 .593   C    SR
31        Anthony Bonner  19.8 33 1989-90       Saint Louis    33 39.4 7.7 15.4 7.6 15.0 0.1  0.4 4.3         6.2 13.8 2.9 2.1 0.4 2.8 2.5 19.8 .500 .504  .333 .693 .540 .504   F    SR
32           Mark Miller  19.7 27 1997-98  Illinois-Chicago    27 36.1 7.3 16.3 5.5 11.9 1.8  4.4 3.4         4.8  5.4 2.7 1.8         0.4 19.7 .446 .461  .407 .705 .531 .501   G    SR
33     Jermaine Robinson  19.6 29 2003-04   Cleveland State 29 29 36.5 6.3 16.4 4.1  8.8 2.2  7.6 4.9 7.5 1.1 3.5  4.6 2.6 1.5 0.2 4.2 2.3 19.6 .382 .465  .285 .650 .490 .448   G    SR
34         Jamie Gladden  19.4 27 1991-92            Xavier    27 35.4 7.4 15.1 5.6 10.8 1.9  4.4 2.7         3.5  2.4 2.9 1.5         0.1 19.4 .491 .519  .424 .777 .579 .553   G    JR
35      Vitaly Potapenko  19.2 30 1994-95      Wright State 30 30 30.0 7.1 11.7 7.1 11.7 0.0  0.0 5.0         6.9  6.4 1.4 0.6 1.3 4.4 3.7 19.2 .602       .602 .733 .639 .602   C    SO
36        Damon Stringer  19.1 30 1999-00   Cleveland State 30 30 32.2 6.5 14.9 4.2  8.6 2.3  6.3 3.8 4.5 0.6 2.3  2.9 3.6 1.8 0.1 3.7 2.8 19.1 .436 .483  .372 .843 .561 .515   G    SR
37           Keir Rogers  19.0 29 1991-92    Loyola Chicago 29 29 35.6 6.9 12.4 6.2 10.7 0.7  1.7 4.4         7.1  7.2 3.1 2.3 0.4 2.9 2.7 19.0 .557 .579  .420 .629 .602 .586   G    SR
38         Cedrick Banks  19.0 26 2002-03  Illinois-Chicago 26 20 33.0 7.4 16.7 5.3 11.1 2.1  5.6 2.0 3.2 1.8 3.2  5.0 1.9 1.2 0.2 1.8 2.1 19.0 .445 .479  .377 .631 .521 .508   G    SO
39           Jeff Massey  18.9 28 1994-95            Xavier 28 28 34.2 6.7 15.6 4.0  7.7 2.8  7.9 2.8         3.4  3.7 3.3 1.9         0.6 18.9 .431 .514  .350 .811 .551 .519   G    SR
40          Kevin Melson  18.6 22 1999-00      Wright State 22 22 33.7 6.2 13.4 5.5 11.1 0.7  2.3 5.5 7.4 2.1 5.1  7.3 2.2 1.2 0.6 3.5 2.4 18.6 .464 .496  .314 .736 .550 .492   F    JR
41        Jeff Nordgaard  18.6 30 1994-95         Green Bay 30 30 35.7 7.1 13.0 7.1 12.8 0.0  0.2 4.3         5.5  7.5 2.3 0.8 0.7 2.4 2.6 18.6 .547 .553  .167 .788 .595 .549   F    JR
42           Brian Grant  18.5 30 1992-93            Xavier 30 27 31.5 7.4 11.4 7.4 11.4 0.0  0.0 3.7         5.3  9.4 1.5 0.8 1.0 2.0 2.2 18.5 .654       .654 .692 .667 .654   C    JR
43         Javan Goodman  18.5 27 1998-99    Loyola Chicago    27 34.4 7.0 15.4 5.3 11.3 1.7  4.1 2.9         4.5  8.8 1.3 1.2         0.8 18.5 .452 .470  .402 .653 .528 .506   F    SR
44         Cedrick Banks  18.4 32 2003-04  Illinois-Chicago 32 30 33.5 6.7 15.3 3.9  8.8 2.8  6.5 2.2 2.8 1.2 2.2  3.3 2.0 1.6 0.2 1.5 1.7 18.4 .440 .446  .431 .767 .554 .532   G    JR
45          David Bailey  18.4 30 2002-03    Loyola Chicago 30 30 33.3 6.1 16.8 4.4 10.5 1.7  6.3 4.6 5.6 1.4 2.3  3.7 5.3 1.6 0.0 3.3 2.6 18.4 .362 .416  .271 .815 .474 .413   G    SR
46           Clay Tucker  18.3 30 2002-03         Milwaukee 30 28 33.0 6.3 14.6 4.5  8.4 1.8  6.2 4.0 5.9 1.0 4.1  5.1 4.1 2.0 0.6 2.2 1.8 18.3 .428 .532  .289 .682 .526 .490   G    SR
47        Jermaine Guice  18.2 29 1993-94            Butler 29 26 33.8 5.8 11.9 4.5  8.4 1.3  3.5 5.3         6.9  4.0 2.6 1.3 0.0 2.9 2.3 18.2 .486 .533  .373 .774 .599 .540   G    SR
48            Theo Dixon  18.0 32 2000-01   Cleveland State 32 32 33.5 6.0 14.8 3.8  9.1 2.2  5.8 3.8 4.8 1.3 3.4  4.8 1.7 1.2 0.2 3.3 2.5 18.0 .405 .421  .380 .794 .527 .479   F    JR
49           Mark Miller  17.9 28 1995-96  Illinois-Chicago 28 28 33.0 6.3 15.5 5.0 11.1 1.3  4.3 4.1         5.8  4.3 2.5 2.0 0.1 3.0 3.1 17.9 .404 .446  .298 .710 .491 .446   G    SO
50             Chip Hare  17.8 30 1992-93            Dayton 30 29 34.2 6.5 15.2 4.9 10.5 1.5  4.8 3.4         4.6  6.3 1.7 0.5 0.3 2.9 2.2 17.8 .425 .471  .322 .737 .512 .475   F    SO
51            Greg Grays  17.8 31 2001-02     Detroit Mercy 31 31 31.7 6.1 14.8 3.0  6.7 3.1  8.1 2.6 3.1 0.5 2.4  2.9 1.9 0.5 0.0 1.8 1.4 17.8 .409 .447  .377 .844 .546 .512   G    SR
52            Dylan Page  17.7 32 2002-03         Milwaukee 32 32 28.6 6.5 11.0 6.0  9.3 0.5  1.7 4.1 5.2 2.4 4.1  6.5 1.3 0.7 0.8 2.6 2.7 17.7 .595 .644  .321 .783 .657 .620   F    JR
53           Clay Tucker  17.6 29 2001-02         Milwaukee 29 29 31.1 6.4 14.6 4.0  8.0 2.4  6.6 2.4 3.4 1.1 5.1  6.3 3.0 2.2 0.6 2.3 2.6 17.6 .436 .498  .361 .710 .541 .518   G    JR
54         Chris Coleman  17.3 27 1996-97 Northern Illinois 27 27 34.6 6.4 14.7 4.3  8.2 2.1  6.5 2.4         3.7  6.9 2.4 1.3         0.2 17.3 .436 .523  .326 .650 .526 .508   F    SR
55          David Bailey  17.3 28 2000-01    Loyola Chicago 28 28 32.8 6.0 13.7 4.4  9.0 1.5  4.7 3.8 5.2 1.5 2.8  4.3 6.1 1.5 0.1 3.6 2.3 17.3 .435 .490  .328 .726 .533 .491   G    SO
56        Jermaine Guice  17.3 28 1992-93            Butler 28 28 33.3 6.0 13.4 4.4  8.4 1.5  5.0 3.8         5.0  4.1 1.9 1.2 0.0 2.7 2.4 17.3 .447 .530  .307 .763 .549 .504   G    JR
57            Ed McCants  17.1 31 2003-04         Milwaukee 31 30 30.7 6.0 12.5 2.6  4.6 3.4  7.8 1.8 2.2 1.7 1.7  3.5 2.0 1.3 0.6 2.1 2.4 17.1 .482 .573  .428 .821 .635 .617   G    JR
58          Keion Brooks  17.1 28 1997-98      Wright State    28 33.3 6.5 15.5 5.9 13.6 0.6  1.9 3.6         5.4  4.6 2.7 2.2         0.4 17.1 .417 .429  .327 .662 .474 .437   G    JR
59      Israel Sheinfeld  17.0 28 1999-00      Wright State 28 28 30.8 5.8 10.7 5.7 10.3 0.1  0.4 5.3 6.8 2.3 5.4  7.7 1.4 0.7 0.4 3.3 3.3 17.0 .543 .554  .273 .774 .610 .548   C    SO
60         Paul McMillan  17.0 29 2003-04    Loyola Chicago 29 28 31.9 6.5 14.2 6.2 12.9 0.3  1.3 3.7 5.1 2.4 5.0  7.4 1.1 0.6 0.5 3.3 3.0 17.0 .456 .477  .243 .730 .511 .467   F    SR
61            Kerman Ali  16.9 13 1993-94    Loyola Chicago 13 12 28.4 6.0 11.5 5.8 10.5 0.2  1.0 4.7         6.5  5.4 0.5 0.6 0.2 3.1 2.5 16.9 .520 .547  .231 .726 .579 .530   F    SR
62         Javan Goodman  16.8 30 1997-98    Loyola Chicago    30 33.4 6.7 14.4 6.4 13.2 0.3  1.1 3.2         5.0  8.4 1.4 1.2         0.9 16.8 .464 .484  .235 .640 .502 .473   F    JR
63          Cain Doliboa  16.8 28 2001-02      Wright State 28 28 32.1 5.1 10.8 1.4  3.1 3.7  7.8 2.9 3.1 1.4 3.6  5.0 1.7 0.8 0.1 1.8 2.4 16.8 .472 .453  .479 .909 .682 .644   F    SR
64           Brian Grant  16.7 29 1993-94            Xavier    29 30.8 6.2 11.2 6.2 11.1 0.0  0.1 4.2         5.9  9.9 1.6 0.9 1.6 2.3 2.6 16.7 .559 .561  .333 .713 .598 .560   C    SR
65           Chad Angeli  16.7 29 1999-00         Milwaukee 29 29 32.1 4.7  8.4 4.7  8.3 0.0  0.1 7.2 9.1 2.2 3.0  5.2 1.1 0.4 0.1 2.2 2.4 16.7 .564 .567  .333 .785 .655 .566   C    JR
66         Trevor Powell  16.7 29 1989-90         Marquette         29 6.6 12.9 6.6 12.9 0.0  0.0 3.4         4.7  7.8 0.9 0.8         1.1 16.7 .512       .512 .723 .549 .512   F    JR
67           Keir Rogers  16.6 29 1989-90    Loyola Chicago 29 28 38.5 5.7 12.0 4.9  9.6 0.9  2.4 4.3 5.3 2.2 6.4  8.6 2.6 2.9 0.7 3.0 2.9 16.6 .478 .507  .362 .812 .574 .514   G    JR
68         Jamal Jackson  16.4 27 1994-95   Cleveland State 27 20 28.3 6.2 13.6 6.0 12.6 0.2  1.0 3.8         5.2  8.1 1.8 1.3 0.8 2.6 2.6 16.4 .456 .474  .231 .729 .511 .464   F    SO
69       Vernard Hollins  16.3 28 2003-04      Wright State 28 28 35.4 5.5 12.3 4.8 10.1 0.6  2.2 4.7 7.3 1.2 4.8  5.9 4.6 0.9 0.1 3.4 2.2 16.3 .443 .475  .295 .647 .516 .470   G    SR
70       Anthony Corbitt  16.3 32 1989-90            Dayton 32 32 31.1 6.7 13.1 6.6 13.0 0.1  0.1 2.9         4.6  8.3 1.5 1.2         0.7 16.3 .508 .508  .500 .626 .532 .511   F    SR
71          Seth Doliboa  16.3 28 2001-02      Wright State 28 19 33.2 5.9 12.0 5.3 10.1 0.6  1.9 3.9 6.4 1.9 5.1  7.0 1.9 0.6 1.1 2.4 1.8 16.3 .487 .518  .321 .615 .539 .512   F    SO
72         Dwayne Kelley  16.1 29 1991-92     Detroit Mercy    29 32.0 5.4 11.9 3.3  6.6 2.1  5.3 3.1         4.3  3.2 2.7 1.9         0.1 16.1 .458 .503  .403 .720 .579 .548   G    JR
73        Jamal Robinson  16.0 26 1994-95 Northern Illinois 26 26 31.5 6.2 11.3 5.8 10.2 0.5  1.1 3.1         5.8  8.6 1.4 0.9 0.1 2.9 2.1 16.0 .549 .564  .414 .533 .568 .569   F    JR
74         Derrick Hayes  15.9 28 1996-97     Detroit Mercy 28 26 33.1 5.3 12.3 3.9  8.5 1.4  3.8 4.0         4.9  5.1 2.3 1.3 0.4 2.0 2.8 15.9 .429 .458  .362 .819 .545 .484   G    JR
75              T.J. Lux  15.9 27 1996-97 Northern Illinois 27 27 33.3 5.9 12.4 5.4 10.8 0.4  1.6 3.8         5.4  9.7 1.8 1.0 1.4     1.8 15.9 .473 .505  .256 .699 .532 .490   C    SO
76         Dwayne Kelley  15.9 28 1990-91     Detroit Mercy 28 28 34.6 5.4 12.6 4.0  8.3 1.5  4.3 3.5         4.5  3.0 4.4 1.3 0.2 2.5 2.1 15.9 .431 .478  .339 .792 .538 .489   G    SO
77       Rashad Phillips  15.7 31 1998-99     Detroit Mercy    31 35.5 5.2 12.6 2.8  6.4 2.4  6.2 3.1         3.6  3.3 4.3 1.6         0.2 15.7 .410 .437  .382 .841 .550 .504   G    SO
78         Bernie Salthe  15.7 27 1994-95    Loyola Chicago 27 25 33.3 5.6 10.7 5.6 10.7 0.0  0.0 4.6         6.6  6.3 0.6 1.3 2.3 2.9 3.5 15.7 .521 .522  .000 .687 .567 .521   C    SR
79            Paul Burke  15.6 27 1994-95          La Salle 27 27 35.3 5.1 13.7 2.9  5.8 2.2  7.9 3.1         4.2  4.1 6.1 2.1 0.2 3.5 2.7 15.6 .376 .503  .282 .737 .497 .457   G    SR
80         Jamaal Harris  15.5 28 2001-02   Cleveland State 28 27 30.0 5.1 12.2 3.0  6.4 2.1  5.8 3.3 4.7 1.4 2.6  4.0 1.6 1.4 0.1 2.9 2.4 15.5 .416 .472  .356 .705 .539 .501   G    SR
81         Dwayne Kelley  15.4 27 1992-93     Detroit Mercy 27 27 32.8 5.3 12.5 2.5  5.1 2.7  7.4 2.1         3.2  4.2 2.3 0.7 0.0 1.9 1.9 15.4 .421 .493  .372 .667 .550 .531   G    SR
82        Chris Westlake  15.4 30 1994-95         Green Bay 30 30 34.3 5.4 11.2 2.5  5.4 2.9  5.8 1.8         2.3  3.2 2.4 0.9 0.2 2.0 2.3 15.4 .481 .460  .500 .768 .628 .610   G    SR
83         Jon Neuhouser  15.3 33 1996-97            Butler 33 33 31.6 5.8 12.3 4.6  9.1 1.2  3.2 2.4         3.9  5.6 1.8 1.0 0.2 2.3 2.0 15.3 .477 .510  .381 .617 .542 .526   F    JR
84         James Madison  15.3 27 1997-98   Cleveland State    27 32.3 5.4 13.5 2.9  6.4 2.5  7.1 2.0         2.4  2.8 2.3 0.9         0.0 15.3 .397 .443  .356 .844 .521 .490   G    SO
85         Jamaal Harris  15.3 32 2000-01   Cleveland State 32 30 33.1 5.0 12.5 2.9  6.8 2.2  5.7 3.0 4.1 1.1 2.2  3.3 2.2 1.3 0.2 2.4 2.2 15.3 .403 .420  .381 .746 .528 .489   G    JR
86              T.J. Lux  15.2 30 1995-96 Northern Illinois 30 30 30.4 5.8 10.6 5.4  9.5 0.4  1.1 3.3         5.4  8.7 1.2 0.6         1.2 15.2 .547 .574  .324 .605 .579 .564   C    FR
87          Rylan Hainje  15.2 32 2001-02            Butler 32 31 31.8 5.0 10.2 3.7  6.8 1.4  3.4 3.8 5.3 1.6 4.4  6.0 1.8 1.6 0.3 2.1 2.8 15.2 .495 .542  .404 .716 .601 .563   F    SR
88         Jamie Gladden  15.2 32 1990-91            Xavier    32 35.8 5.9 11.5 4.8  8.9 1.1  2.6 2.2         3.1  3.4 3.2 1.3         0.1 15.2 .515 .542  .422 .724 .585 .562   G    SO
89            Paul Burke  15.1 27 1992-93          La Salle 27 25 34.9 4.7 12.3 2.4  5.8 2.3  6.6 3.3         4.1  3.8 4.9 1.8 0.3 3.3 3.2 15.1 .384 .417  .356 .802 .529 .479   G    SO
90       Vernard Hollins  15.1 27 2001-02      Wright State 27 27 34.8 5.3 11.3 4.9  9.9 0.3  1.4 4.3 6.9 1.5 3.2  4.7 4.1 0.9 0.1 3.1 2.3 15.1 .466 .500  .231 .618 .519 .480   G    SO
91         Ben Berlowski  15.1 29 1995-96         Green Bay 29 28 33.6 4.8 10.9 2.6  6.0 2.2  4.9 3.4         4.0  4.3 2.0 1.0 0.1 1.3 2.6 15.1 .437 .428  .448 .838 .589 .538   G    SR
92           Bryant Lowe  15.1 28 1997-98  Illinois-Chicago    28 33.3 6.0 12.6 5.3 11.2 0.8  1.5 2.3         3.5  8.7 1.5 0.9         0.7 15.1 .475 .470  .512 .670 .527 .504   F    SR
93          Jamal Walker  15.1 33 1989-90            Xavier 33 30 32.4 5.4 11.6 4.6  8.6 0.8  3.0 3.4         4.6  3.5 5.9 1.7 0.3 3.8 2.5 15.1 .467 .534  .280 .735 .546 .504   G    JR
94         Bryant Notree  15.0 27 1998-99  Illinois-Chicago    27 32.4 5.2 12.6 4.3  9.9 0.9  2.7 3.7         5.2  6.9 1.8 1.1         0.0 15.0 .416 .436  .342 .707 .501 .453   F    SR
95         James Madison  15.0 28 1998-99   Cleveland State    28 33.4 5.2 12.0 3.0  5.8 2.2  6.3 2.4         2.9  2.9 2.4 1.6         0.0 15.0 .433 .528  .347 .817 .559 .524   G    JR
96          Kevin Melson  15.0 29 2000-01      Wright State 29 29 33.8 5.1 11.1 4.7  9.8 0.4  1.3 4.5 5.9 2.0 4.4  6.4 2.8 1.1 1.0 3.1 2.5 15.0 .457 .481  .282 .760 .539 .474   F    SR
97          Seth Doliboa  15.0 28 2003-04      Wright State 28 28 33.7 5.3 13.0 4.3  9.5 1.0  3.5 3.5 4.3 1.8 5.6  7.4 1.0 0.5 0.4 2.4 2.8 15.0 .404 .449  .278 .825 .499 .441   F    SR
98      Parrish Casebier  15.0 24 1990-91        Evansville    24 28.8 4.6  8.9 4.6  8.8 0.0  0.1 5.7         7.7  7.2 1.8 0.9 0.2     2.9 15.0 .519 .521  .333 .739 .596 .521   F    FR
99            Brian Hill  14.9 32 1989-90        Evansville 32 24 31.9 5.6  8.7 5.6  8.7 0.0  0.0 3.7         4.9  5.4 1.1 1.3 0.5 2.3 3.2 14.9 .647       .647 .747 .677 .647   F    SR
100          Chad Angeli  14.9 27 1998-99         Milwaukee    27 30.6 3.6  6.4 3.6  6.4 0.0  0.0 7.7         9.5  5.3 0.4 0.3         0.2 14.9 .557       .557 .813 .681 .557   C    SO
101          Derek Molis  14.9 27 1995-96    Loyola Chicago 27 26 33.4 5.0 12.1 2.3  5.1 2.6  7.0 2.4         3.3  2.3 1.9 1.0 0.1 2.3 2.1 14.9 .410 .460  .374 .727 .546 .518   G    JR
102        Omari Westley  14.8 28 2003-04   Cleveland State 28 28 33.1 5.1 10.6 4.9  9.6 0.2  1.0 4.4 6.3 3.1 5.5  8.6 2.0 1.1 0.9 3.9 3.0 14.8 .480 .507  .214 .709 .546 .490   F    JR
103     Israel Sheinfeld  14.7 29 2000-01      Wright State 29 26 26.0 4.9  8.2 4.9  8.2 0.0  0.1 4.9 6.1 2.0 4.1  6.1 1.1 0.7 0.3 3.3 2.7 14.7 .594 .595  .500 .798 .660 .596   C    JR
104       Doug Underwood  14.7 29 2002-03  Youngstown State 29 27 31.5 5.4 12.7 3.6  8.4 1.8  4.3 2.1 2.7 1.2 2.1  3.3 1.0 0.8 0.3 2.0 2.4 14.7 .423 .424  .419 .795 .525 .493   G    SO
105          Mark Miller  14.7 29 1996-97  Illinois-Chicago    29 30.4 5.3 12.3 4.8 10.1 0.5  2.2 3.5         5.2  3.5 2.1 1.7 0.1     2.6 14.7 .433 .478  .231 .673 .496 .454   G    JR
106           Theo Dixon  14.7 28 2001-02   Cleveland State 28 25 31.3 4.9 11.7 3.9  8.3 1.0  3.4 3.8 5.0 1.3 4.7  6.0 1.8 1.6 0.5 3.4 2.7 14.7 .421 .474  .292 .770 .522 .463   F    SR
107         Kevin Melson  14.6 27 1998-99      Wright State    27 34.2 5.3 10.7 5.0  9.4 0.3  1.2 3.9         5.0  6.7 1.5 1.7         1.1 14.6 .493 .529  .212 .765 .560 .505   F    SO
108        Paul McMillan  14.6 31 2002-03    Loyola Chicago 31 29 30.6 5.9 12.4 5.6 11.4 0.3  1.1 2.6 4.0 3.4 5.6  9.0 0.6 1.0 0.5 2.3 3.2 14.6 .473 .491  .273 .640 .510 .484   F    JR
109          Ryan Patton  14.6 28 2001-02  Youngstown State 28 27 34.6 4.7 11.9 2.6  6.4 2.0  5.5 3.2 4.0 0.6 1.9  2.5 5.0 1.4 0.0 3.3 2.3 14.6 .393 .416  .368 .811 .530 .479   G    SR
110        Tyrice Walker  14.6 30 1993-94            Xavier    30 29.3 5.5 10.1 5.3  9.5 0.2  0.6 3.4         5.3  4.9 2.2 0.8         1.0 14.6 .546 .560  .333 .631 .578 .556   F    SR
111         Keion Brooks  14.6 27 1996-97      Wright State    27 31.9 5.9 13.2 5.7 12.0 0.3  1.1 2.4         3.7  4.7 4.5 1.8         0.3 14.6 .449 .471  .226 .667 .488 .459   G    SO
112     Roderick Johnson  14.5 27 1995-96         Milwaukee    27 29.0 5.4 10.9 5.1 10.2 0.4  0.7 3.2         4.5  7.1 0.8 1.9         0.4 14.5 .500 .498  .526 .713 .555 .517   F    FR
113      Hubert Register  14.4 27 1994-95 Northern Illinois 27 26 31.6 5.5 10.4 5.2  9.2 0.3  1.2 3.1         3.7  7.8 1.6 1.3 2.4 2.0 2.7 14.4 .532 .569  .250 .830 .594 .546   C    SR
114         Mike Simmons  14.4 27 1994-95  Illinois-Chicago 27 26 33.9 4.8 10.1 3.3  6.6 1.5  3.5 3.3         4.4  4.9 4.8 1.6     0.0 2.3 14.4 .473 .494  .432 .763 .591 .548   G    SR
115        Jamie Gladden  14.4 30 1992-93            Xavier 30 28 34.8 5.1 11.5 3.0  6.9 2.1  4.6 2.0         2.8  2.1 1.9 0.7 0.1 1.2 1.7 14.4 .446 .440  .457 .723 .561 .538   G    SR
116       Jamal Robinson  14.4 14 1995-96 Northern Illinois 14 14 32.9 5.4 11.4 5.1  9.7 0.4  1.6 3.1         4.9  8.3 2.1 0.8         0.4 14.4 .478 .522  .217 .647 .525 .494   F    SR
117     Jerry Carstensen  14.3 29 1999-00         Green Bay 29 29 30.4 5.7 11.7 5.1 10.0 0.5  1.6 2.5 3.3 1.8 3.3  5.1 1.3 1.0 0.5 1.8 2.9 14.3 .485 .512  .319 .768 .543 .507   F    SR
118        Chris Coleman  14.3 17 1995-96 Northern Illinois 17 14 29.5 5.1 11.9 3.1  6.4 2.0  5.6 2.2         3.7  6.3 2.1 0.6         0.3 14.3 .424 .481  .358 .587 .522 .507   F    JR
119           Earl Brown  14.3 28 1999-00    Loyola Chicago 28 28 31.8 5.3 11.6 3.3  6.6 2.0  5.0 1.8 2.3 1.1 2.1  3.3 3.4 1.6 0.4 2.4 2.1 14.3 .452 .500  .390 .810 .563 .537   G    SR
120         Carl Pickett  14.3 29 1995-96     Detroit Mercy 29 26 28.1 4.5 10.7 3.7  9.1 0.8  1.7 4.4         5.9  5.0 2.3 1.6 0.4 2.1 2.7 14.3 .421 .407  .500 .753 .528 .460   F    JR
121         Derek Strong  14.2 33 1989-90            Xavier 33 31 29.7 4.4  8.3 4.4  8.3 0.0  0.0 5.4         6.4  9.9 0.9 0.8 0.8 2.4 3.4 14.2 .533       .533 .839 .627 .533   F    SR
122        Jesse Deister  14.2 28 2001-02      Wright State 28 28 32.1 4.8  9.8 2.9  5.0 1.9  4.8 2.6 3.1 0.6 2.3  2.9 2.2 1.4 0.5 2.2 2.4 14.2 .491 .579  .400 .849 .628 .589   G    SR
123           Kerman Ali  14.1 27 1992-93    Loyola Chicago         27 4.9  9.1 4.9  9.1 0.0  0.0 4.3         6.0  6.4 0.4 0.7         0.3 14.1 .543       .543 .720 .594 .543   F    JR
124         Malcolm Sims  14.1 28 1996-97   Cleveland State    28 35.8 4.6 11.5 3.1  7.9 1.5  3.6 3.5         5.1  4.5 3.8 1.6         0.2 14.1 .399 .398  .402 .674 .506 .463   G    SR
125      Michael Hawkins  14.1 28 1994-95            Xavier 28 28 32.9 4.2  9.8 2.1  4.4 2.1  5.4 3.7         4.6  3.3 5.8 1.6 0.1 3.0 1.9 14.1 .427 .475  .388 .792 .590 .535   G    SR
126    Michael Davenport  14.1 30 1990-91            Xavier    30 30.3 4.6 10.6 2.6  5.6 2.1  5.0 2.7         3.6  3.5 2.7 1.3         0.0 14.1 .438 .461  .413 .759 .573 .536   G    SR
127         Kevin Footes  14.0 24 1989-90       Saint Louis    24 27.0 5.3 11.3 4.6  9.4 0.7  1.9 2.7         3.6  4.3 2.7 1.3         0.5 14.0 .472 .491  .378 .744 .540 .504   F    JR
128      Quitman Dillard  14.0 33 1990-91       Saint Louis 33 30 30.0 5.3 12.2 4.2  9.4 1.1  2.8 2.4 3.5 2.6 3.0  5.7 2.0 1.6 0.2 1.9 2.4 14.0 .433 .441  .407 .684 .508 .479   F    JR
129     Desmond Ferguson  14.0 32 1999-00     Detroit Mercy 32 32 33.4 5.0 11.6 2.4  5.2 2.6  6.4 1.4 1.9 1.2 3.9  5.1 1.8 1.0 0.3 1.7 1.5 14.0 .431 .467  .402 .726 .558 .542   G    SR
130      Johnelle Sloane  14.0 27 1995-96  Illinois-Chicago 27 22 29.7 5.2 12.9 3.6  7.8 1.7  5.1 1.9         2.4  4.4 1.0 0.6     1.0 2.4 14.0 .405 .455  .328 .781 .498 .470   F    SR
131     Jermaine Jackson  13.9 31 1998-99     Detroit Mercy    31 34.9 4.2  9.8 3.5  7.4 0.8  2.4 4.7         6.3  6.4 4.5 1.2 0.2 2.9 1.8 13.9 .430 .465  .320 .749 .543 .469   G    SR
132        Kelsey Wilson  13.9 31 1996-97            Butler 31 30 25.4 4.8 11.5 3.4  7.9 1.4  3.6 3.0         3.8  3.1 0.9 1.5 0.5 1.7 2.2 13.9 .417 .426  .396 .773 .525 .479   G    SR
133      Johnelle Sloane  13.9 26 1994-95  Illinois-Chicago 26 23 28.1 5.2 12.5 3.3  7.1 1.9  5.4 1.7         2.3  4.8 1.0 0.8     0.5 2.6 13.9 .412 .462  .348 .738 .511 .488   F    JR
134         Chris Miskel  13.9 24 1994-95            Butler 24 18 30.8 5.3 11.7 4.3  8.8 0.9  2.9 2.5         5.2  4.5 1.4 0.8 0.0 2.5 1.7 13.9 .450 .495  .314 .480 .492 .489   F    JR
135        Cedrick Banks  13.9 34 2001-02  Illinois-Chicago 34 29 30.3 5.2 11.7 4.2  8.8 1.0  2.9 2.4 3.4 2.1 2.4  4.6 2.0 0.8 0.1 2.0 1.9 13.9 .448 .477  .361 .713 .524 .492   G    FR
136         Kevin Footes  13.9 31 1990-91       Saint Louis 31 20 25.0 5.3 10.8 4.6  8.8 0.7  1.9 2.6 3.9 1.9 2.5  4.3 4.5 1.4 0.2 3.0 1.8 13.9 .491 .522  .350 .678 .550 .522   F    SR
137          Clay Tucker  13.9 28 2000-01         Milwaukee 28 28 30.0 4.6 12.1 2.0  5.8 2.6  6.3 2.1 2.6 1.3 3.1  4.4 2.7 1.2 0.8 1.7 2.4 13.9 .382 .354  .407 .808 .522 .488   G    SO
138       Aaron Williams  13.9 27 1991-92            Xavier    27 29.1 5.5  9.4 5.5  9.4 0.0  0.0 2.9         4.2  8.0 1.1 0.6 2.1 2.5 3.5 13.9 .585       .585 .699 .611 .585   F    JR
139           B.J. Larue  13.8 28 1999-00         Green Bay 28 27 35.4 4.3 11.3 2.2  6.0 2.1  5.3 3.2 3.7 0.9 3.8  4.7 3.4 1.3 0.3 2.3 1.4 13.8 .379 .369  .389 .864 .529 .470   G    SR
140         Chris Miskel  13.8 29 1993-94            Butler 29 28 31.6 5.5 10.7 5.0  9.3 0.4  1.4 2.4         3.6  4.7 2.1 1.0 0.1 2.7 2.2 13.8 .513 .541  .325 .657 .556 .534   F    SO
141         Jamal Walker  13.7 31 1990-91            Xavier    31 30.5 4.5  9.8 3.8  7.5 0.7  2.4 4.0         6.4  3.6 5.1 1.8         0.1 13.7 .459 .511  .297 .623 .533 .495   G    SR
142        Mike Lovelace  13.7 29 1991-92     Detroit Mercy    29 31.4 5.4  9.2 5.4  9.1 0.0  0.1 3.0         4.4  5.3 1.5 1.5         0.8 13.7 .582 .589  .000 .677 .606 .582   F    JR
143        Hunter Atkins  13.7 25 1990-91    Loyola Chicago    25 32.4 5.0 12.0 3.0  7.0 2.0  5.0 1.7         2.3  2.6 3.1 2.2     0.3 2.8 13.7 .417 .429  .400 .754 .524 .500   G    JR
144        Derrick Hayes  13.7 31 1997-98     Detroit Mercy    31 29.7 4.7 10.3 3.1  6.6 1.6  3.7 2.6         3.7  4.4 1.3 1.1         0.3 13.7 .456 .463  .443 .719 .568 .536   G    SR
145         Willie Green  13.7 29 2001-02     Detroit Mercy 29 27 30.6 5.1 11.8 4.2  8.7 0.9  3.0 2.7 4.0 1.0 3.2  4.2 1.9 0.8 0.3 2.2 2.6 13.7 .431 .482  .284 .670 .500 .468   G    JR
146       Thomas Jackson  13.6 32 2001-02            Butler 32 32 33.3 5.0 10.6 3.8  6.5 1.3  4.1 2.4 3.2 0.5 2.8  3.3 4.5 2.3 0.1 1.7 1.2 13.6 .471 .577  .303 .745 .561 .529   G    SR
147        Jesse Deister  13.6 29 2000-01      Wright State 29 29 32.3 4.9 10.3 2.9  5.6 2.0  4.8 1.9 2.0 0.6 1.9  2.5 1.9 1.3 0.5 2.2 2.3 13.6 .472 .522  .413 .949 .604 .567   G    JR
148   Theandre Kimbrough  13.6 30 1999-00  Illinois-Chicago 30 22 31.3 5.3 12.1 3.5  7.5 1.7  4.7 1.3 1.7 1.5 3.4  4.9 2.8 1.8 0.1 2.2 1.5 13.6 .434 .473  .371 .769 .525 .505   G    SR
149      Armond Williams  13.6 30 2002-03  Illinois-Chicago 30 28 28.5 5.6  8.8 5.6  8.7 0.0  0.0 2.4 4.4 2.6 5.0  7.6 1.0 1.3 0.8 1.8 3.1 13.6 .639 .641  .000 .538 .625 .639   F    SO
150          Clay Tucker  13.6 25 1999-00         Milwaukee 25 25 30.6 4.5 12.1 1.7  4.6 2.8  7.6 1.8 2.6 1.2 4.2  5.3 2.2 1.4 0.7 2.0 2.4 13.6 .370 .377  .365 .719 .508 .483   G    FR
151          John Taylor  13.6 29 1993-94            Butler 29 29 28.0 4.7  8.3 4.7  8.3 0.0  0.0 4.2         5.9  7.5 1.2 0.8 0.6 3.0 3.4 13.6 .558 .560  .000 .715 .607 .558   F    SR
152         Reed Jackson  13.5 32 1993-94        Evansville    32 32.1 4.8  9.4 4.4  8.1 0.4  1.3 3.5         4.9  7.9 4.8 1.2         0.3 13.5 .512 .546  .293 .715 .576 .532   F    JR
153       Anthony Coomes  13.5 28 1997-98  Illinois-Chicago    28 35.9 4.1  9.9 1.7  4.3 2.4  5.6 2.9         3.3  2.4 5.5 1.2         0.0 13.5 .417 .395  .433 .860 .590 .540   G    SR
154         Ronnie Jones  13.3 29 2001-02         Milwaukee 29 22 25.5 4.8 10.9 2.6  5.7 2.2  5.2 1.5 2.0 0.7 2.0  2.7 2.8 1.6 0.2 2.3 1.9 13.3 .440 .446  .433 .746 .562 .543   G    JR
155      Scott Shreffler  13.3 24 1991-92        Evansville    24 31.9 4.3  9.4 2.8  5.4 1.5  4.0 3.3         3.5  2.4 4.7 1.5         0.0 13.3 .456 .527  .361 .918 .599 .533   G    JR
156           Schin Kerr  13.3 28 2000-01    Loyola Chicago 28 28 31.6 5.2 11.5 4.3  8.6 1.0  2.9 1.9 2.7 2.7 3.5  6.3 1.5 1.0 0.5 2.3 2.6 13.3 .453 .494  .333 .707 .520 .495   F    SR
157        Ben Berlowski  13.3 30 1994-95         Green Bay 30 26 32.2 4.4  9.6 2.2  4.4 2.2  5.2 2.2         2.7  4.1 1.9 0.8 0.2 1.7 2.3 13.3 .463 .511  .423 .825 .612 .578   G    JR
158       Shawn Williams  13.2 27 1990-91     Detroit Mercy 27 24 29.7 5.3 10.9 4.8  9.7 0.5  1.2 2.1         3.4  6.3 1.8 1.0 0.4 1.9 2.4 13.2 .486 .494  .424 .626 .529 .510   F    SR
159      Scott Shreffler  13.2 32 1989-90        Evansville 32 32 36.7 4.1  9.4 1.8  4.0 2.3  5.4 2.6         3.0  2.3 5.8 0.8 0.0 3.3 2.4 13.2 .439 .445  .434 .884 .611 .563   G    SO
160         Willie Green  13.2 33 2000-01     Detroit Mercy 33 30 30.7 5.1 10.7 4.1  8.1 1.0  2.6 2.1 2.9 1.3 3.7  5.0 2.4 1.0 0.1 2.0 2.5 13.2 .474 .508  .372 .722 .548 .520   G    SO
161            Damon Key  13.2 29 1990-91         Marquette         29 5.2 10.1 5.2  9.9 0.0  0.2 2.8         3.4  5.7 1.5 0.5         0.1 13.2 .514 .521  .167 .816 .562 .515   F    FR
162           B.J. Larue  13.2 31 1998-99         Green Bay 31 31 31.1 4.0  8.9 2.0  4.5 2.0  4.3 3.2         3.7  4.2 2.2 1.2 0.2     1.8 13.2 .451 .440  .463 .845 .618 .564   G    JR
163          Andy Elkins  13.1 30 1992-93        Evansville 30 27 25.8 4.8  9.0 3.4  6.0 1.4  3.1 2.2         3.0  4.5 1.7 0.5         0.3 13.1 .528 .570  .446 .742 .627 .603   F    SO
164           Paul Burke  13.1 27 1993-94          La Salle 27 27 37.9 4.5 12.0 2.8  6.1 1.7  5.8 2.4         3.3  4.0 6.7 2.4 0.3 3.8 3.2 13.1 .375 .458  .287 .733 .483 .444   G    JR
165         Derek Durham  13.0 21 1994-95         Milwaukee         21 4.6 12.3 3.6  9.1 1.0  3.2 3.0         4.0  2.1 2.7 1.6         0.0 13.0 .371 .398  .294 .729 .458 .409   G    JR
166        James Madison  13.0 30 1999-00   Cleveland State 30 30 28.4 4.3 11.0 2.1  4.6 2.2  6.4 2.2 2.8 0.7 2.0  2.7 2.6 1.5 0.1 1.8 2.1 13.0 .390 .449  .347 .783 .526 .491   G    SR
167         Wayne Walker  13.0 29 1997-98         Green Bay 29 26 29.9 4.1  6.8 4.0  6.6 0.1  0.3 4.7         5.9  5.4 1.7 1.2 0.3 2.1 3.0 13.0 .601 .605  .500 .789 .675 .611   F    SR
168       Thomas Jackson  13.0 32 2000-01            Butler 32 32 32.9 3.9  9.2 2.7  6.0 1.3  3.2 3.8 5.0 0.8 2.6  3.4 4.3 1.5 0.3 2.5 1.7 13.0 .427 .446  .392 .769 .559 .495   G    JR
169        Terrell Riggs  13.0 29 2002-03     Detroit Mercy 29 29 29.2 5.3  9.9 5.3  9.8 0.0  0.0 2.4 4.1 1.9 4.0  5.9 2.1 0.8 0.3 2.2 2.7 13.0 .535 .537  .000 .583 .548 .535   F    SR
170           Pete Sears  12.9 27 1994-95            Xavier 27 26 30.1 5.0 10.3 4.5  8.8 0.4  1.6 2.5         3.1  5.1 2.3 1.3         0.4 12.9 .480 .515  .286 .800 .545 .502   G    SR
171     Jeff Luechtefeld  12.9 33 1990-91       Saint Louis 33 33 35.0 4.3 10.3 1.8  4.1 2.5  6.2 1.8 2.5 1.3 4.3  5.6 4.5 2.2 0.2 2.6 1.9 12.9 .413 .434  .400 .753 .560 .534   F    SR
172     Charles Newberry  12.8 33 1989-90       Saint Louis    33 35.7 4.3  9.6 3.4  7.7 0.9  1.9 3.4         4.0  2.8 5.8 1.7         0.1 12.8 .445 .441  .460 .856 .558 .491   G    SR
173        Mike Lovelace  12.8 27 1992-93     Detroit Mercy 27 27 31.4 5.0  8.1 5.0  8.1 0.0  0.0 2.7         4.5  6.5 0.9 1.0 0.4 1.2 2.1 12.8 .624       .624 .598 .625 .624   F    SR
174        Derrick Dukes  12.8 30 1992-93            Dayton 30 30 36.5 4.6 11.2 3.3  7.4 1.3  3.8 2.2         3.1  3.9 4.1 1.3 0.2 3.2 2.6 12.8 .412 .448  .342 .710 .502 .470   G    JR
175           Matt Rohde  12.8 30 2002-03         Green Bay 30 30 36.4 3.8  9.5 2.0  4.9 1.8  4.5 3.4 4.2 0.6 3.1  3.7 4.6 0.6 0.1 2.9 2.0 12.8 .401 .412  .390 .816 .558 .495   G    SO
176    Michael Davenport  12.7 33 1989-90            Xavier 33 30 29.3 4.4 10.3 2.5  5.0 1.9  5.3 2.0         2.5  2.9 2.4 0.9 0.1 1.8 2.4 12.7 .425 .488  .366 .805 .553 .519   G    JR
177        Chris Coleman  12.7 29 1994-95 Northern Illinois 29 26 30.4 4.7 11.6 2.8  6.0 1.9  5.6 1.6         2.9  6.2 2.6 1.6 0.3 2.8 2.5 12.7 .402 .466  .333 .529 .490 .482   F    SO
178       Devante Blanks  12.7 30 2001-02         Green Bay 30 26 30.5 4.2 10.0 1.6  3.1 2.6  6.9 1.7 2.0 0.2 2.4  2.6 2.9 1.1 0.0 1.8 2.2 12.7 .420 .511  .379 .820 .578 .550   G    SR
179          Jeff Massey  12.7 30 1993-94            Xavier    30 26.7 4.6 10.6 2.8  5.9 1.8  4.7 1.8         2.6  2.1 2.4 1.1         0.7 12.7 .429 .475  .373 .671 .533 .513   G    JR
180      Scott Shreffler  12.7 30 1992-93        Evansville 30 29 32.0 4.1  8.6 2.4  4.4 1.7  4.1 2.9         3.4  2.2 3.4 0.8         0.1 12.7 .475 .541  .403 .851 .623 .572   G    SR
181        Theodis Owens  12.7 27 1994-95    Loyola Chicago 27 24 32.5 4.1 11.3 2.4  6.2 1.7  5.1 2.6         3.8  3.3 3.8 1.2 0.0 2.8 3.4 12.7 .368 .389  .343 .696 .485 .446   G    JR
182      Michael Jackson  12.7 29 1993-94     Detroit Mercy 29 29 35.4 4.0 10.0 2.2  5.4 1.8  4.6 2.9         4.0  4.0 4.7 1.3 0.0 3.0 2.3 12.7 .400 .405  .394 .716 .532 .490   G    JR
183        James Madison  12.6 28 1996-97   Cleveland State    28 32.6 4.3 10.3 1.9  3.9 2.4  6.4 1.7         2.5  2.7 1.6 1.0         0.0 12.6 .418 .495  .371 .676 .552 .533   G    FR
184        Jon Neuhouser  12.6 33 1997-98            Butler 33 31 29.1 5.1 10.0 4.0  7.4 1.1  2.6 1.5         2.5  5.3 1.9 0.7 0.2 1.7 2.0 12.6 .506 .543  .402 .578 .564 .559   F    SR
185          Derek Molis  12.6 27 1996-97    Loyola Chicago    27 32.7 4.4 10.7 1.6  3.9 2.8  6.9 1.1         1.6  2.1 2.6 1.1         0.2 12.6 .407 .413  .403 .698 .549 .536   G    SR
186        Jon Neuhouser  12.6 27 1995-96            Butler 27 26 30.7 4.7  8.7 4.3  7.8 0.4  1.0 2.8         4.1  6.9 2.3 0.9 0.2 2.3 2.1 12.6 .538 .552  .423 .685 .591 .561   F    SO
187     Desmond Ferguson  12.6 31 1998-99     Detroit Mercy    31 34.8 4.1 10.6 1.5  3.7 2.7  6.9 1.6         2.2  4.5 1.6 0.9         0.4 12.6 .389 .391  .388 .761 .540 .515   G    JR
188         Eric Dolezal  12.6 27 1992-93    Loyola Chicago         27 5.1 10.8 4.8  9.3 0.3  1.5 2.0         3.5  4.7 1.7 1.6         0.1 12.6 .473 .512  .225 .574 .503 .488   G    SR
189          Joah Tucker  12.5 31 2003-04         Milwaukee 31 31 27.6 4.7  9.5 4.4  8.8 0.3  0.6 2.9 4.4 2.3 2.5  4.8 2.1 0.6 0.2 2.9 2.9 12.5 .495 .500  .421 .664 .543 .509   F    SO
190          Thad Burton  12.5 28 1997-98      Wright State    28 30.2 4.2  8.3 4.2  8.2 0.0  0.1 4.2         6.2 10.9 0.8 0.7         0.3 12.5 .506 .511  .000 .672 .560 .506   C    SR
191    Brett Etherington  12.5 29 1990-91            Butler         29 4.3  9.3 4.3  8.9 0.1  0.3 3.8         4.4  6.0 2.0 1.7         0.8 12.5 .468 .479  .200 .845 .550 .472   F    SR
192         Eric Dolezal  12.4 29 1990-91    Loyola Chicago    29 31.1 4.7  9.7 4.1  8.2 0.6  1.5 2.6         4.1  6.2 2.1 1.6     0.1 2.7 12.4 .480 .498  .386 .622 .535 .511   G    SO
193       Tyrone Baldwin  12.4 29 1989-90         Marquette         29 4.9  9.6 4.9  9.6 0.0  0.1 2.7         3.6  5.3 2.0 0.9         0.8 12.4 .509 .513  .000 .733 .549 .509   F    SR
194        LaVall Jordan  12.4 32 2000-01            Butler 32 32 32.2 4.2  9.0 2.1  4.4 2.0  4.6 2.1 2.4 1.0 3.2  4.2 1.9 0.9 0.3 1.8 2.7 12.4 .460 .482  .439 .859 .610 .573   G    SR
195         Carl Pickett  12.4 28 1994-95     Detroit Mercy         28 4.1  9.5 3.1  6.3 1.1  3.1 3.1         4.5  4.5 1.5 0.7         0.4 12.4 .438 .486  .341 .677 .535 .494   F    SO
196         Keion Brooks  12.4 27 1995-96      Wright State    27 31.2 4.6 10.3 4.3  8.7 0.3  1.6 3.0         4.3  3.2 3.4 1.5         0.1 12.4 .444 .496  .163 .696 .502 .457   G    FR
197       Shawn Williams  12.4 27 1989-90           Detroit         27 5.3 10.9 5.3 10.6 0.0  0.3 1.8         3.0  4.0 1.5 0.9         0.6 12.4 .485 .495  .125 .593 .502 .486   F    JR
198           Pat McCabe  12.4 28 1996-97         Milwaukee    28 34.0 3.6  9.4 1.7  4.1 1.9  5.3 3.3         4.5  4.3 1.5 1.3         0.1 12.4 .385 .412  .365 .728 .540 .489   G    JR
199       Jermaine Guice  12.4 24 1991-92            Butler 24 19 29.0 4.3  9.5 2.5  4.7 1.8  4.8 2.0 3.2 0.5 3.0  3.4 2.8 1.8 0.1 2.6 2.5 12.4 .452 .545  .362 .645 .562 .544   G    SO
200         Shawn Harlan  12.4 28 1995-96  Illinois-Chicago 28 28 31.9 3.6  9.0 2.0  4.8 1.6  4.2 3.5         4.4  6.9 4.5 1.9 0.8 2.7 3.1 12.4 .401 .418  .381 .805 .557 .490   F    SR
[/code]

Provided by [url=https://www.sports-reference.com/sharing.html?utm_source=direct&utm_medium=Share&utm_campaign=ShareTool]Stathead[/url]: [url=https://www.sports-reference.com/stathead/basketball/cbb/player-season-finder.cgi?utm_source=direct&utm_medium=Share&utm_campaign=ShareTool]Found with Stathead. See Full Results.[/url]
Generated 6/11/2026.