
[code]                                                                                                                                                                                
                                                                                                                                                                            Per 
Rk              Player PTS/G  G  Season         Team  G GS   MP  FG  FGA  2P  2PA  3P 3PA  FT FTA ORB DRB  TRB AST STL BLK TOV  PF  PTS  FG%  2P%   3P%  FT%  TS% eFG% Pos Class
1         Buck Jenkins  22.2 26 1992-93     Columbia 26 26 35.5 7.2 16.7 5.1 11.0 2.2 5.6 5.6         7.4  3.2 1.6 1.1 0.3 2.7 2.1 22.2 .434 .460  .384 .756 .551 .499   G    SR
2        Tyler Rullman  21.4 26 1992-93      Harvard 26 25 36.1 7.9 17.5 6.4 13.0 1.5 4.5 4.0         5.1  5.8 1.5 1.7 0.5 2.6 2.0 21.4 .452 .494  .331 .795 .536 .495   F    SR
3          Ralph James  20.3 24 1989-90      Harvard 24 18 31.8 6.8 15.7 5.2 11.5 1.5 4.2 5.2 7.0 2.5 4.0  6.5 1.7 1.0 0.3 2.7 2.2 20.3 .431 .453  .370 .749 .534 .480   G    JR
4       C.J. Thompkins  20.2 26 1996-97     Columbia 26 26 36.2 6.8 14.3 3.5  6.3 3.3 8.0 3.2         4.6  4.1 2.2 1.4 0.2 2.6 2.4 20.2 .478 .552  .420 .689 .613 .595   G    SR
5         KaRon Barnes  20.1 27 2003-04      Cornell 27 27 35.1 6.8 16.6 4.7 10.6 2.1 6.0 4.4 5.7 0.5 3.0  3.5 4.6 1.9 0.3 4.3 3.0 20.1 .412 .448  .348 .774 .522 .474   G    SR
6            Earl Hunt  19.7 27 2000-01        Brown 27 27 33.8 7.0 14.4 5.5 10.7 1.5 3.7 4.1 5.4 1.9 4.4  6.2 2.5 1.4 0.3 2.5 2.1 19.7 .487 .514  .410 .772 .581 .540   G    SO
7            Earl Hunt  19.7 27 2001-02        Brown 27 26 34.7 6.4 14.3 4.6  9.7 1.8 4.6 5.1 6.1 1.3 3.6  4.9 2.1 1.2 0.2 1.8 1.4 19.7 .449 .475  .395 .841 .576 .513   G    JR
8      James Blackwell  19.3 26 1990-91    Dartmouth 26 22 35.6 6.6 15.7 5.8 12.4 0.8 3.3 5.4         7.0  3.0 4.5 2.6 0.2 4.3 2.7 19.3 .419 .467  .235 .770 .508 .444   G    SR
9      Hassan Duncombe  19.1 26 1989-90 Pennsylvania 26 23 28.5 8.0 14.8 8.0 14.7 0.0 0.1 3.1         4.7  7.7 0.3 0.3 1.4 1.1 3.7 19.1 .542 .545  .000 .659 .562 .542   C    JR
10           Earl Hunt  19.1 27 2002-03        Brown 27 27 35.9 6.3 14.3 4.6  9.5 1.7 4.8 4.7 5.6 1.1 3.5  4.7 2.2 0.9 0.1 2.1 1.5 19.1 .443 .486  .357 .836 .562 .503   G    SR
11      Kamal Rountree  18.8 26 1998-99        Brown    26 34.2 6.8 15.3 6.3 13.8 0.5 1.5 4.7 5.6 1.3 4.8  6.1 1.6 0.9 0.5 3.1 2.9 18.8 .445 .457  .333 .829 .522 .461   F    SR
12        Dan Clemente  18.7 26 2000-01      Harvard 26 26 35.3 6.5 15.3 3.8  8.3 2.7 7.0 3.0 3.7 1.2 5.7  6.9 2.0 1.3 0.1 3.5 2.7 18.7 .427 .465  .383 .794 .548 .515   F    SR
13        Dan Clemente  18.6 16 1999-00      Harvard 16 16 36.6 6.8 15.8 4.1  8.6 2.8 7.1 2.3 2.8 1.4 4.2  5.6 1.8 0.9 0.2 2.8 2.8 18.6 .433 .471  .386 .818 .546 .520   F    JR
14        Craig Austin  18.4 27 2000-01     Columbia 27 27 35.4 5.7 12.6 3.7  7.8 2.0 4.8 5.1 6.3 1.1 3.5  4.6 2.3 1.4 0.6 3.0 3.0 18.4 .451 .476  .411 .811 .591 .529   F    JR
15           Shaun Gee  18.3 25 1997-98    Dartmouth 25 25 37.0 6.6 13.4 5.4 10.6 1.1 2.8 4.0         6.3  6.0 2.5 1.0 0.7 3.8 3.4 18.3 .491 .513  .406 .643 .559 .533   F    SO
16         John McCord  18.1 26 1996-97      Cornell 26 26 31.2 7.2 12.3 7.2 12.2 0.0 0.0 3.8         5.6  9.0 1.4 0.8 1.3 2.1 2.3 18.1 .583 .585  .000 .678 .606 .583   F    SR
17      Patrick Harvey  18.1 26 2001-02      Harvard 26 26 34.3 6.2 14.3 3.5  7.3 2.7 7.0 3.0 3.8 0.9 2.3  3.3 2.2 2.1 0.1 2.5 2.2 18.1 .432 .482  .379 .806 .560 .524   G    JR
18           Shaun Gee  18.1 27 1999-00    Dartmouth 27 27 32.2 6.4 13.5 4.9 10.1 1.4 3.4 3.9 6.6 2.1 3.9  5.9 1.6 1.4 0.9 2.9 3.6 18.1 .473 .489  .424 .593 .545 .526   F    SR
19        Buck Jenkins  18.0 26 1990-91     Columbia         26 6.9 13.9 6.9 13.7 0.0 0.2 4.2         6.2  3.5 1.5 0.9         0.6 18.0 .499 .501  .250 .671 .536 .500   G    SO
20      Ugonna Onyekwe  17.5 32 2001-02 Pennsylvania 32 32 30.3 6.9 12.5 6.2 10.6 0.7 1.9 3.1 4.9 1.6 4.4  6.0 1.9 1.2 1.3 2.0 2.7 17.5 .551 .584  .367 .628 .592 .579   F    JR
21           Shaun Gee  17.4 26 1998-99    Dartmouth 26 26 33.1 5.8 13.2 4.8 10.0 1.0 3.1 4.7         6.6  6.5 2.1 1.0 0.8     3.2 17.4 .442 .475  .333 .715 .533 .481   F    JR
22        Sea Lonergan  17.3 26 1994-95    Dartmouth    26 35.7 6.3 13.7 4.7 10.0 1.6 3.7 3.0         3.8  3.1 3.8 1.3 0.3 3.2 2.0 17.3 .465 .475  .438 .788 .560 .524   F    SO
23       Gary Raimondo  17.2 26 1998-99     Columbia 26 26 35.4 6.5 13.8 4.8  9.4 1.6 4.4 2.6 4.7 1.6 4.3  5.9 2.4 2.5 0.2 3.8 2.6 17.2 .468 .516  .365 .553 .534 .526   G    SR
24         Ed Petersen  17.1 25 1991-92         Yale 25 25 35.2 5.9 13.1 3.0  6.4 2.9 6.7 2.4         2.9  2.0 3.1 0.8 0.0 3.2 1.9 17.1 .451 .475  .429 .819 .589 .561   G    SR
25        Sea Lonergan  17.0 26 1996-97    Dartmouth 26 26 35.8 5.9 12.2 4.9  9.0 1.0 3.2 4.2         5.4  3.8 2.6 2.2 0.2 2.7 2.2 17.0 .486 .543  .325 .766 .577 .528   F    SR
26           Earl Hunt  17.0 27 1999-00        Brown 27 27 32.3 5.9 14.0 5.0 11.1 0.8 2.8 4.5 5.7 1.7 3.8  5.5 1.9 0.8 0.1 2.2 2.3 17.0 .419 .452  .289 .792 .511 .448   G    FR
27        Sea Lonergan  16.9 26 1995-96    Dartmouth    26 35.3 6.5 15.1 5.6 12.1 0.9 3.0 2.9         3.6  4.2 3.4 1.8 0.1 3.0 2.2 16.9 .433 .463  .308 .806 .502 .463   F    JR
28           Greg Buth  16.9 27 1999-00    Dartmouth 27 27 35.7 6.0 14.3 3.6  7.2 2.4 7.0 2.5 3.0 1.1 2.2  3.3 2.1 1.8 0.1 2.6 3.4 16.9 .421 .503  .337 .827 .537 .504   G    JR
29        Buck Jenkins  16.8 26 1991-92     Columbia 26 26 34.6 6.0 13.9 5.5 12.2 0.5 1.7 4.2 5.9 0.8 2.8  3.6 1.7 1.0 0.4 3.5 2.6 16.8 .435 .456  .289 .714 .503 .453   G    JR
30         Jason Forte  16.8 26 2003-04        Brown 26 24 34.2 5.5 12.1 4.3  9.1 1.2 3.0 4.5 5.7 0.8 3.1  3.9 5.0 1.8 0.2 3.5 2.3 16.8 .459 .479  .397 .796 .568 .508   G    JR
31      Patrick Harvey  16.7 18 2002-03      Harvard 18 18 35.0 5.3 14.7 2.7  7.5 2.6 7.2 3.6 4.4 0.9 2.6  3.5 3.3 1.9 0.0 3.3 1.8 16.7 .360 .363  .357 .800 .497 .447   G    SR
32     Crawford Palmer  16.6 26 1992-93    Dartmouth    26 32.6 6.3 12.8 5.8 11.3 0.5 1.5 3.5         4.6  8.0 2.6 0.6 2.7 3.3 3.6 16.6 .491 .512  .333 .756 .552 .510   C    SR
33       Walter Palmer  16.6 25 1989-90    Dartmouth    25 22.6 6.0 11.6 5.9 11.2 0.0 0.4 4.6         5.7  6.5 0.3 0.5 3.4 2.4 3.7 16.6 .514 .527  .111 .810 .579 .516   C    SR
34           Greg Buth  16.5 26 1998-99    Dartmouth 26 26 33.8 5.5 11.3 2.3  4.4 3.2 6.8 2.3         2.5  2.7 1.3 1.5 0.1     1.9 16.5 .491 .530  .466 .908 .664 .633   G    SO
35      Ugonna Onyekwe  16.5 28 2002-03 Pennsylvania 28 23 29.6 6.1 12.1 5.7 10.3 0.5 1.8 3.8 5.8 2.1 4.2  6.4 2.0 1.4 0.8 2.9 2.6 16.5 .509 .550  .265 .650 .557 .528   F    SR
36          Ira Bowman  16.4 27 1995-96 Pennsylvania    27 35.2 5.5 12.1 4.5  9.3 1.0 2.8 4.4         6.1  5.0 5.3 2.1         0.3 16.4 .454 .480  .368 .711 .546 .497   F    SR
37        Kyle Snowden  16.4 26 1996-97      Harvard    26 38.2 6.3 11.2 6.2 10.6 0.2 0.6 3.6         4.8  9.7 1.2 1.3 0.2     1.6 16.4 .564 .580  .267 .758 .609 .570   F    SR
38           Greg Buth  16.3 27 2000-01    Dartmouth 27 27 34.9 5.4 13.1 2.9  6.4 2.6 6.7 2.9 3.4 1.5 2.6  4.1 1.7 1.5 0.1 2.0 2.7 16.3 .414 .451  .379 .828 .551 .511   G    SR
39        Matt Maloney  16.3 27 1992-93 Pennsylvania 27 27 35.3 5.5 13.3 2.1  5.7 3.4 7.6 1.9         2.5  3.3 3.6 1.7 0.0 2.3 2.1 16.3 .412 .370  .444 .776 .562 .539   G    SO
40      David Tompkins  16.2 26 1998-99         Yale 26 26 35.3 6.3 10.6 6.3 10.3 0.0 0.2 3.5         5.2  9.9 1.5 1.5 0.2     2.6 16.2 .600 .613  .000 .676 .621 .600   F    SR
41      Daniel Okonkwo  16.2 26 1996-97         Yale 26 26 34.0 6.2 12.2 6.0 11.8 0.2 0.4 3.7 5.0 3.5 5.2  8.6 2.2 2.1 0.7 2.4 3.7 16.2 .509 .513  .400 .725 .557 .516   G    SR
42     Emerson Whitley  16.1 26 1997-98         Yale 26 26 34.5 5.4 11.8 3.8  7.1 1.6 4.7 3.7         4.6  6.8 1.9 1.8 0.2 2.7 3.0 16.1 .459 .543  .333 .800 .576 .526   F    SR
43         Mike Jordan  16.0 29 1999-00 Pennsylvania 29 29 34.6 5.4 10.7 3.8  6.2 1.7 4.5 3.4 4.1 1.0 3.4  4.3 4.9 1.4 0.1 2.9 1.8 16.0 .510 .611  .369 .847 .634 .587   G    SR
44        Craig Austin  16.0 28 2001-02     Columbia 28 28 36.2 5.1 11.8 3.7  7.5 1.4 4.3 4.4 5.6 1.1 4.2  5.4 1.8 0.7 0.3 2.0 2.6 16.0 .432 .493  .325 .795 .554 .491   F    SR
45            Tim Hill  16.0 26 1998-99      Harvard    26 39.7 5.3 13.3 4.7 10.5 0.6 2.7 4.8 5.7 0.5 2.4  2.8 6.6 1.9 0.0 2.3 1.8 16.0 .397 .442  .225 .850 .500 .420   G    SR
46         Ralph James  16.0 20 1990-91      Harvard 20 18 33.0 5.1 13.0 4.0  9.5 1.2 3.5 4.6 5.8 2.1 3.7  5.8 1.2 0.6 0.3 2.1 2.4 16.0 .394 .416  .333 .793 .508 .438   G    SR
47        Ron Mitchell  15.8 26 1990-91      Harvard 26 26 33.1 5.3 10.0 5.2  9.7 0.1 0.4 5.2 6.9 3.2 6.2  9.4 1.8 1.2 0.8 3.2 3.6 15.8 .525 .538  .200 .756 .595 .529   F    JR
48      Spencer Gloger  15.7 19 2002-03    Princeton 19 19 33.1 5.5 12.5 3.2  6.3 2.3 6.2 2.5 3.6 1.5 4.2  5.7 1.8 0.9 0.2 1.1 1.9 15.7 .439 .504  .373 .691 .555 .532   G    SR
49           Jeff Gaca  15.7 26 1992-93      Cornell 26 24 29.3 5.1 12.8 3.0  7.8 2.0 5.0 3.5         4.0  2.4 2.0 0.7 0.1 2.2 1.9 15.7 .396 .391  .405 .875 .533 .476   G    SR
50         Gregg Frame  15.6 26 1993-94    Dartmouth    26 34.1 5.6 12.9 5.1 11.2 0.5 1.7 3.9         6.0  6.2 6.1 1.4 0.0 4.4 2.1 15.6 .436 .459  .289 .643 .496 .455   G    SR
51        Chuck Savage  15.5 26 1990-91        Brown 26 26 32.8 5.3 11.6 3.2  6.8 2.1 4.8 2.7         3.6  4.7 3.9 2.1 0.3 3.3 2.0 15.5 .457 .466  .444 .763 .581 .548   G    JR
52        Ron Mitchell  15.4 24 1989-90      Harvard 24 22 30.1 5.5 10.7 5.5 10.5 0.0 0.2 4.4 6.0 3.3 4.5  7.8 1.1 1.5 0.4 3.0 3.4 15.4 .516 .526  .000 .741 .571 .516   F    SO
53       Tyler Rullman  15.4 26 1991-92      Harvard 26 26 35.0 5.8 11.7 4.4  8.0 1.4 3.7 2.3 3.0 2.2 3.3  5.5 1.0 1.4 0.0 3.2 2.4 15.4 .500 .556  .381 .766 .587 .561   F    JR
54      Brady Merchant  15.4 27 2002-03      Harvard 27 27 32.1 5.4 12.2 2.9  6.0 2.6 6.2 1.9 2.8 1.7 2.9  4.5 1.9 1.4 0.3 2.0 2.1 15.4 .447 .484  .411 .684 .568 .552   G    SR
55      Patrick Powers  15.4 27 2003-04        Brown 27 26 33.7 5.2 12.4 2.3  4.9 2.9 7.5 2.1 2.7 0.8 4.7  5.6 2.6 1.5 0.3 2.5 2.6 15.4 .419 .481  .379 .795 .563 .534   F    SR
56    Justin Treadwell  15.4 22 1993-94      Cornell 22 21 30.5 6.1 13.3 4.7  9.7 1.4 3.6 1.8         2.2  7.8 0.7 0.7 0.5 1.7 3.0 15.4 .457 .486  .380 .833 .535 .509   F    SR
57      Judson Wallace  15.3 27 2003-04    Princeton 27 27 28.0 5.3 10.5 4.4  7.9 0.9 2.6 3.8 5.1 2.0 4.4  6.4 2.0 1.0 0.7 2.8 3.0 15.3 .505 .557  .352 .734 .592 .549   C    JR
58         Mike Jordan  15.3 27 1997-98 Pennsylvania    27 35.8 5.4 10.9 3.9  7.5 1.5 3.4 3.0         4.4  4.3 4.9 1.7         0.0 15.3 .498 .525  .440 .675 .590 .567   G    SO
59         Mike Jordan  15.3 27 1998-99 Pennsylvania    27 35.0 5.2 11.9 3.0  6.0 2.2 5.9 2.7         3.4  3.8 4.6 1.2         0.0 15.3 .439 .503  .373 .783 .566 .531   G    JR
60        Matt Preston  15.3 27 2003-04     Columbia 27 27 29.9 5.3 11.2 4.3  8.2 1.0 3.0 3.6 4.3 2.3 3.2  5.4 2.2 1.2 0.4 3.1 3.2 15.3 .472 .518  .346 .845 .575 .518   F    JR
61          Mike Scott  15.1 26 1997-98      Harvard         26 5.8 12.3 4.1  8.2 1.7 4.2 1.9         2.8  5.9 3.0 1.8         0.5 15.1 .469 .505  .398 .676 .553 .536   G    SR
62         Jerry Simon  15.1 26 1989-90 Pennsylvania 26 26 35.3 4.7 12.7 2.7  7.4 2.0 5.3 3.6         4.3  5.4 3.5 1.8 0.0 2.2 2.7 15.1 .372 .363  .384 .823 .510 .452   G    SR
63        Kyle Snowden  15.1 26 1995-96      Harvard 26 26 37.2 5.9 10.8 5.9 10.7 0.0 0.2 3.2         4.1 11.1 1.0 1.2 0.2 1.0 1.7 15.1 .548 .556  .000 .785 .591 .548   F    JR
64         Kit Mueller  15.0 27 1989-90    Princeton 27 27 37.7 5.6 10.1 5.4  9.3 0.3 0.9 3.5         4.6  4.9 5.2 0.8         0.4 15.0 .555 .580  .292 .764 .609 .568   C    JR
65            Tim Hill  14.9 25 1997-98      Harvard    25 39.2 5.0 11.2 3.9  8.2 1.1 3.1 3.7         4.5  2.5 5.3 1.7 0.0     2.3 14.9 .448 .480  .364 .830 .558 .498   G    JR
66       Lamar Plummer  14.9 29 2000-01 Pennsylvania 29 29 31.2 4.7 12.1 1.3  3.9 3.3 8.2 2.2 3.0 0.7 2.0  2.7 1.1 0.8 0.0 1.4 2.1 14.9 .385 .348  .402 .756 .550 .521   G    SR
67        Matt Maloney  14.9 28 1994-95 Pennsylvania 28 28 31.6 5.1 11.2 2.0  4.1 3.1 7.1 1.5 2.1 0.5 2.3  2.8 4.3 1.8 0.0 2.0 1.3 14.9 .459 .491  .439 .695 .608 .597   G    SR
68      C.J. Thompkins  14.8 26 1995-96     Columbia 26 26 35.3 4.7 11.1 2.2  4.6 2.5 6.5 3.0         4.0  3.3 2.8 1.5 0.0 3.5 2.2 14.8 .422 .487  .376 .743 .570 .533   G    JR
69       Zeke Marshall  14.8 26 1993-94      Cornell 26 26 32.8 5.4 12.0 5.3 10.8 0.1 1.2 3.9         5.9  6.8 2.8 1.8 0.4 3.1 3.2 14.8 .452 .489  .100 .660 .502 .457   F    SR
70       Dean Campbell  14.8 26 1989-90         Yale 26 26 31.8 5.8 12.7 5.1 11.1 0.7 1.6 2.6         3.7  5.9 1.1 1.7 0.5 2.1 2.5 14.8 .455 .457  .439 .691 .512 .482   F    JR
71       Gabe Lewullis  14.8 30 1998-99    Princeton         30 5.1 11.2 2.9  5.2 2.2 6.0 2.5         3.3  5.2 2.6 2.0         0.3 14.8 .454 .558  .363 .765 .582 .551   F    SR
72         Damian Long  14.8 27 1999-00      Harvard 27 27 32.8 5.1 12.1 2.4  5.6 2.7 6.4 2.0 2.5 1.5 2.8  4.3 1.8 1.0 0.1 1.3 2.6 14.8 .420 .428  .414 .791 .558 .531   F    SR
73        Ray Mercedes  14.8 26 1999-00      Cornell 26 24 30.8 5.0 12.3 3.2  8.0 1.8 4.3 3.0 5.1 2.1 3.8  5.9 1.2 1.4 0.1 3.2 2.6 14.8 .408 .406  .411 .591 .503 .480   F    JR
74          Brian Earl  14.7 30 1998-99    Princeton         30 4.9 10.5 2.6  4.4 2.3 6.1 2.6         2.9  3.1 3.5 1.3         0.1 14.7 .471 .603  .377 .875 .621 .581   G    SR
75         Kevin Rogus  14.7 27 2003-04      Harvard 27 27 31.7 4.0 12.4 1.2  4.4 2.7 8.0 4.0 5.0 1.0 2.2  3.1 0.9 1.2 0.1 1.8 2.4 14.7 .320 .280  .343 .807 .499 .431   G    JR
76      Onaje Woodbine  14.7 27 1999-00         Yale 27 27 35.3 5.4 12.6 4.1  8.4 1.3 4.1 2.6 3.3 0.6 3.1  3.8 2.0 1.3 0.2 2.9 2.1 14.7 .431 .489  .313 .778 .520 .482   G    SO
77       Gary Raimondo  14.7 23 1997-98     Columbia 23 23 34.2 5.3 12.6 4.1  8.3 1.2 4.3 2.8         5.6  7.1 2.4 2.4 0.3 3.7 2.7 14.7 .426 .500  .283 .496 .482 .474   G    JR
78        Jerome Allen  14.7 28 1994-95 Pennsylvania 28 28 33.4 5.1 11.9 3.6  7.3 1.5 4.6 3.0 4.2 1.0 3.8  4.8 5.7 1.3 0.1 2.3 1.1 14.7 .429 .500  .318 .712 .528 .491   G    SR
79        Dan Clemente  14.7 26 1998-99      Harvard    26 30.6 5.5 11.8 3.3  6.5 2.2 5.3 1.4 1.8 1.3 3.3  4.6 0.8 1.0 0.2 2.3 2.8 14.7 .466 .506  .417 .804 .579 .560   F    SO
80        Cody Toppert  14.6 27 2003-04      Cornell 27 27 33.5 5.1 13.0 2.3  5.0 2.9 8.0 1.6 1.9 0.8 3.0  3.8 1.4 0.8 0.2 1.6 2.2 14.6 .394 .452  .358 .840 .528 .504   G    JR
81         Ed Petersen  14.6 25 1990-91         Yale 25 25 34.8 4.6 11.5 2.4  6.0 2.2 5.5 3.3         3.9  2.4 3.6 1.0 0.0 2.2 1.8 14.6 .397 .403  .391 .845 .546 .491   G    JR
82           Jeff Gaca  14.5 26 1991-92      Cornell 26 20 30.4 4.9 12.5 2.9  6.7 2.0 5.8 2.8         3.5  3.0 2.7 1.4 0.1 2.9 1.9 14.5 .392 .437  .340 .802 .515 .471   G    JR
83        Barry Pierce  14.5 27 1992-93 Pennsylvania 27 26 32.3 5.3 10.9 4.5  8.7 0.8 2.3 3.0         4.1  5.5 2.1 1.5         0.4 14.5 .488 .521  .361 .723 .561 .525   F    JR
84        Jerome Allen  14.5 28 1993-94 Pennsylvania 28 28 33.2 4.4 11.0 2.6  5.8 1.8 5.2 3.8         4.9  4.5 4.6 1.9 0.1 2.5 1.7 14.5 .401 .454  .342 .787 .542 .482   G    JR
85       Tyler Rullman  14.5 26 1990-91      Harvard 26 26 33.8 5.3 11.2 3.8  7.7 1.5 3.5 2.3 2.9 2.0 2.9  5.0 1.1 0.9 0.5 1.8 2.4 14.5 .474 .488  .444 .789 .575 .543   F    SO
86        Flinder Boyd  14.4 27 2001-02    Dartmouth 27 27 37.7 5.2 10.5 3.4  6.7 1.9 3.8 2.1 3.3 0.6 2.1  2.7 4.1 1.2 0.0 2.6 2.0 14.4 .498 .506  .485 .640 .598 .587   G    SR
87      Jeff Schiffner  14.4 27 2003-04 Pennsylvania 27 27 35.6 4.4 11.3 1.6  4.3 2.8 7.0 2.8 3.5 0.7 2.6  3.3 3.3 0.8 0.1 2.0 1.7 14.4 .390 .368  .404 .798 .556 .515   G    SR
88         Kit Mueller  14.3 27 1990-91    Princeton         27 5.3  8.9 4.9  7.9 0.4 1.0 3.2         4.7  5.2 4.7 1.0         0.9 14.3 .598 .618  .444 .690 .644 .623   C    SR
89         Ed Petersen  14.2 25 1989-90         Yale 25 25 36.8 4.9 11.6 2.9  6.6 2.0 5.0 2.4         2.9  2.3 3.4 1.4 0.0 3.3 1.8 14.2 .423 .442  .397 .822 .547 .509   G    SO
90        Craig Austin  14.2 27 1999-00     Columbia 27 27 33.4 4.7 10.5 3.3  6.7 1.4 3.7 3.5 4.6 0.6 2.7  3.3 2.4 1.1 0.4 2.8 2.5 14.2 .445 .489  .366 .772 .562 .511   F    SO
91       Gabe Lewullis  14.2 29 1997-98    Princeton    29 34.7 5.0  9.8 2.8  4.4 2.2 5.4 2.0         2.9  5.3 2.6 1.2         0.4 14.2 .511 .630  .414 .687 .637 .625   F    JR
92        Ray Mercedes  14.2 26 1998-99      Cornell 26 24 30.6 5.1 12.7 3.4  7.2 1.7 5.5 2.3 3.3 2.1 3.3  5.5 2.0 0.8 0.2 3.0 2.8 14.2 .399 .468  .308 .701 .496 .465   F    SO
93        Russ Steward  14.2 26 1991-92     Columbia 26 26 30.1 5.0 10.6 3.0  6.5 2.0 4.1 2.3 2.8 1.8 4.2  5.9 1.5 1.0 0.5 2.8 2.3 14.2 .469 .462  .481 .822 .596 .562   F    SR
94      Koko Archibong  14.2 32 2001-02 Pennsylvania 32 32 30.3 4.7  9.1 3.8  7.1 0.8 2.1 4.0 4.9 1.9 3.8  5.7 1.6 1.0 1.0 2.1 3.1 14.2 .510 .544  .394 .816 .617 .555   F    JR
95            Tim Krug  14.0 27 1995-96 Pennsylvania         27 5.7 13.8 4.4 10.3 1.2 3.5 1.5         3.2  8.9 2.7 0.9         1.8 14.0 .411 .433  .347 .460 .458 .456   F    SR
96        Matt Maloney  14.0 28 1993-94 Pennsylvania 28 28 32.8 4.8 12.1 2.4  4.9 2.4 7.2 2.2         2.4  2.6 3.8 2.2 0.1 2.5 1.8 14.0 .393 .493  .327 .897 .531 .491   G    JR
97      Paul Romanczuk  14.0 29 1997-98 Pennsylvania    29 29.7 4.4  8.0 4.4  7.9 0.0 0.1 5.2         8.0  6.3 1.5 0.5         0.8 14.0 .545 .552  .000 .648 .589 .545   F    JR
98        KaRon Barnes  14.0 27 2002-03      Cornell 27 27 32.9 4.8 11.4 3.5  7.5 1.3 3.9 3.0 4.1 0.4 2.3  2.7 4.0 1.7 0.1 2.9 2.6 14.0 .422 .465  .340 .723 .522 .481   G    JR
99        Kyle Snowden  13.9 26 1994-95      Harvard 26 25 34.2 5.8 10.5 5.8 10.5 0.0 0.0 2.3         3.2  7.7 0.9 1.3 0.3 1.4 2.0 13.9 .549 .551  .000 .735 .578 .549   F    SO
100       Ray Mercedes  13.9 26 2000-01      Cornell 26 18 26.8 4.5 10.4 3.6  7.2 0.9 3.2 3.9 5.7 2.6 3.4  6.0 1.3 0.7 0.2 2.4 2.5 13.9 .435 .500  .289 .682 .529 .480   F    SR
101       Ron Mitchell  13.9 26 1991-92      Harvard 26 26 31.7 5.0 11.0 4.6  9.8 0.4 1.2 3.6 4.7 2.7 5.0  7.7 3.0 1.3 0.6 4.7 3.8 13.9 .449 .467  .313 .756 .523 .467   F    SR
102       Andrew Toole  13.9 28 2001-02 Pennsylvania 28 27 30.4 4.6 10.2 2.5  5.1 2.1 5.1 2.5 2.8 0.5 2.3  2.9 3.7 1.2 0.0 3.3 1.9 13.9 .455 .493  .415 .873 .600 .558   G    JR
103      Casey Cammann  13.8 26 1991-92         Yale 26 26 32.8 5.3  8.9 5.2  8.8 0.0 0.0 3.3         5.1  6.5 1.6 1.1 0.5 1.5 2.7 13.8 .593 .591 1.000 .639 .612 .595   C    SR
104     Patrick Harvey  13.8 26 2000-01      Harvard 26 25 31.4 4.6 10.5 2.4  5.3 2.2 5.2 2.5 3.2 1.0 1.9  2.8 1.8 1.7 0.0 2.2 2.2 13.8 .436 .460  .412 .805 .577 .538   G    SO
105         Rick Lloyd  13.8 25 1991-92        Brown 25 24 33.1 4.7 11.8 2.4  6.4 2.3 5.4 2.1         2.6  2.8 3.2 1.2 0.0 2.6 1.8 13.8 .399 .379  .422 .815 .529 .495   G    SR
106       Dan Clemente  13.8 23 1997-98      Harvard    23 33.2 5.2 11.0 3.1  6.1 2.1 4.8 1.3         1.7  5.3 1.1 0.9         0.1 13.8 .476 .511  .432 .789 .589 .571   F    FR
107         Rick Lloyd  13.8 26 1989-90        Brown 26 26 35.0 4.7 10.4 2.8  6.0 1.8 4.4 2.7 3.4 0.6 1.9  2.5 3.8 1.3 0.0 2.4 2.5 13.8 .448 .474  .412 .795 .576 .535   G    SO
108        Chris Young  13.8 30 1999-00    Princeton 30 30 33.8 5.2 10.4 4.4  7.7 0.8 2.7 2.7 4.0 1.1 5.2  6.3 3.5 1.3 3.0 2.9 2.6 13.8 .498 .571  .288 .669 .562 .535   C    SO
109       Paul McMahon  13.8 26 1990-91 Pennsylvania 26 26 29.6 5.3 12.0 4.4  9.8 0.9 2.2 2.3         3.5  5.2 1.5 0.8 0.2 2.0 2.2 13.8 .439 .447  .404 .678 .505 .476   G    SR
110     Ugonna Onyekwe  13.8 29 2000-01 Pennsylvania 29 23 30.7 5.4 11.9 5.3 10.8 0.1 1.0 2.8 4.7 2.4 5.0  7.4 2.1 0.9 1.0 2.8 2.9 13.8 .456 .487  .133 .591 .488 .462   F    SO
111        Jamal Adams  13.7 26 1993-94     Columbia 26 26 35.0 5.2  9.8 5.0  9.3 0.2 0.5 3.2         4.7  8.3 2.5 1.0 1.7 3.5 2.8 13.7 .525 .539  .286 .689 .569 .533   F    SR
112       Aaron Butler  13.7 26 1996-97        Brown    26 34.2 4.9 11.6 2.7  5.8 2.2 5.8 1.6         2.0  3.1 1.2 1.0         0.0 13.7 .425 .470  .380 .808 .545 .520   G    SO
113       Barry Pierce  13.6 28 1993-94 Pennsylvania 28 27 29.6 4.7  9.8 3.9  7.6 0.8 2.1 3.4         4.8  4.7 1.8 1.4         0.5 13.6 .484 .514  .373 .716 .567 .524   F    SR
114      Jaime Kilburn  13.6 27 2003-04        Brown 27 26 28.3 6.0 11.3 6.0 10.8 0.0 0.5 1.5 2.6 1.9 4.7  6.6 0.9 1.0 1.6 1.8 2.9 13.6 .533 .555  .071 .594 .543 .534   F    SR
115       Chris Pavlic  13.6 26 1992-93    Princeton 26 24 35.9 4.3  9.5 1.5  3.2 2.8 6.3 2.1         2.8  2.7 1.6 0.7 0.1 2.0 2.5 13.6 .457 .482  .445 .740 .627 .605   F    SR
116     Jamie Halligan  13.6 26 1994-95    Dartmouth    26 34.8 4.4 11.0 2.8  7.1 1.6 3.9 3.2         3.8  5.5 2.4 1.0 0.5 3.1 1.5 13.6 .397 .395  .402 .840 .528 .469   F    SR
117        Matt Stehle  13.6 27 2003-04      Harvard 27 27 30.9 5.0  9.6 4.7  8.6 0.3 1.0 3.3 4.5 2.3 4.8  7.0 1.3 1.6 1.6 3.1 3.9 13.6 .521 .550  .286 .721 .577 .537   F    SO
118        Matt Langel  13.5 26 1997-98 Pennsylvania    26 32.0 4.8  9.9 3.1  6.5 1.7 3.5 2.1         2.5  3.8 2.5 0.8         0.2 13.5 .488 .482  .500 .833 .608 .576   G    SO
119       Chris Mooney  13.5 26 1992-93    Princeton 26 26 38.7 4.7  9.0 2.9  5.3 1.8 3.8 2.4         3.7  4.4 2.1 0.9 0.2 2.2 3.0 13.5 .515 .547  .469 .646 .624 .613   F    JR
120       Eddie Samuel  13.4 25 1995-96      Cornell 25 23 31.7 5.6 11.4 5.6 11.3 0.0 0.0 2.2         3.6  7.3 0.8 1.0 1.0 2.3 2.8 13.4 .493 .495  .000 .629 .515 .493   C    SR
121          Alan Cole  13.4 26 1993-94        Brown 26 25 28.9 4.4 12.3 3.0  8.4 1.4 3.9 3.1         3.9  4.1 1.2 1.0 0.2 2.0 2.2 13.4 .361 .358  .366 .802 .474 .418   G    JR
122     Steve Goodrich  13.4 29 1997-98    Princeton         29 5.2  8.8 4.2  6.3 1.1 2.5 1.8         2.8  4.4 3.4 0.9         0.9 13.4 .594 .661  .425 .646 .658 .654   C    SR
123       Andy Karazim  13.4 14 1993-94         Yale 14 14 31.6 5.6  9.2 5.2  8.7 0.4 0.5 1.9         3.1  4.5 1.1 0.7 0.1 2.0 2.7 13.4 .605 .598  .714 .605 .626 .624   G    JR
124          Tom Casey  13.3 26 1992-93     Columbia 26 26 32.7 4.7  8.0 4.7  7.9 0.0 0.0 4.0         5.7  6.7 1.7 0.8 2.1 2.0 3.2 13.3 .585 .587  .000 .709 .626 .585   C    SR
125    Alai Nuualiitia  13.3 27 1999-00        Brown 27 27 28.1 4.7  9.5 4.7  9.5 0.0 0.0 4.0 6.2 2.4 4.1  6.6 1.0 1.0 1.0 2.8 3.1 13.3 .490 .492  .000 .643 .534 .490   F    FR
126    Eric Blackiston  13.3 21 1994-95        Brown         21 4.7 10.0 2.8  5.4 1.9 4.5 2.1         3.4  4.3 4.0 1.3         0.2 13.3 .469 .518  .411 .634 .577 .562   G    JR
127         Rick Lloyd  13.3 26 1990-91        Brown 26 26 34.3 4.3 10.4 2.0  5.0 2.3 5.4 2.5         3.3  3.1 4.5 1.2 0.0 2.8 2.7 13.3 .411 .395  .426 .736 .556 .522   G    JR
128       Chris Leanza  13.3 27 2000-01         Yale 27 27 36.4 3.9 10.1 1.3  3.7 2.6 6.4 2.9 4.0 0.4 1.9  2.3 3.5 1.5 0.0 2.6 1.9 13.3 .390 .364  .405 .706 .554 .518   G    SO
129      Dean Campbell  13.3 26 1990-91         Yale 26 26 32.0 5.0 10.2 4.7  9.3 0.3 0.9 3.0         4.2  6.4 1.1 1.3 0.4 2.5 2.5 13.3 .485 .500  .333 .731 .544 .500   F    SR
130       Leon Pattman  13.2 26 2003-04    Dartmouth 26 19 28.7 4.7 10.2 3.6  6.8 1.1 3.4 2.7 3.0 1.2 3.2  4.4 1.3 1.0 0.2 2.1 2.2 13.2 .462 .528  .330 .886 .569 .517   G    FR
131    James Blackwell  13.2 16 1989-90    Dartmouth    16 31.8 4.1  9.0 2.8  6.6 1.3 2.4 3.6         4.4  4.1 3.6 2.6 0.1 3.8 2.7 13.2 .458 .425  .553 .817 .594 .531   G    JR
132        Par Downing  13.1 24 1991-92     Columbia 24 22 32.7 4.5  8.6 4.0  6.8 0.6 1.8 3.5 4.8 1.8 3.5  5.3 4.0 1.3 0.1 3.5 1.5 13.1 .527 .579  .326 .722 .602 .560   F    JR
133       Jerome Allen  13.1 27 1992-93 Pennsylvania 27 26 33.8 4.8 11.3 2.9  6.6 1.9 4.7 1.7         2.6  4.7 4.9 1.4 0.4 2.0 1.9 13.1 .423 .444  .394 .667 .524 .505   G    SO
134         Tim Begley  13.1 27 2003-04 Pennsylvania 27 27 34.2 4.2  9.2 1.1  2.4 3.1 6.7 1.6 2.4 0.9 3.4  4.3 4.2 1.2 0.0 2.6 2.0 13.1 .460 .470  .456 .672 .636 .627   G    JR
135    Carlos Williams  13.1 26 1990-91        Brown 26 25 28.8 5.5 11.5 5.2 10.8 0.3 0.8 1.7         3.2  7.7 1.4 0.7 0.2 2.2 2.4 13.1 .480 .486  .400 .537 .502 .493   C    SO
136     C.J. Thompkins  13.1 13 1994-95     Columbia 13 13 36.4 4.5 11.6 3.4  7.8 1.2 3.8 2.8         3.6  3.2 3.8 1.3 0.4 4.8 2.9 13.1 .391 .436  .300 .787 .490 .440   G    SO
137         Brian Earl  13.1 29 1997-98    Princeton    29 34.1 4.3  9.1 1.3  2.3 3.0 6.8 1.4         1.9  2.7 2.1 1.7         0.2 13.1 .472 .567  .439 .764 .651 .636   G    JR
138        Jason Forte  13.0 29 2002-03        Brown 29 26 34.3 3.6  9.4 2.8  7.0 0.8 2.4 5.1 6.8 0.6 2.9  3.6 5.3 2.1 0.3 3.4 2.2 13.0 .381 .404  .314 .751 .516 .421   G    SO
139   Brandt Schuckman  13.0 26 1994-95      Cornell 26 22 27.4 4.1 10.8 1.2  3.3 2.9 7.4 1.8         2.3  2.4 1.1 0.7 0.0 1.4 1.7 13.0 .382 .368  .389 .800 .546 .516   G    JR
140      Shawn Maharaj  13.0 26 1991-92      Cornell 26 26 32.8 4.3 10.3 2.2  5.2 2.1 5.2 2.3         3.2  4.0 2.5 1.1 0.2 2.4 3.7 13.0 .414 .425  .403 .735 .548 .515   G    SR
141        Chris Young  12.9 30 1998-99    Princeton         30 5.0  9.3 4.2  7.4 0.7 1.9 2.2         3.0  5.3 2.9 1.1         1.8 12.9 .536 .572  .393 .736 .602 .576   C    FR
142     Gabe Hunterton  12.9 26 1994-95         Yale 26 26 31.4 4.2 10.8 2.9  7.0 1.3 3.8 3.2         4.0  3.3 2.4 0.9 0.1 3.5 2.6 12.9 .388 .420  .330 .800 .506 .447   G    FR
143       Barry Pierce  12.8 26 1991-92 Pennsylvania 26 24 29.7 5.1 10.3 4.8  9.5 0.3 0.8 2.3 3.1 2.0 2.7  4.8 1.2 0.8 0.5 1.3 3.1 12.8 .496 .504  .409 .728 .545 .513   F    SO
144           Tim Hill  12.8 26 1996-97      Harvard    26 38.7 4.2 10.4 3.7  8.5 0.5 1.9 4.1         4.7  2.7 5.8 1.1 0.1     2.5 12.8 .399 .432  .245 .869 .508 .421   G    SO
145      Chris Grancio  12.8 26 1996-97      Harvard         26 4.5  9.8 3.3  6.1 1.3 3.7 2.5         3.1  5.3 1.2 1.2         0.5 12.8 .463 .538  .340 .790 .567 .527   C    SR
146       Chuck Savage  12.8 26 1991-92        Brown 26 26 29.1 3.8 10.0 2.7  6.3 1.1 3.7 4.1         4.8  3.3 3.1 1.2 0.3 2.8 1.7 12.8 .379 .430  .292 .856 .520 .433   G    SR
147    Wallace Prather  12.8 26 1998-99      Cornell 26 26 30.6 4.4 10.7 3.3  6.8 1.1 4.0 2.9 4.5 0.6 3.2  3.8 3.5 1.9 0.0 2.7 2.3 12.8 .409 .483  .282 .641 .496 .461   G    FR
148        Eric Taylor  12.7 27 2002-03      Cornell 27 27 30.4 5.2  9.3 5.2  9.1 0.0 0.1 2.3 5.4 2.4 4.6  7.0 2.3 1.0 0.9 3.3 3.1 12.7 .558 .567  .000 .429 .535 .558   F    SO
149       Sean Jackson  12.7 27 1990-91    Princeton         27 4.0  8.6 0.5  1.3 3.5 7.3 1.1         1.3  1.9 1.0 1.0         0.1 12.7 .470 .412  .480 .833 .688 .675   G    JR
150      Garett Kreitz  12.7 26 1996-97 Pennsylvania 26 22 32.9 3.8  9.0 1.1  2.2 2.8 6.8 2.2         2.8  2.9 1.8 1.4 0.0 1.2 2.1 12.7 .427 .491  .407 .795 .614 .581   G    JR
151        Gregg Frame  12.7 26 1992-93    Dartmouth    26 35.2 4.5  8.3 4.2  7.2 0.3 1.2 3.4         5.2  5.1 4.3 1.2 0.1 3.4 3.0 12.7 .539 .586  .258 .647 .586 .558   G    JR
152    Alai Nuualiitia  12.7 29 2002-03        Brown 29 29 27.4 4.4  7.1 4.3  6.9 0.1 0.2 3.8 5.4 2.1 3.3  5.3 1.0 1.0 1.4 2.4 2.1 12.7 .614 .620  .429 .701 .652 .621   F    SR
153    Wallace Prather  12.7 26 1999-00      Cornell 26 21 33.9 4.0 11.0 2.6  6.7 1.4 4.3 3.3 4.3 0.6 2.3  2.8 3.4 2.0 0.1 2.5 2.5 12.7 .365 .393  .321 .759 .486 .428   G    SO
154         Don Moxley  12.6 27 1995-96 Pennsylvania         27 3.9  9.8 3.0  6.5 0.9 3.3 3.9         5.3  5.6 1.2 1.0         0.2 12.6 .396 .455  .281 .741 .512 .443   G    SR
155       Ray Mercedes  12.6 25 1997-98      Cornell 25 17 26.9 4.5 10.4 2.6  4.8 1.9 5.6 1.6         2.9  4.2 1.4 0.4 0.2 1.9 2.5 12.6 .435 .546  .340 .562 .534 .527   F    FR
156      Shawn Maharaj  12.6 29 1989-90      Cornell 29 28 31.8 4.2  9.3 2.2  5.0 2.0 4.3 2.1         2.9  3.0 2.2 1.2 0.2 2.4 2.6 12.6 .452 .438  .468 .726 .587 .561   G    SO
157        Brian Lloyd  12.5 24 1994-95        Brown         24 4.0  8.9 1.3  2.7 2.7 6.2 1.8         2.3  1.4 1.6 0.5         0.1 12.5 .455 .492  .439 .750 .628 .608   G    JR
158         Neil Yanke  12.5 24 2000-01         Yale 24 24 25.5 4.8  9.6 4.8  9.6 0.0 0.0 2.9 4.8 1.8 4.8  6.7 1.0 0.5 0.9 2.1 3.3 12.5 .498 .500  .000 .603 .524 .498   C    SR
159     Damon Franklin  12.5 26 1993-94         Yale 26 26 31.1 3.7  9.5 2.0  5.3 1.7 4.2 3.5         4.9  2.4 3.3 1.3 0.0 2.7 1.5 12.5 .386 .372  .404 .709 .529 .476   G    SR
160    Bernard Jackson  12.4 28 1989-90      Cornell 28 24 28.3 4.6  8.8 4.6  8.8 0.0 0.0 3.3         6.0  8.3 0.9 0.6 2.3 2.1 2.8 12.4 .522       .522 .548 .536 .522   C    JR
161      Zeke Marshall  12.4 26 1992-93      Cornell 26 26 31.1 4.8  9.5 4.7  9.3 0.0 0.2 2.8         3.8  6.8 1.0 2.0 1.0 2.3 3.0 12.4 .500 .506  .200 .740 .547 .502   F    JR
162        John Conley  12.4 26 1992-93    Dartmouth    26 32.9 4.0  9.1 1.6  3.2 2.4 5.8 2.0         3.3  4.3 1.3 1.0 0.3 2.1 2.5 12.4 .441 .500  .408 .598 .581 .572   F    SR
163      Darren Rankin  12.3 26 1993-94      Harvard 26 26 27.5 4.7  9.4 3.8  7.2 1.0 2.3 1.9         2.6  5.4 1.1 1.3 0.3 2.9 3.0 12.3 .502 .527  .424 .735 .579 .553   F    SO
164       Chris Leanza  12.3 27 1999-00         Yale 27 26 36.7 4.0 10.1 2.1  4.4 1.9 5.7 2.5 3.2 0.4 2.6  3.0 3.2 1.2 0.0 3.6 2.0 12.3 .392 .471  .331 .782 .530 .485   G    FR
165       Brian Gilpin  12.3 26 1996-97    Dartmouth 26 24 30.6 5.3 10.9 5.3 10.9 0.0 0.0 1.7         2.1  6.8 0.3 0.3 2.7 1.5 3.1 12.3 .488       .488 .800 .518 .488   C    SR
166        Brian Lloyd  12.3 26 1993-94        Brown 26  7 24.9 4.1  9.7 1.3  3.5 2.8 6.2 1.3         1.6  2.6 1.1 0.6 0.2 1.6 2.9 12.3 .421 .370  .450 .833 .587 .563   G    SO
167       Sea Lonergan  12.3 26 1993-94    Dartmouth    26 28.5 5.3 10.1 4.8  8.7 0.5 1.4 1.3         1.6  3.6 2.2 1.8 0.2 2.3 2.2 12.3 .521 .551  .333 .786 .564 .544   F    FR
168    Dragutin Kravic  12.3 27 2003-04     Columbia 27 22 20.8 4.4  8.6 2.2  3.4 2.3 5.1 1.1 1.7 0.8 3.3  4.1 0.9 0.5 0.3 1.9 2.6 12.3 .519 .641  .439 .667 .656 .652   F    SO
169       Jerome Allen  12.2 26 1991-92 Pennsylvania 26 20 30.6 4.2 10.1 2.7  5.6 1.4 4.5 2.5 3.7 0.8 2.7  3.6 3.2 1.5 0.2 2.7 2.5 12.2 .411 .486  .316 .684 .516 .481   G    FR
170   Brandt Schuckman  12.2 26 1995-96      Cornell 26 24 29.7 4.1 10.4 1.0  2.4 3.0 8.0 1.0         1.2  2.4 1.1 0.5 0.0 0.9 1.5 12.2 .391 .435  .378 .839 .555 .537   G    SR
171      Shawn Maharaj  12.2 26 1990-91      Cornell 26 24 29.9 3.5  8.5 1.6  3.8 2.0 4.7 3.2         4.0  3.2 1.7 0.8 0.0 1.8 2.7 12.2 .418 .414  .421 .781 .587 .534   G    JR
172     Charles Harris  12.2 27 2002-03    Dartmouth 27 27 36.1 4.3  9.4 3.1  6.5 1.1 2.9 2.6 2.9 2.0 2.7  4.7 2.1 1.1 0.6 2.7 2.6 12.2 .453 .486  .380 .885 .565 .512   F    SR
173     Rick Hielscher  12.2 26 1993-94    Princeton 26 19 27.1 4.4  8.9 4.3  8.6 0.0 0.3 3.3         4.5  5.3 1.9 0.7 1.7 1.7 1.9 12.2 .491 .507  .111 .744 .549 .494   C    JR
174         Tony Doyle  12.2 26 1994-95     Columbia 26 26 32.0 4.5 10.8 2.8  6.8 1.7 4.0 1.5         2.6  5.3 1.0 0.9 0.9 2.3 2.5 12.2 .416 .420  .410 .582 .505 .493   F    SO
175     Rick Hielscher  12.1 25 1994-95    Princeton 25  2 22.0 4.2  7.5 4.0  7.1 0.2 0.4 3.6         5.4  4.8 1.8 0.6 1.6 2.0 1.6 12.1 .553 .559  .455 .672 .602 .566   C    SR
176         Brian Earl  12.1 28 1996-97    Princeton 28 28 34.8 3.8  7.7 1.3  2.0 2.5 5.7 2.0         2.8  2.6 1.8 1.1 0.0 1.1 2.1 12.1 .491 .632  .440 .731 .670 .653   G    SO
177       Boris Piskun  12.1 26 1994-95     Columbia 26 26 29.2 4.7 10.2 4.2  9.0 0.5 1.1 2.3         4.6  6.7 1.1 0.3 0.6 2.5 3.5 12.1 .458 .460  .448 .492 .489 .483   F    JR
178        Mike Jordan  12.1 26 1996-97 Pennsylvania 26 19 30.9 4.0  9.3 2.8  6.0 1.1 3.3 3.0         3.9  3.8 2.8 1.2 0.0 3.1 2.7 12.1 .427 .477  .337 .775 .542 .488   G    FR
179        Brian Lloyd  12.0 23 1995-96        Brown         23 3.6  9.3 1.1  2.6 2.5 6.7 2.3         2.7  2.6 1.8 0.7         0.2 12.0 .388 .433  .370 .857 .568 .521   G    SR
180        Matt Langel  12.0 29 1999-00 Pennsylvania 29 29 32.4 4.1 10.2 1.7  4.0 2.4 6.2 1.4 2.1 0.8 3.3  4.1 4.1 1.0 0.0 2.1 1.3 12.0 .401 .419  .389 .656 .534 .519   G    SR
181     Paul Romanczuk  12.0 26 1996-97 Pennsylvania 26 20 26.1 4.0  7.4 3.9  7.1 0.1 0.3 3.9         5.8  5.1 1.1 0.8 0.6 1.6 3.5 12.0 .539 .554  .222 .680 .590 .544   F    SO
182     Spencer Gloger  12.0 28 1999-00    Princeton 28 28 32.9 3.9  9.0 1.6  3.3 2.3 5.7 1.8 2.4 0.5 2.9  3.4 1.8 1.3 0.4 0.4 2.1 12.0 .438 .489  .409 .750 .593 .568   G    FR
183       Alex Compton  11.9 26 1996-97      Cornell 26 25 35.7 3.7  8.0 1.2  2.1 2.5 5.9 2.0         2.3  2.5 3.5 1.1 0.0 2.6 1.2 11.9 .464 .574  .425 .852 .655 .621   G    SR
184        Tim Coleman  11.9 26 1999-00      Harvard 26 26 28.3 5.1 11.1 4.7 10.0 0.4 1.1 1.3 2.3 3.0 4.6  7.6 0.6 1.2 0.6 1.7 2.8 11.9 .457 .465  .379 .557 .486 .476   F    JR
185       Eric Speaker  11.9 25 1989-90     Columbia    25 29.3 4.4  8.8 2.7  4.9 1.7 3.9 1.3         1.6  3.2 1.1 0.3     0.1 1.4 11.9 .500 .557  .429 .800 .621 .595   G    SO
186          Mike Beam  11.8 26 1998-99      Harvard    26 26.8 3.9  8.9 1.3  2.9 2.6 6.0 1.3 1.8 0.8 2.4  3.3 1.4 0.8 0.1 1.5 2.4 11.8 .440 .453  .433 .729 .602 .586   G    SR
187           Jed Ryan  11.7 27 1998-99 Pennsylvania    27 29.4 3.8  8.4 1.2  2.6 2.6 5.9 1.5         1.7  3.7 1.5 0.8         0.1 11.7 .452 .464  .447 .870 .634 .607   F    SR
188     Arthur Jackson  11.7 26 1989-90        Brown 26 25 29.8 3.7  8.5 2.1  4.9 1.6 3.6 2.8 3.8 2.3 5.0  7.3 2.1 1.1 0.3 2.3 2.7 11.7 .432 .430  .436 .720 .566 .525   F    SR
189       Rob Connolly  11.7 26 1991-92         Yale 26 24 29.1 4.3 10.1 2.8  5.9 1.6 4.2 1.5         1.8  2.0 1.6 1.0 0.0 1.8 2.4 11.7 .431 .471  .376 .826 .537 .510   G    JR
190     Ugonna Onyekwe  11.7 29 1999-00 Pennsylvania 29 29 30.1 4.9  9.7 4.4  8.0 0.5 1.7 1.5 2.6 1.8 4.2  6.0 1.1 0.8 1.6 1.7 3.0 11.7 .504 .550  .286 .579 .538 .529   F    FR
191        Bill Taylor  11.7 25 1990-91    Dartmouth 25 21 30.4 4.1 10.0 1.4  3.4 2.7 6.6 0.8         1.1  1.9 1.8 1.3 0.2 1.6 1.8 11.7 .410 .405  .412 .778 .560 .546   G    SR
192    Alai Nuualiitia  11.7 27 2000-01        Brown 27 26 27.8 4.4  7.6 4.3  7.3 0.1 0.3 2.9 4.9 2.4 5.5  7.9 1.6 0.9 0.8 2.6 3.0 11.7 .576 .586  .286 .588 .589 .580   F    SO
193       Sean Jackson  11.6 28 1991-92    Princeton 28 28 32.8 3.7  8.1 0.7  1.8 3.0 6.3 1.2         1.4  2.4 1.3 1.2 0.0 1.0 2.3 11.6 .460 .408  .475 .850 .665 .646   G    SR
194        Dane Holmes  11.6 24 1989-90     Columbia    24 26.6 4.5  9.1 4.5  9.1 0.0 0.0 2.5         4.7  6.9 1.1 0.6     2.5 4.0 11.6 .500       .500 .540 .513 .500   C    SO
195     Steve Goodrich  11.6 29 1995-96    Princeton    29 28.3 4.4  7.3 3.9  6.0 0.6 1.3 2.2         3.0  3.8 1.8 0.3 0.7 1.9 3.2 11.6 .608 .653  .410 .724 .665 .646   C    SO
196    Travis McCready  11.6 26 1990-91         Yale 26 26 27.9 4.5  9.0 4.3  8.2 0.3 0.8 2.3         3.3  6.8 0.7 0.6 0.8 2.0 3.7 11.6 .502 .519  .333 .686 .547 .517   F    SR
197     Edwin Draughan  11.6 27 2003-04         Yale 27 27 32.9 4.3  9.6 3.5  6.6 0.9 3.0 2.0 2.9 0.8 2.1  2.9 3.2 1.3 0.4 2.4 1.7 11.6 .452 .528  .284 .696 .526 .496   G    JR
198      Bernie Colson  11.5 26 1994-95         Yale 26 24 25.6 4.5  8.9 4.5  8.8 0.0 0.1 2.4         3.9  5.0 0.7 1.4 0.3 2.1 2.9 11.5 .511 .511  .500 .624 .538 .513   C    JR
199       Chris Mooney  11.5 26 1993-94    Princeton 26 26 37.3 4.0  8.4 2.5  4.5 1.6 3.9 1.8         2.6  4.5 2.6 1.0 0.0 1.7 2.7 11.5 .482 .552  .402 .716 .598 .576   F    SR
200     Tarik Campbell  11.5 26 1992-93      Harvard 26 26 35.0 3.4 10.5 2.9  8.2 0.5 2.3 4.2         7.6  4.0 5.9 1.8 0.1 4.1 3.1 11.5 .324 .354  .217 .558 .409 .347   G    JR
[/code]

Provided by [url=https://www.sports-reference.com/sharing.html?utm_source=direct&utm_medium=Share&utm_campaign=ShareTool]Stathead[/url]: [url=https://www.sports-reference.com/stathead/basketball/cbb/player-season-finder.cgi?utm_source=direct&utm_medium=Share&utm_campaign=ShareTool]Found with Stathead. See Full Results.[/url]
Generated 6/11/2026.