[code]                                                                                                                                                                                     
                                                                                                                                                                                 Per 
Rk                 Player PTS/G  G  Season         Team  G GS   MP   FG  FGA  2P  2PA  3P  3PA  FT FTA ORB DRB  TRB AST STL BLK TOV  PF  PTS  FG%  2P%   3P%  FT%  TS% eFG% Pos Class
1             Randy Woods  27.3 31 1991-92     La Salle 31 31 38.2  8.8 21.1 4.9 10.1 3.9 11.0 5.9         7.2  6.3 5.2 2.4 0.1 3.6 2.7 27.3 .417 .484  .355 .813 .558 .509   G    SR
2           Keydren Clark  26.7 29 2003-04 Saint Peters 29 28 38.8  8.0 19.4 4.2  9.2 3.9 10.2 6.8 8.1 1.0 3.3  4.3 4.3 1.8 0.1 3.4 2.0 26.7 .415 .453  .380 .838 .575 .514   G    SO
3          Lionel Simmons  26.5 32 1989-90     La Salle 32 32 38.1 10.5 20.4 9.5 18.4 1.0  2.0 4.6 6.9 3.3 7.8 11.1 3.6 1.9 2.0 2.8 2.2 26.5 .513 .517  .477 .661 .559 .537   F    SR
4       Doremus Bennerman  26.0 33 1993-94        Siena 33 33 38.4  7.7 17.5 4.6  9.9 3.1  7.5 7.5         8.7  4.2 5.5 1.5         0.2 26.0 .440 .463  .410 .867 .602 .529   G    SR
5             Alvin Young  25.1 29 1998-99      Niagara    29 35.6  8.7 18.4 6.5 12.9 2.2  5.5 5.4 6.9 2.7 3.0  5.8 2.2 2.5 0.2 2.9 2.7 25.1 .473 .501  .406 .789 .578 .534   G    SR
6           Keydren Clark  24.9 29 2002-03 Saint Peters 29 29 38.2  8.0 20.1 4.2 10.6 3.8  9.6 5.2 6.1 0.8 2.4  3.3 4.2 1.4 0.2 4.0 1.9 24.9 .396 .399  .392 .853 .540 .489   G    FR
7             Luis Flores  24.6 30 2002-03    Manhattan 30 30 38.9  7.7 16.9 5.8 12.1 1.9  4.8 7.4 8.2 1.6 4.0  5.6 2.9 1.9 0.4 3.3 2.3 24.6 .455 .482  .386 .902 .592 .510   G    JR
8             Luis Flores  24.0 31 2003-04    Manhattan 31 31 36.2  7.5 17.1 5.4 11.2 2.2  5.9 6.7 7.8 1.2 2.8  3.9 1.6 1.9 0.1 2.4 2.5 24.0 .442 .478  .374 .863 .578 .507   G    SR
9              Marc Brown  23.3 35 1990-91        Siena 35 35 37.8  8.3 17.2 5.9 12.1 2.4  5.1 4.4 5.5 0.9 3.1  4.0 5.1 2.0 0.1 3.7 1.8 23.3 .480 .487  .464 .799 .588 .549   G    SR
10             Sean Green  23.2 30 1990-91         Iona    30 35.6  8.8 18.3 7.1 13.2 1.8  5.2 3.8         5.0  5.2 1.4 1.7 0.6 2.5 2.0 23.2 .482 .537  .342 .758 .561 .530   F    SR
11            Mike Powell  23.1 28 1997-98  Loyola (MD) 28 26 34.6  7.0 15.9 5.4 10.9 1.6  5.0 7.4 9.1 2.0 2.9  4.9 3.0 2.0 0.2 3.8 3.3 23.1 .444 .497  .329 .812 .572 .495   G    SR
12         Demond Stewart  22.9 29 1999-00      Niagara 29 29 36.1  7.5 17.8 5.6 12.1 1.9  5.7 6.1 8.4 2.4 4.3  6.7 1.9 2.1 0.8 3.4 3.3 22.9 .421 .462  .335 .721 .527 .475   G    JR
13           Doug Overton  22.3 25 1990-91     La Salle    25 38.4  8.0 17.9 5.8 11.5 2.2  6.4 4.2         5.1  4.2 5.0 2.0 0.0 3.6 2.5 22.3 .445 .505  .338 .828 .549 .506   G    SR
14            Kevin Green  22.1 28 1990-91  Loyola (MD) 28 26 36.5  7.7 16.6 6.4 13.8 1.3  2.8 5.5 6.9 1.3 2.5  3.8 1.5 1.4 0.6 3.3 2.7 22.1 .461 .463  .456 .802 .556 .500   G    JR
15             Jason Rowe  21.9 28 1998-99  Loyola (MD)    28 34.1  7.7 15.3 5.6  9.5 2.1  5.8 4.4 5.5 0.7 4.2  4.9 5.8 3.4 0.1 3.9 3.0 21.9 .505 .592  .360 .787 .610 .572   G    JR
16         Dwight Pernell  21.7 30 1989-90   Holy Cross 30      30  7.0 14.7 4.3  9.4 2.7  5.4 5.0         5.8  2.6 5.3 2.1 0.2 3.4 2.1 21.7 .475 .459  .503 .856 .619 .567   G    SR
17            Randy Woods  21.6 25 1990-91     La Salle    25 35.0  7.1 16.6 3.9  7.5 3.2  9.1 4.2         5.3  4.9 2.8 2.2 0.0 2.6 3.0 21.6 .427 .516  .352 .795 .564 .523   G    JR
18          Patrick Jones  21.4 28 1989-90      Niagara         28  8.5 16.1 8.5 15.9 0.0  0.1 4.3         5.9  9.7 1.8 1.1         0.3 21.4 .529 .531  .250 .729 .565 .530   F    SR
19          Durelle Brown  21.3 27 1999-00    Manhattan 27 27 36.0  8.1 16.1 7.0 12.9 1.0  3.3 4.1 5.4 2.1 4.0  6.1 1.6 0.9 0.5 2.6 3.0 21.3 .500 .546  .318 .767 .570 .532   F    JR
20            Juan Mendez  20.5 32 2003-04      Niagara 32 31 33.7  6.5 12.5 6.0 10.6 0.5  1.8 7.0 8.6 3.5 5.3  8.8 0.9 0.9 1.8 2.2 3.1 20.5 .521 .562  .288 .808 .619 .543   F    JR
21           Mario Porter  20.1 28 2001-02        Rider 28 28 34.5  7.7 15.4 6.9 12.4 0.8  3.0 3.9 5.6 2.9 5.6  8.5 1.4 1.9 0.8 2.8 2.4 20.1 .502 .559  .265 .692 .557 .528   F    SR
22            Kevin Green  20.0 28 1991-92  Loyola (MD) 28 28 33.5  7.3 15.1 5.5 11.0 1.8  4.1 3.7 5.0 1.5 3.1  4.6 1.2 1.8 0.4 2.7 3.1 20.0 .482 .502  .430 .743 .573 .540   G    SR
23            Mike Powell  19.9 27 1995-96  Loyola (MD) 27 27 35.8  6.9 16.5 5.4 12.0 1.5  4.5 4.6         6.1  4.9 4.2 1.9 0.3 0.5 3.0 19.9 .419 .452  .331 .756 .513 .464   G    SO
24        Dwayne Archbold  19.9 36 2001-02        Siena 36 36 35.1  6.4 15.4 3.7  8.2 2.8  7.2 4.3 5.2 1.4 5.8  7.2 2.0 0.9 0.4 3.1 3.1 19.9 .418 .449  .382 .824 .557 .507   G    SR
25          Michael Reese  19.8 25 1993-94  Loyola (MD) 25 23 30.5  7.6 14.4 7.1 12.8 0.5  1.6 4.0 5.1 3.4 5.2  8.5 1.4 1.3 0.7 2.8 3.1 19.8 .532 .558  .325 .781 .590 .550   F    SR
26             Sean Green  19.8 28 1989-90         Iona    28 36.1  7.7 18.1 5.8 12.5 1.9  5.6 2.5         3.7  5.0 0.9 1.7 0.5 2.7 2.0 19.8 .423 .466  .329 .683 .496 .474   F    JR
27         Demond Stewart  19.6 27 2000-01      Niagara 27 26 33.6  6.0 15.5 4.5 10.2 1.5  5.3 6.1 8.7 2.7 5.0  7.7 1.7 1.7 0.7 2.9 3.8 19.6 .388 .438  .289 .705 .501 .437   G    SR
28         Darrell Barley  19.5 24 1995-96     Canisius 24 24 34.7  7.0 13.6 6.0 11.2 1.0  2.4 4.6         6.8  7.6 2.4 1.7 0.3 2.7 2.4 19.5 .512 .535  .404 .681 .580 .548   F    SR
29            Luis Flores  19.4 29 2001-02    Manhattan 29 28 36.4  6.2 13.6 4.9 10.3 1.3  3.3 5.7 6.5 1.7 2.3  3.9 2.4 1.5 0.2 3.3 2.8 19.4 .456 .470  .411 .872 .581 .505   G    SO
30            Kevin Green  19.4 28 1989-90  Loyola (MD)         28  7.3 16.4 6.1 13.1 1.1  3.2 3.7         4.8  3.3 1.1 1.2         0.2 19.4 .445 .467  .356 .763 .520 .480   G    SO
31            Tony Walker  19.2 31 1990-91 Saint Peters 31 31 34.9  7.2 14.0 7.0 13.2 0.2  0.8 4.7 6.8 3.0 4.0  7.0 0.9 1.0 0.2 2.3 2.6 19.2 .515 .533  .208 .687 .559 .521   F    SR
32          Tariq Kirksay  19.2 30 1999-00         Iona 30 30 33.8  6.5 12.8 5.5 10.3 1.0  2.5 5.1 6.5 3.2 6.1  9.3 2.5 1.8 0.7 2.7 2.1 19.2 .510 .534  .413 .781 .604 .551   F    SR
33           Mario Porter  19.2 28 2000-01        Rider 28 27 32.6  7.3 13.8 6.8 12.4 0.5  1.4 4.1 5.6 2.2 4.6  6.8 1.3 1.6 0.6 2.3 2.5 19.2 .527 .549  .333 .739 .582 .544   F    JR
34          Bryan Matthew  18.7 30 1996-97         Iona 30 30 35.1  5.8 12.2 4.1  7.4 1.8  4.7 5.3         6.5  4.8 1.5 1.3 0.6 1.9 2.3 18.7 .479 .547  .373 .820 .615 .552   G    SR
35          Keith Sellers  18.7 28 2000-01 Saint Peters 28 28 32.9  7.2 15.4 6.0 11.6 1.2  3.8 3.1 4.1 1.9 2.6  4.5 1.8 1.0 0.2 3.0 3.0 18.7 .466 .512  .324 .750 .538 .506   F    SR
36          Jerry Johnson  18.7 31 2003-04        Rider 31 31 37.0  6.1 14.8 3.4  8.1 2.7  6.8 3.7 4.5 0.6 2.8  3.4 3.9 1.6 0.2 3.1 1.8 18.7 .413 .424  .400 .816 .549 .504   G    JR
37      Doremus Bennerman  18.4 29 1992-93        Siena 29 29 37.2  6.2 13.8 4.3  8.9 1.9  4.9 4.2         4.9  3.1 6.2 1.3 0.1 3.6 1.6 18.4 .449 .486  .380 .846 .570 .516   G    JR
38         Derrick Canada  18.4 29 1991-92         Iona         29  6.1 11.9 5.2  9.5 0.8  2.4 5.4         6.9  3.9 2.1 1.6         0.2 18.4 .509 .553  .338 .786 .605 .543   G    SR
39            Juan Mendez  18.4 29 2002-03      Niagara 29 29 34.6  7.1 11.9 7.1 11.8 0.0  0.1 4.1 5.6 4.0 5.0  9.0 0.7 1.3 1.2 2.2 2.6 18.4 .602 .607  .000 .739 .634 .602   F    SO
40          Keith Bullock  18.3 30 1992-93    Manhattan 30 30 35.3  6.7 14.4 6.4 13.5 0.3  0.9 4.7         7.0 11.1 1.3 1.5         0.3 18.3 .465 .475  .308 .670 .518 .475   F    SR
41          Jerry Johnson  18.3 27 2002-03        Rider 27 26 35.5  6.1 16.6 3.5  7.9 2.6  8.7 3.6 4.2 0.4 2.0  2.4 3.1 1.3 0.0 3.8 2.5 18.3 .365 .446  .292 .851 .491 .442   G    SO
42    Mindaugas Timinskas  18.2 30 1996-97         Iona 30 30 33.0  6.1 13.1 4.7  9.1 1.4  4.0 4.7         6.2  6.6 2.5 1.5 0.7 3.0 3.1 18.2 .464 .518  .342 .757 .568 .517   F    SR
43             Jason Rowe  18.1 28 1997-98  Loyola (MD) 28 27 36.9  6.2 14.0 4.1  8.0 2.0  6.0 3.7 4.8 1.1 4.1  5.3 5.4 3.1 0.1 4.8 3.1 18.1 .441 .518  .339 .776 .556 .514   G    SO
44              Jack Hurd  18.0 31 1991-92     La Salle 31 31 32.5  6.3 14.7 2.6  5.5 3.6  9.2 1.8         2.6  6.0 2.7 1.5 0.5 2.2 2.9 18.0 .429 .482  .396 .700 .567 .553   F    SR
45        Tremmell Darden  18.0 32 2003-04      Niagara 32 32 34.9  5.8 12.1 4.2  7.9 1.6  4.2 4.9 6.7 2.0 3.5  5.4 3.0 0.8 1.1 2.6 2.6 18.0 .477 .532  .373 .730 .589 .541   G    SR
46             Jason Rowe  17.9 12 1999-00  Loyola (MD) 12 12 36.8  6.4 14.8 4.3  7.9 2.2  6.8 2.9 3.8 0.9 4.5  5.4 5.2 3.0 0.1 4.3 2.0 17.9 .435 .537  .317 .778 .542 .508   G    SR
47          Durelle Brown  17.8 29 2000-01    Manhattan 29 28 35.2  6.8 14.2 6.1 12.3 0.7  1.9 3.6 4.7 1.8 3.6  5.3 1.8 0.7 0.3 2.2 2.6 17.8 .477 .494  .364 .763 .542 .501   F    SR
48                Ed Book  17.8 29 1991-92     Canisius 29 29 33.6  7.4 14.3 7.3 13.9 0.1  0.4 2.8         4.3  7.7 1.6 0.6 1.7 3.0 3.5 17.8 .519 .527  .250 .651 .543 .523   C    SR
49           Tracy Bergan  17.6 25 1993-94  Loyola (MD) 25 24 34.7  5.6 13.7 3.1  7.1 2.5  6.6 4.0 4.6 0.8 2.4  3.2 5.8 1.8 0.0 4.9 3.1 17.6 .409 .438  .378 .853 .555 .500   G    SR
50          Mikkel Larsen  17.6 27 1993-94         Iona 27 26 36.4  6.7 13.9 6.7 13.8 0.0  0.0 4.1         6.1  6.7 1.1 0.8 2.0 2.4 2.7 17.6 .487 .488  .000 .679 .526 .487   C    SO
51            Darren Fenn  17.6 30 1999-00     Canisius 30 30 30.7  6.4 12.6 6.3 12.3 0.1  0.3 4.8 6.1 4.0 6.5 10.5 1.4 0.7 0.9 2.8 3.2 17.6 .504 .508  .333 .786 .567 .508   C    JR
52           Mario Porter  17.6 30 1999-00        Rider 30 30 33.8  6.4 14.2 6.0 12.5 0.4  1.7 4.3 6.5 2.8 3.8  6.6 0.9 1.8 0.8 2.0 2.4 17.6 .453 .479  .260 .662 .509 .468   F    SO
53          Mikkel Larsen  17.5 26 1994-95         Iona 26 26 34.7  6.9 13.2 6.9 13.1 0.0  0.0 3.7         5.3  6.3 0.7 0.7 2.0 2.0 2.5 17.5 .526 .525 1.000 .693 .560 .528   C    JR
54           Daryl Greene  17.5 29 1999-00      Niagara 29 29 37.9  5.7 13.3 3.1  7.0 2.6  6.2 3.5 4.4 0.6 3.2  3.8 5.0 1.7 0.0 3.8 1.1 17.5 .429 .441  .414 .803 .569 .526   G    SO
55           Scott Weeden  17.4 27 1992-93 Saint Peters 27 27 35.0  6.5 13.1 5.7 10.6 0.8  2.5 3.6         5.1  8.1 2.2 1.9 0.3 1.9 3.3 17.4 .497 .537  .328 .701 .561 .528   F    SR
56           Chris Watson  17.4 28 1996-97      Niagara 28 26 34.1  6.0 10.5 6.0 10.2 0.0  0.3 5.4         8.2  6.2 1.2 1.7 0.2 2.5 2.6 17.4 .568 .584  .000 .661 .603 .568   F    SR
57        Tremmell Darden  17.3 29 2002-03      Niagara 29 29 36.5  5.9 12.2 4.9  9.2 1.0  3.0 4.6 6.4 1.9 3.8  5.7 2.4 1.5 0.3 2.8 2.4 17.3 .480 .530  .330 .720 .569 .521   G    JR
58        Andre McClendon  17.3 32 1989-90      Fordham 32 30 32.4  5.8 14.9 2.8  7.3 3.0  7.7 2.7         3.2  2.6 2.8 1.0 0.1 2.3 1.3 17.3 .391 .392  .390 .842 .528 .492   G    SR
59          Keith Bullock  17.3 28 1990-91    Manhattan    28 34.0  5.6 11.6 5.6 11.5 0.0  0.1 6.1         8.3  8.2 1.6 1.0 0.5     2.8 17.3 .483 .486  .000 .734 .557 .483   F    SO
60          Marcus Faison  17.3 33 1999-00        Siena 33 33 26.4  5.6 11.8 4.2  8.6 1.4  3.2 4.7 6.2 2.2 3.8  6.0 2.4 2.1 0.5 1.7 2.6 17.3 .476 .491  .434 .748 .585 .535   G    SR
61           Doug Overton  17.2 32 1989-90     La Salle 32 32 37.6  6.3 12.1 4.6  8.2 1.7  3.9 3.0 3.7 1.2 3.0  4.2 6.6 2.7 0.1 3.0 1.8 17.2 .519 .559  .435 .798 .621 .589   G    JR
62          Keith Bullock  17.0 34 1991-92    Manhattan         34  6.1 12.8 6.1 12.8 0.0  0.0 4.9         6.9  7.8 1.7 1.6         0.1 17.0 .474       .474 .717 .531 .474   F    JR
63         Nick Eppehimer  17.0 29 2002-03       Marist 29 29 33.4  5.2 12.3 2.6  5.7 2.6  6.7 4.0 4.6 1.2 3.3  4.4 1.0 0.7 0.6 1.5 2.8 17.0 .422 .461  .389 .865 .584 .527   F    SR
64      Doremus Bennerman  16.9 28 1991-92        Siena 28 28 37.3  5.3 12.9 3.7  8.4 1.6  4.6 4.8 5.5 1.2 2.4  3.5 4.9 1.3 0.1     3.8 16.9 .406 .440  .344 .871 .543 .467   G    SO
65             Marc Brown  16.9 29 1989-90        Siena 29 29 35.9  6.4 14.4 4.4  9.5 2.0  4.9 2.1         2.6  3.2 6.8 1.7 0.0 3.3 2.1 16.9 .446 .469  .401 .811 .541 .514   G    JR
66           Chris Watson  16.8 28 1995-96      Niagara    28 30.8  5.9 12.0 5.9 11.7 0.0  0.3 5.0         8.0  6.2 1.0 1.4         0.7 16.8 .493 .503  .000 .628 .533 .493   F    JR
67         Hodari Mallory  16.7 26 2002-03     Canisius 26 26 30.8  6.1 13.0 4.0  8.0 2.0  5.1 2.5 3.2 2.4 4.3  6.7 2.0 1.8 0.5 2.2 3.3 16.7 .466 .507  .402 .805 .575 .544   G    SR
68         Darren Phillip  16.7 27 1998-99    Fairfield    27 28.8  5.8 10.3 5.8 10.3 0.0  0.0 5.1 7.4 4.9 5.0  9.9 1.1 1.4 0.1 3.3 3.6 16.7 .563 .565  .000 .682 .602 .563   C    JR
69           Lee Matthews  16.6 29 1992-93        Siena 29 29 35.6  6.7 10.9 6.7 10.9 0.0  0.0 3.3         5.0 10.8 0.5 1.0 1.3 2.2 2.1 16.6 .609       .609 .655 .623 .609   F    SR
70       Prosper Karangwa  16.6 32 2002-03        Siena 32 32 34.5  5.3 13.1 3.8  8.5 1.5  4.6 4.5 5.3 1.7 4.7  6.4 4.9 1.2 0.3 3.8 2.4 16.6 .404 .450  .320 .848 .531 .461   G    SR
71        Ricky Bellinger  16.5 26 1997-98 Saint Peters    26 31.5  6.1 14.7 5.6 12.5 0.5  2.1 3.8         5.6  4.3 1.8 1.0         0.3 16.5 .417 .448  .236 .683 .478 .434   G    SO
72           Greg Francis  16.5 30 1995-96    Fairfield 30 30 34.5  5.3 11.9 2.7  5.0 2.7  6.9 3.1         4.4  5.2 2.7 1.0 0.5 2.5 2.2 16.5 .448 .533  .386 .707 .588 .560   G    JR
73           Rob Robinson  16.4 30 1992-93      Niagara 30 30 32.2  5.3  9.9 5.0  8.9 0.3  0.9 5.5         6.5  6.5 3.0 1.7 0.7 2.2 1.7 16.4 .541 .563  .321 .845 .635 .556   F    SR
74           Travis Lyons  16.4 29 1997-98    Manhattan    29 33.0  5.9  9.6 5.9  9.5 0.0  0.1 4.5         6.2  7.6 2.0 0.8         0.3 16.4 .621 .625  .000 .728 .655 .621   F    SR
75             Craig Wise  16.4 35 1994-95     Canisius 35 35 36.6  5.2 12.2 3.7  7.9 1.5  4.3 4.5         5.9  7.3 3.6 2.1 0.7 2.8 3.1 16.4 .427 .475  .340 .763 .546 .487   F    SR
76        Ricky Bellinger  16.3 27 1996-97 Saint Peters    27 30.5  5.8 13.4 5.0 10.5 0.9  2.9 3.8         5.9  3.3 1.4 1.3         0.1 16.3 .434 .472  .295 .644 .502 .465   G    FR
77          Michael Meeks  16.2 30 1995-96     Canisius 30 29 32.5  5.6 12.2 5.3 10.8 0.3  1.4 4.7         6.1  6.7 1.5 0.9 1.4 2.7 2.8 16.2 .459 .492  .209 .780 .538 .471   C    SR
78           Jamar Hunter  16.2 27 1997-98 Saint Peters    27 33.7  5.7 13.9 4.2  9.1 1.5  4.8 3.4         4.2  4.0 3.3 1.3         0.1 16.2 .408 .461  .308 .805 .510 .461   G    JR
79             Harry Hart  16.2 26 1992-93         Iona 26 26 34.7  5.8  8.9 5.8  8.9 0.0  0.0 4.5         6.5  8.4 1.0 1.3 3.1 2.3 2.9 16.2 .654       .654 .694 .674 .654   C    SR
80            Tony Walker  16.1 28 1989-90 Saint Peters 28 27 33.5  6.0 10.9 5.9 10.9 0.0  0.1 4.2         6.0  6.4 0.8 0.9 0.2 2.7 2.9 16.1 .546 .546  .500 .701 .587 .547   F    JR
81          Marcus Faison  16.1 29 1997-98        Siena 29 29 29.2  5.3 10.5 4.0  7.1 1.4  3.4 4.1         5.1  6.8 2.7 2.2     0.7 3.1 16.1 .510 .558  .408 .792 .624 .576   G    SO
82          Michael Reese  16.1 27 1991-92  Loyola (MD) 27 25 28.3  6.3 12.6 5.5 10.6 0.8  1.9 2.7 3.9 2.3 4.3  6.6 1.5 1.5 1.1 2.4 2.9 16.1 .501 .519  .404 .705 .559 .532   F    SO
83     Brenton Birmingham  16.1 30 1993-94    Manhattan 30 30 30.2  5.7 12.1 3.8  6.9 1.9  5.2 2.7         3.9  3.7 2.4 1.1 0.2 2.5 2.6 16.1 .473 .553  .365 .695 .575 .551   G    SR
84        Ricky Bellinger  16.1 28 1998-99 Saint Peters    28 33.3  5.7 13.8 5.1 11.8 0.6  2.0 4.1 5.5 1.5 2.5  3.9 2.1 2.1 0.1 2.5 3.2 16.1 .413 .435  .286 .758 .492 .434   G    JR
85             Craig Wise  16.1 29 1993-94     Canisius 29 29 32.6  5.5 12.1 4.5  8.9 1.0  3.2 4.1         5.9  7.0 3.3 2.0 0.6 2.6 2.9 16.1 .452 .506  .301 .702 .538 .491   F    JR
86         Jermaine Clark  16.0 27 1998-99    Fairfield    27 33.1  5.1 14.1 2.5  6.0 2.6  8.1 3.3 5.9 0.8 2.2  3.0 2.5 1.6 0.1 3.3 3.0 16.0 .360 .417  .317 .570 .475 .450   G    FR
87          Michael Meeks  16.0 35 1994-95     Canisius 35 35 32.4  5.7 12.1 5.2 10.5 0.5  1.5 4.2         5.6  6.9 1.2 0.7 1.5 2.0 3.1 16.0 .469 .492  .315 .741 .542 .489   C    JR
88         Darren Phillip  15.9 29 1999-00    Fairfield 29 29 30.8  5.3  9.9 5.3  9.9 0.0  0.0 5.3 7.2 5.5 8.4 14.0 2.0 1.0 0.4 2.6 2.9 15.9 .538       .538 .736 .599 .538   C    SR
89         Darrell Barley  15.9 29 1993-94     Canisius 29 29 31.5  6.6 12.3 6.1 10.9 0.4  1.4 2.3         3.5  7.5 3.6 1.4 0.3 3.5 2.6 15.9 .532 .563  .293 .667 .567 .549   F    SO
90              Jack Hurd  15.9 29 1990-91     La Salle         29  5.5 13.8 3.3  7.2 2.2  6.7 2.6         3.9  5.6 2.3 2.2         0.8 15.9 .399 .462  .332 .673 .506 .479   F    JR
91       Jeremiah Johnson  15.9 29 1998-99      Niagara    29 32.0  4.7 13.6 3.5  8.8 1.2  4.8 5.3 7.1 1.4 2.6  4.0 5.0 2.2 0.1 0.6 2.8 15.9 .345 .395  .254 .739 .467 .390   G    SR
92         Brian Clifford  15.8 30 1992-93      Niagara 30 30 32.3  6.2 13.2 5.7 12.0 0.5  1.2 3.0         4.6  8.8 4.9 2.4 0.7 4.2 2.0 15.8 .467 .474  .400 .659 .515 .485   F    SR
93            Mike Powell  15.8 25 1996-97  Loyola (MD) 25 21 33.9  5.0 11.6 4.0  8.0 1.0  3.5 4.7 5.8 1.6 3.1  4.7 2.5 1.9 0.0 2.7 3.0 15.8 .436 .498  .295 .813 .553 .481   G    JR
94             Craig Wise  15.8 28 1992-93     Canisius 28 28 35.4  5.2 12.6 3.9  8.3 1.3  4.3 4.2         5.2  6.8 3.1 1.5 0.6 3.7 3.4 15.8 .412 .476  .289 .807 .525 .462   F    SO
95            Alvin Young  15.7 27 1997-98      Niagara    27 31.5  5.2 10.9 4.5  9.0 0.7  1.9 4.6         5.7  5.1 2.4 1.1 0.1     2.5 15.7 .478 .502  .365 .794 .575 .510   G    JR
96         Michael Haddix  15.6 29 2003-04        Siena 29 28 29.8  6.2 12.9 6.2 12.8 0.0  0.0 3.2 5.2 3.9 5.1  9.0 0.5 0.5 1.2 2.0 2.6 15.6 .480 .481  .000 .627 .509 .480   C    SO
97         Darrell Barley  15.5 35 1994-95     Canisius 35 35 34.3  6.1 11.7 5.7 10.5 0.3  1.1 3.1         4.1  6.5 2.1 1.2 0.3 3.1 3.1 15.5 .518 .542  .300 .761 .571 .533   F    JR
98        Bruce Schroeder  15.5 29 1991-92        Siena 29 27 31.3  4.9 11.0 3.9  8.1 1.0  2.9 4.7 6.0 0.8 3.4  4.3 2.1 1.0 0.2     2.9 15.5 .448 .487  .341 .776 .560 .494   G    SR
99          Michael Meeks  15.5 29 1993-94     Canisius 29 29 31.8  5.7 10.8 5.3  9.7 0.4  1.1 3.8         5.2  7.5 1.2 1.1 1.6 1.8 3.0 15.5 .529 .548  .355 .717 .586 .546   C    SO
100        Brian Clifford  15.4 28 1990-91      Niagara         28  5.9 12.9 5.7 12.4 0.2  0.5 3.4         5.3 10.3 3.6 2.2         0.7 15.4 .457 .460  .400 .644 .500 .465   F    SO
101          Jason Hoover  15.4 26 1996-97    Manhattan    26 35.5  5.1  9.2 5.0  9.2 0.0  0.0 5.2         6.5  8.5 1.5 0.8         0.8 15.4 .552 .550 1.000 .810 .629 .554   F    SR
102        Derrick Canada  15.4 17 1989-90         Army    17 31.8  4.9 10.8 3.8  7.8 1.2  3.1 4.4         5.8  4.8 1.3 0.8 0.2 2.1 2.9 15.4 .457 .485  .385 .747 .567 .511   G    JR
103           Peter Runge  15.4 26 1989-90    Manhattan         26  6.2 11.2 6.2 11.2 0.0  0.0 3.1         5.0  8.3 2.0 1.0         0.5 15.4 .548       .548 .611 .565 .548   F    SR
104        Kevin Thompson  15.4 29 1996-97     Canisius    29 33.8  5.1 13.0 2.8  7.2 2.3  5.8 2.8         3.7  2.9 2.3 0.7         0.1 15.4 .396 .392  .401 .750 .522 .485   G    JR
105          Drew Samuels  15.4 27 2000-01       Marist 27 26 28.6  5.6 12.0 5.6 11.8 0.0  0.1 4.1 6.5 3.4 4.6  8.0 1.2 0.4 0.4 1.9 2.5 15.4 .471 .476  .000 .634 .511 .471   F    SR
106           Luis Arrosa  15.3 30 1994-95 Saint Peters 30 24 29.9  6.3 12.2 6.3 12.1 0.0  0.0 2.8         4.2  7.7 2.1 0.7         0.3 15.3 .515 .516  .000 .672 .542 .515   F    JR
107          Charlie Bell  15.3 28 2003-04  Loyola (MD) 28 26 33.0  4.6 12.9 2.4  6.4 2.2  6.5 3.9 5.2 0.7 4.6  5.3 1.6 1.3 0.1 3.0 2.0 15.3 .356 .380  .333 .753 .497 .441   G    SO
108         Kashif Hameed  15.3 33 1997-98         Iona    33 29.0  5.2 10.7 5.2 10.5 0.0  0.2 4.8         6.5  6.2 1.3 1.2         2.5 15.3 .489 .496  .143 .735 .554 .490   C    JR
109          Corey Taylor  15.1 27 1992-93         Iona 27 27 36.1  4.6 11.3 3.0  6.8 1.6  4.5 4.5         6.2  5.4 3.1 1.7 0.3 3.0 2.6 15.1 .402 .440  .344 .725 .531 .471   F    SR
110          Greg Burston  15.1 28 1998-99        Rider    28 33.0  5.9 12.9 4.0  8.5 1.9  4.4 1.4 2.3 1.0 2.8  3.8 3.0 1.1 0.4 2.3 2.6 15.1 .460 .477  .427 .609 .542 .533   G    SR
111         Nakiea Miller  15.1 27 2000-01         Iona 27 20 25.1  6.0  9.0 6.0  8.9 0.1  0.1 3.0 4.6 2.4 6.4  8.8 0.6 1.0 3.1 1.9 2.9 15.1 .668 .668  .667 .640 .672 .672   C    SR
112       Ricky Bellinger  15.1 28 1999-00 Saint Peters 28 28 32.0  5.3 12.6 4.7 10.6 0.6  2.1 3.9 5.0 1.6 2.8  4.5 2.5 1.3 0.1 2.8 2.8 15.1 .418 .443  .293 .780 .502 .442   G    SR
113          Tracy Bergan  15.1 28 1990-91  Loyola (MD) 28 27 35.1  4.9 10.9 3.6  7.1 1.4  3.8 3.9 4.8 0.8 2.1  2.8 5.8 2.0 0.0 5.5 2.3 15.1 .451 .503  .355 .820 .573 .513   G    SO
114         Jerry Johnson  15.0 28 2001-02        Rider 28 28 30.4  5.0 12.5 2.5  5.9 2.5  6.6 2.4 3.1 0.9 2.0  2.9 2.9 0.8 0.2 3.1 2.5 15.0 .403 .424  .384 .791 .539 .504   G    FR
115             Sam Spann  15.0 28 2000-01    Fairfield 28 26 32.4  5.9 10.9 5.8 10.5 0.1  0.4 3.1 4.6 3.3 6.1  9.5 1.7 1.7 0.8 2.9 2.3 15.0 .539 .548  .333 .669 .572 .546   F    JR
116          Randy Holmes  15.0 30 1994-95 Saint Peters 30 30 31.9  5.6 12.2 4.7  9.7 0.9  2.5 2.9         3.4  2.5 2.1 1.1         0.2 15.0 .458 .481  .368 .853 .543 .496   G    JR
117         Anthony Smith  15.0 22 1996-97  Loyola (MD) 22 22 33.5  6.4 12.4 6.2 11.8 0.2  0.6 2.1 4.0 2.0 3.3  5.3 2.0 2.2 1.5 3.4 3.0 15.0 .513 .525  .286 .523 .524 .520   F    SR
118        Chuck Veterano  15.0 29 1991-92 Saint Peters 29 29 32.6  5.3 11.8 5.0 10.9 0.3  0.9 4.1         5.6  8.2 1.2 1.0 0.6 2.4 3.0 15.0 .452 .462  .320 .735 .520 .463   C    SR
119          Jamar Hunter  15.0 26 1998-99 Saint Peters    26 33.7  5.4 11.4 3.8  7.6 1.6  3.8 2.6 3.6 0.9 2.7  3.6 3.2 2.1 0.2 3.1 2.5 15.0 .471 .495  .424 .720 .570 .542   G    SR
120             Brian Dux  14.9 28 2002-03     Canisius 28 28 35.5  5.0 10.5 4.3  8.0 0.8  2.5 4.1 4.5 0.4 2.8  3.1 5.4 1.4 0.3 2.2 2.5 14.9 .481 .538  .300 .920 .593 .517   G    SR
121          Greg Francis  14.9 28 1994-95    Fairfield 28 28 33.5  4.7 11.1 2.9  5.9 1.8  5.3 3.7         4.5  3.8 3.0 1.1 0.3 2.1 2.2 14.9 .423 .497  .340 .825 .562 .503   G    SO
122   Mindaugas Timinskas  14.9 27 1994-95         Iona 27 25 28.9  5.7 12.1 4.8  9.3 0.9  2.9 2.6         3.9  6.8 2.1 0.9 0.4 2.6 3.4 14.9 .470 .514  .325 .660 .533 .508   F    SO
123       Dwayne Archbold  14.9 31 2000-01        Siena 31 30 28.7  4.8 10.1 3.5  6.9 1.3  3.2 3.9 5.4 1.8 4.2  6.0 2.1 1.0 0.2 1.8 2.8 14.9 .479 .512  .410 .725 .589 .545   G    JR
124         Jeff Robinson  14.9 29 1989-90        Siena 29 29 34.2  4.6 11.3 2.5  5.3 2.1  6.0 3.7         4.9  5.4 2.7 1.8 0.6 2.6 2.3 14.9 .401 .465  .345 .761 .545 .492   G    SR
125      Bobby Joe Hatton  14.9 28 1997-98       Marist    28 35.0  5.3 11.1 4.6  8.9 0.7  2.3 3.7         5.5  3.6 3.3 1.5         0.2 14.9 .471 .514  .302 .680 .542 .502   G    JR
126        Drew Henderson  14.9 28 1991-92    Fairfield 28 28 35.6  5.5 12.8 5.5 12.8 0.0  0.0 3.9         6.5 11.4 2.3 0.9 1.4 2.9 3.1 14.9 .430       .430 .602 .470 .430   F    JR
127         Terrence Todd  14.9 18 2003-04    Fairfield 18 18 37.2  5.2 13.3 3.4  9.1 1.7  4.3 2.8 3.4 0.9 4.0  4.9 3.3 1.9 0.0 3.2 1.8 14.9 .388 .380  .403 .823 .497 .452   G    SO
128          John Reimold  14.9 26 2000-01  Loyola (MD) 26 26 36.3  5.4 11.8 2.8  5.7 2.7  6.1 1.4 2.0 2.3 2.5  4.8 1.9 0.6 0.8 1.7 2.6 14.9 .461 .490  .434 .692 .585 .574   F    FR
129        B.J. Pendleton  14.8 27 1992-93  Loyola (MD) 27 27 33.5  5.4 11.2 4.9  9.8 0.5  1.4 3.6 5.4 2.4 3.4  5.8 1.0 0.6 0.1 2.6 2.7 14.8 .480 .496  .368 .662 .539 .503   F    SO
130      Deshaun Williams  14.8 21 2003-04         Iona 21 19 30.7  4.9 13.3 2.3  5.5 2.6  7.8 2.5 3.3 1.0 4.1  5.1 3.0 1.3 0.4 3.5 2.9 14.8 .364 .414  .329 .768 .497 .461   G    SR
131          Chris Watson  14.8 30 1994-95      Niagara         30  5.5 11.0 5.2  9.4 0.3  1.5 3.5         6.4  5.6 1.6 1.4         0.1 14.8 .502 .548  .217 .545 .529 .517   F    SO
132          Kevin George  14.8 28 1991-92    Fairfield 28 28 32.7  4.9 12.4 2.9  7.3 2.0  5.1 3.0         3.6  2.2 2.2 1.3 0.1 2.7 3.1 14.8 .395 .400  .387 .842 .524 .474   G    JR
133       Michael Schmidt  14.8 28 2000-01      Niagara 28 26 34.6  5.3 12.3 2.4  4.8 2.9  7.5 1.4 2.1 2.0 2.5  4.5 2.6 1.4 0.5 2.9 2.9 14.8 .427 .489  .388 .650 .556 .545   G    JR
134          Daryl Greene  14.8 32 2001-02      Niagara 32 32 33.4  5.0 12.2 2.5  5.4 2.5  6.8 2.2 3.0 1.0 2.2  3.2 2.1 1.3 0.1 2.0 1.6 14.8 .414 .462  .375 .737 .545 .518   G    SR
135          Greg Francis  14.8 30 1996-97    Fairfield    30 33.5  4.6 11.7 2.5  5.6 2.1  6.1 3.5         4.8  4.1 2.5 1.3         0.2 14.8 .393 .449  .342 .722 .528 .483   G    SR
136         Marcus Faison  14.7 31 1998-99        Siena 31 31 27.3  5.2  9.8 4.2  6.8 1.0  3.0 3.3         4.6  5.8 1.7 2.4         0.5 14.7 .533 .618  .337 .708 .614 .584   G    JR
137      Bobby Joe Hatton  14.7 28 1998-99       Marist    28 34.6  5.4 12.0 4.4  8.5 1.0  3.5 3.0 4.8 0.9 2.6  3.4 5.4 1.9 0.3 3.1 2.5 14.7 .449 .519  .278 .615 .515 .490   G    SR
138          Sean Kennedy  14.7 28 2001-02       Marist 28 28 36.1  4.7 11.0 2.9  6.1 1.8  4.9 3.5 5.0 0.8 4.8  5.5 7.9 1.9 0.3 3.5 2.5 14.7 .424 .468  .370 .705 .548 .506   G    SR
139        Shannon Bowman  14.7 28 1994-95    Fairfield 28 28 32.1  5.4  9.5 5.4  9.3 0.0  0.2 3.8         6.1  6.1 2.8 1.5 0.7 2.3 3.4 14.7 .574 .581  .200 .624 .594 .575   F    SO
140          Dyree Wilson  14.6 30 1999-00         Iona 30 30 31.3  5.3 10.9 5.3 10.9 0.0  0.0 4.0 6.1 2.1 2.4  4.6 2.0 0.9 0.7 2.7 3.0 14.6 .486 .488  .000 .647 .527 .486   G    SO
141         John McDonald  14.6 32 1997-98         Iona    32 29.0  4.8 10.7 3.1  6.2 1.7  4.5 3.2         4.0  2.3 3.4 1.3         0.1 14.6 .453 .508  .379 .795 .579 .534   G    SR
142           Bruce Seals  14.6 27 1999-00    Manhattan 27 27 27.1  4.7 12.1 2.1  4.6 2.7  7.5 2.4 3.0 1.3 2.3  3.6 1.3 1.1 0.3 2.3 2.9 14.6 .393 .455  .355 .802 .539 .503   G    FR
143        B.J. Pendleton  14.5 27 1994-95  Loyola (MD) 27 23 30.9  4.6 10.3 4.1  8.6 0.5  1.7 4.7 7.1 2.3 4.4  6.6 0.6 0.7 0.3 2.5 3.5 14.5 .448 .476  .304 .667 .529 .473   F    SR
144         Bryan Matthew  14.5 29 1995-96         Iona 29 29 34.3  4.5 10.3 3.1  6.6 1.4  3.8 4.0         5.3  6.9 0.8 1.6 0.9 1.8 2.6 14.5 .438 .474  .376 .765 .565 .507   G    JR
145          Ken Kavanagh  14.5 27 1998-99    Manhattan    27 32.6  4.3  8.8 4.2  8.3 0.1  0.4 5.8 8.7 3.5 4.9  8.3 2.4 1.3 0.4 3.4 2.9 14.5 .489 .507  .167 .668 .561 .494   C    JR
146             Greg Barr  14.4 29 1995-96         Iona 29 29 32.9  5.1 10.9 3.5  6.9 1.6  4.1 2.6         3.5  4.7 3.5 1.8 0.6 2.6 2.0 14.4 .470 .513  .398 .733 .574 .544   G    SR
147           Danny Doyle  14.4 27 1993-94         Iona 27 27 35.0  5.3 10.1 5.0  8.7 0.3  1.4 3.6         4.8  3.7 6.1 1.5 0.1 3.7 2.1 14.4 .524 .577  .205 .738 .583 .538   G    SR
148        Shannon Bowman  14.4 30 1995-96    Fairfield 30 30 32.1  5.2 10.0 5.1  9.5 0.1  0.5 3.9         5.2  6.7 2.9 1.2 0.5 2.8 2.5 14.4 .522 .537  .214 .756 .580 .527   F    JR
149        Blanchard Hurd  14.4 28 1999-00  Loyola (MD) 28 28 33.5  6.0 12.0 6.0 12.0 0.0  0.0 2.3 3.9 3.1 3.6  6.7 1.4 0.9 0.3 2.6 1.9 14.4 .503 .504  .000 .602 .520 .503   F    SR
150          Chris Rivers  14.4 28 2000-01    Fairfield 28 24 24.6  5.0 11.1 4.0  7.8 1.0  3.3 3.5 4.3 1.6 2.9  4.5 0.8 0.9 0.3 1.8 2.1 14.4 .448 .507  .308 .815 .550 .494   F    SR
151            Jim Nairus  14.3 29 1989-90   Holy Cross 29      29  5.1  9.6 3.9  6.9 1.2  2.7 3.0         3.7  5.9 1.9 0.7 1.1 2.2 2.8 14.3 .527 .557  .449 .796 .628 .590   F    JR
152         Tariq Kirksay  14.2 33 1997-98         Iona    33 30.0  4.9 10.1 3.9  7.4 1.1  2.8 3.3         5.0  7.2 2.0 2.3         0.6 14.2 .488 .527  .385 .659 .569 .540   F    SO
153           Luis Arrosa  14.2 26 1995-96 Saint Peters    26 25.7  5.7 12.1 5.7 12.0 0.0  0.1 2.8         4.4  6.5 2.0 1.0         0.3 14.2 .470 .471  .333 .626 .499 .471   F    SR
154            Tom Kenney  14.2 28 1999-00       Marist 28 28 29.1  5.4 10.1 5.4 10.1 0.0  0.0 3.3 4.6 2.9 4.7  7.6 0.7 0.8 1.8 1.2 2.1 14.2 .539       .539 .715 .577 .539   C    SR
155        B.J. Pendleton  14.2 30 1993-94  Loyola (MD) 30 30 34.3  4.6  8.9 3.8  7.0 0.8  1.9 4.2 6.3 2.9 4.8  7.7 1.3 1.0 0.1 2.4 2.7 14.2 .515 .545  .404 .667 .594 .558   F    JR
156        Rodney Rodgers  14.2 25 2000-01 Saint Peters 25 24 33.8  5.4 12.2 4.9 10.2 0.5  2.0 2.8 4.4 2.8 5.4  8.2 2.6 0.8 0.3 2.6 3.0 14.2 .446 .482  .260 .627 .495 .467   C    SR
157         Anthony Smith  14.2 19 1995-96  Loyola (MD) 19 18 32.5  5.6 11.7 5.4 10.8 0.2  0.9 2.7         5.1  6.0 2.6 2.7     1.3 3.2 14.2 .480 .500  .235 .526 .500 .489   F    JR
158           Bo Larragan  14.1 28 1997-98       Marist    28 36.0  4.3 10.1 2.6  5.8 1.6  4.4 4.0         4.5  3.3 3.6 1.3         0.1 14.1 .419 .460  .366 .882 .574 .498   G    JR
159          Greg Burston  14.1 28 1997-98        Rider    28 31.6  5.6 12.3 4.0  7.9 1.6  4.4 1.4         2.6  3.8 2.6 1.2         0.3 14.1 .452 .502  .363 .528 .521 .517   G    JR
160         Corey Osinski  14.1 31 1998-99        Siena 31 31 26.4  4.4  8.1 4.0  7.1 0.4  1.1 4.9         5.6  5.9 0.8 1.3         0.2 14.1 .540 .566  .364 .874 .651 .563   F    JR
161        Jim Cantamessa  14.0 29 1997-98        Siena 29 28 25.2  4.4  9.2 2.1  5.1 2.3  4.0 3.0         3.4  5.0 1.6 1.3     0.8 3.0 14.0 .477 .409  .564 .878 .649 .602   F    SO
162             Ted Ellis  14.0 31 1994-95    Manhattan 31 31 30.0  4.6 10.4 2.5  4.9 2.1  5.4 2.6         3.4  3.5 2.3 1.4         0.4 14.0 .449 .510  .393 .762 .585 .551   G    JR
163         Durelle Brown  13.9 27 1998-99    Manhattan    27 29.8  5.5  9.9 5.3  9.6 0.1  0.3 2.8 4.3 2.0 3.7  5.7 1.2 0.7 0.2 2.1 3.1 13.9 .552 .554  .500 .655 .582 .560   F    SO
164          Randy Holmes  13.9 26 1995-96 Saint Peters    26 28.7  5.5 12.0 4.7  9.6 0.9  2.5 2.0         2.3  2.0 1.8 1.5         0.2 13.9 .460 .486  .359 .836 .529 .497   G    SR
165        Jamal Marshall  13.9 27 1993-94    Manhattan 27 27 27.1  5.7  9.5 5.7  9.5 0.0  0.0 2.5         4.1  7.4 0.6 0.6 1.1 1.8 2.3 13.9 .602       .602 .609 .608 .602   C    JR
166        Jamie Cammaert  13.9 27 1997-98     Canisius    27 32.0  4.9 11.3 3.7  8.5 1.3  2.8 2.8         4.3  6.7 2.7 0.8         0.1 13.9 .435 .430  .447 .647 .519 .490   F    JR
167         Keith Lambkin  13.8 26 1998-99     Canisius    26 33.1  4.5 10.3 3.5  7.8 1.0  2.5 3.8 4.9 1.9 4.5  6.4 2.7 1.0 0.2 3.0 2.8 13.8 .435 .446  .400 .781 .546 .483   F    SR
168         Tariq Kirksay  13.8 30 1998-99         Iona    30 29.8  4.9  9.7 4.2  7.2 0.7  2.5 3.4         4.6  8.6 3.0 1.4 0.5 2.5 1.0 13.8 .505 .588  .267 .727 .581 .540   F    JR
169           Darren Fenn  13.8 29 2000-01     Canisius 29 23 27.1  5.2 10.5 5.1  9.8 0.1  0.7 3.4 4.8 2.9 5.1  8.0 1.0 0.5 1.2 2.1 2.2 13.8 .493 .516  .158 .710 .543 .498   C    SR
170         Russ Williams  13.8 28 1990-91    Manhattan         28  5.0 11.3 3.9  8.0 1.1  3.3 2.6         3.5  2.8 2.3 1.2         0.1 13.8 .444 .484  .348 .755 .534 .495   G    JR
171             Matt Gras  13.8 27 1994-95        Siena 27 17 24.9  5.1  9.6 5.0  9.4 0.1  0.2 3.5         5.0  5.9 0.9 0.6 0.3 2.6 2.8 13.8 .533 .535  .400 .691 .575 .537   C    SR
172         Nakiea Miller  13.8 30 1999-00         Iona 30 30 22.1  5.0  9.7 5.0  9.6 0.0  0.1 3.7 5.0 3.0 4.8  7.7 0.6 0.7 3.3 1.5 3.4 13.8 .519 .524  .000 .740 .570 .519   C    JR
173        Michael Haddix  13.8 32 2002-03        Siena 32 27 26.1  5.1  9.8 5.1  9.8 0.0  0.0 3.6 5.2 3.0 4.2  7.2 0.5 0.6 0.8 1.3 3.1 13.8 .521       .521 .687 .561 .521   C    FR
174           Rob Thomson  13.7 30 2003-04    Fairfield 30 30 32.5  4.7  9.2 4.4  8.6 0.3  0.7 4.0 5.1 3.1 4.9  8.1 1.6 1.3 1.0 2.3 3.1 13.7 .513 .518  .450 .778 .589 .529   C    SR
175          Shane Miller  13.7 25 1995-96    Fairfield 25 22 31.9  4.3  8.4 2.3  4.2 2.0  4.2 3.2         3.8  2.9 1.5 0.7 0.1 1.4 1.7 13.7 .510 .552  .467 .842 .672 .626   G    SO
176         Kashif Hameed  13.7 29 1998-99         Iona    29 25.2  4.7 10.0 4.6  9.9 0.1  0.1 4.3         6.7  6.2 1.6 0.6         2.3 13.7 .466 .465  .500 .641 .519 .469   C    SR
177            Jason Rowe  13.7 27 1996-97  Loyola (MD) 27 27 33.6  4.7 10.3 3.0  5.5 1.7  4.8 2.6 3.5 0.6 2.6  3.2 4.1 2.0 0.3 3.4 2.8 13.7 .458 .554  .349 .745 .574 .540   G    FR
178   Mindaugas Timinskas  13.7 29 1995-96         Iona 29 29 31.5  4.8 11.2 3.9  7.9 0.9  3.3 3.2         4.1  6.7 3.0 0.8 0.6 2.1 3.6 13.7 .423 .487  .271 .783 .517 .463   F    JR
179             Ajou Deng  13.7 23 2001-02    Fairfield 23 23 30.3  4.9 10.3 3.4  6.3 1.5  4.0 2.4 3.3 1.7 6.4  8.1 1.8 0.9 1.8 2.6 2.0 13.7 .475 .538  .374 .737 .577 .547   C    JR
180           Scott Knapp  13.6 31 2000-01        Siena 31 29 25.8  4.2 10.2 1.5  3.7 2.7  6.5 2.6 2.9 0.3 2.1  2.4 3.3 0.8 0.1 2.4 1.9 13.6 .410 .409  .411 .889 .588 .541   G    SR
181        Didier Boucard  13.6 27 1998-99    Fairfield    27 30.1  5.2  9.9 5.1  9.5 0.1  0.4 3.0 6.4 2.9 4.8  7.7 1.1 1.4 2.1 2.3 3.1 13.6 .528 .535  .364 .466 .525 .536   F    SR
182         Clive Bentick  13.6 31 2000-01     Canisius 31 31 30.5  4.7 10.6 2.9  6.4 1.7  4.3 2.5 3.5 1.1 2.2  3.3 4.0 1.4 0.2 2.0 1.6 13.6 .439 .462  .406 .713 .552 .521   G    SR
183        Tommy Mitchell  13.6 32 2002-03        Siena 32 26 30.9  3.9 10.2 2.0  5.0 1.9  5.2 3.8 4.7 1.1 1.9  3.0 2.1 1.2 0.0 2.6 2.6 13.6 .387 .406  .367 .807 .546 .480   G    SO
184         Corey Osinski  13.5 31 1999-00        Siena 31 30 25.0  5.0  9.0 4.5  7.7 0.5  1.4 3.1 3.9 2.4 3.9  6.2 1.1 1.4 0.3 1.8 2.4 13.5 .554 .592  .333 .800 .623 .579   F    SR
185         Keith Bullock  13.5 28 1989-90    Manhattan    28 27.2  4.2  8.3 4.1  8.1 0.1  0.1 5.0         6.6  6.6 1.0 0.6 0.5     2.3 13.5 .511 .509  .667 .761 .594 .515   F    FR
186          Shawn Worthy  13.5 30 1990-91         Iona    30 36.5  4.5  8.8 3.9  7.0 0.7  1.9 3.8         5.5  3.6 4.0 1.1 0.1 2.7 2.7 13.5 .513 .555  .357 .681 .589 .551   G    SR
187        Steve Burtt Jr  13.5 29 2003-04         Iona 29 21 31.2  4.8 11.0 3.1  6.4 1.7  4.6 2.2 2.7 0.5 2.6  3.1 2.3 1.0 0.0 2.8 2.4 13.5 .436 .484  .368 .821 .549 .513   G    SO
188      Bashjke Mustafaj  13.5 27 1992-93         Iona 27  3 25.7  5.4 10.1 4.2  7.2 1.2  2.9 1.4         2.1  2.5 3.6 0.9 0.2 2.5 1.7 13.5 .540 .588  .423 .649 .609 .601   F    SR
189         Heshimu Evans  13.4 29 1995-96    Manhattan 29 29 33.0  4.9 11.9 4.1  9.7 0.8  2.2 2.7         4.6  6.0 3.1 0.9 0.3 2.7 2.0 13.4 .416 .429  .359 .594 .476 .449   F    SO
190        Jamie Cammaert  13.3 27 1998-99     Canisius    27 29.8  5.0 10.0 4.1  7.5 0.9  2.4 2.4 3.7 2.4 3.0  5.4 2.6 0.6 0.1 2.1 2.9 13.3 .502 .542  .379 .657 .570 .548   F    SR
191              Deng Gai  13.3 16 2003-04    Fairfield 16 16 33.7  5.0 12.1 4.3  9.6 0.8  2.5 2.6 3.6 2.1 6.5  8.6 0.7 0.7 4.1 3.0 3.1 13.3 .412 .442  .300 .719 .482 .443   F    JR
192         Carey Edwards  13.3 30 1992-93    Manhattan 30 30 33.4  4.5  9.4 3.0  5.8 1.5  3.6 2.7         3.8  5.1 3.2 0.8         0.3 13.3 .482 .523  .417 .726 .594 .562   F    JR
193      Michael Crawford  13.3 30 1999-00        Rider 30 30 30.5  4.0  8.4 1.7  3.4 2.3  5.0 3.0 3.7 0.4 2.1  2.5 2.7 1.3 0.0 2.6 2.7 13.3 .474 .505  .453 .820 .653 .609   G    JR
194        Marvin Andrews  13.3 31 1990-91 Saint Peters 31 31 37.8  4.7 10.0 4.0  8.3 0.7  1.7 3.2 5.0 2.9 3.1  6.0 2.7 1.6 1.2 2.4 2.4 13.3 .469 .479  .423 .641 .538 .505   F    SR
195           Randy Woods  13.3 32 1989-90     La Salle 32 32 35.6  4.6 11.6 2.2  4.7 2.4  6.9 1.8 2.4 1.4 1.8  3.2 3.5 2.8 0.0 1.5 2.7 13.3 .394 .460  .348 .737 .522 .497   G    SO
196          Kevin George  13.3 27 1990-91    Fairfield 27 25 32.6  5.0 11.8 4.1  9.0 0.9  2.8 2.3         3.5  1.9 2.8 0.9 0.0 2.3 2.8 13.3 .425 .455  .329 .670 .494 .464   G    SO
197        Brian Clifford  13.3 28 1991-92      Niagara 28 28 33.0  5.0  9.9 5.0  9.9 0.0  0.0 3.1         4.2 10.0 3.9 1.5 0.4 3.8 3.0 13.3 .507 .505 1.000 .746 .555 .509   F    JR
198         Mikkel Larsen  13.2 29 1995-96         Iona 29 29 33.0  5.2 12.5 5.2 12.5 0.0  0.0 2.9         4.6  5.9 0.8 0.4 2.6 1.9 2.3 13.2 .413       .413 .627 .450 .413   C    SR
199         Michael Meeks  13.2 25 1992-93     Canisius 25 25 33.3  5.0 11.1 4.8 10.2 0.3  0.9 2.9         4.5  7.1 1.0 1.6 1.8 2.5 2.8 13.2 .453 .465  .318 .637 .499 .466   C    FR
200        Lucious Jordan  13.2 28 2002-03  Loyola (MD) 28 28 34.6  4.5 11.0 3.4  7.4 1.1  3.6 3.2 4.4 0.9 2.8  3.6 2.0 0.8 0.1 2.9 1.8 13.2 .406 .457  .300 .732 .505 .455   G    SO
[/code]

Provided by [url=https://www.sports-reference.com/sharing.html?utm_source=direct&utm_medium=Share&utm_campaign=ShareTool]Stathead[/url]: [url=https://www.sports-reference.com/stathead/basketball/cbb/player-season-finder.cgi?utm_source=direct&utm_medium=Share&utm_campaign=ShareTool]Found with Stathead. See Full Results.[/url]
Generated 6/11/2026.