[code]                                                                                                                                                                                            
                                                                                                                                                                                        Per 
Rk                  Player PTS/G  G  Season              Team  G GS   MP   FG  FGA  2P  2PA  3P  3PA  FT  FTA ORB DRB  TRB AST STL BLK TOV  PF  PTS  FG%  2P%   3P%  FT%  TS% eFG% Pos Class
1            Dave Jamerson  31.2 28 1989-90              Ohio    28 38.3 10.6 23.1 5.9 12.3 4.7 10.8 5.3          6.3  6.4 1.8 0.9 0.3 2.3 2.6 31.2 .459 .483  .432 .842 .598 .560   G    SR
2             Earl Boykins  25.7 29 1997-98  Eastern Michigan    29 36.9  9.2 19.4 6.2 12.2 2.9  7.2 4.4          5.4  2.3 5.5 1.9         0.1 25.7 .472 .511  .407 .816 .585 .548   G    SR
3              Bonzi Wells  25.4 28 1995-96        Ball State 28 28 32.5  9.6 19.4 8.5 16.1 1.1  3.3 5.1          7.2  8.8 2.9 3.1 1.2 3.8 3.1 25.4 .494 .527  .337 .708 .556 .523   F    SO
4               Gary Trent  25.4 33 1993-94              Ohio 33 32 36.8  9.4 16.2 9.1 15.2 0.3  1.0 6.4          8.8 11.4 2.0 0.8 1.6 3.8 2.4 25.4 .576 .596  .273 .722 .621 .585   F    SO
5           Chris Williams  24.5 30 2002-03        Ball State 30 30 35.8  7.5 17.6 5.4 11.0 2.1  6.5 7.3  8.5 1.2 2.2  3.4 2.2 1.3 0.1 2.3 2.6 24.5 .429 .489  .327 .859 .567 .490   G    SR
6         Wally Szczerbiak  24.4 21 1997-98        Miami (OH) 21 21 38.2  8.8 16.7 5.8 10.6 3.0  6.1 3.8          4.7  7.6 2.5 0.9 1.1 3.4 2.9 24.4 .529 .550  .492 .806 .646 .619   F    JR
7         Wally Szczerbiak  24.2 32 1998-99        Miami (OH) 32 32 33.8  8.4 16.2 6.5 10.6 2.0  5.5 5.4          6.5  8.5 2.9 1.2 1.0 3.2 3.1 24.2 .522 .609  .356 .831 .630 .583   F    SR
8          Antonio Daniels  24.0 32 1996-97     Bowling Green 32 32 36.3  8.7 15.9 7.3 12.7 1.4  3.3 5.1  6.6 0.6 2.3  2.8 6.8 2.3 0.3 3.2 1.6 24.0 .547 .576  .433 .777 .628 .591   G    SR
9               Gary Trent  22.9 33 1994-95              Ohio 33 31 34.4  8.9 16.8 8.6 15.8 0.2  1.1 4.9          7.7 12.8 2.4 0.6 0.8 3.5 2.3 22.9 .527 .547  .229 .642 .559 .534   F    JR
10            Keith McLeod  22.9 33 2001-02     Bowling Green 33 33 33.6  6.8 15.0 4.1  8.5 2.7  6.5 6.6  8.2 0.8 3.4  4.2 2.7 2.0 0.1 3.1 2.7 22.9 .452 .482  .412 .807 .605 .541   G    SR
11             Bonzi Wells  22.8 29 1997-98        Ball State    29 29.1  8.2 16.8 6.4 11.9 1.8  4.9 4.6          6.7  6.3 3.3 3.6 0.7 3.4 3.1 22.8 .490 .538  .373 .689 .573 .544   F    SR
12          Derrick Tarver  22.7 27 2003-04             Akron 27 26 31.3  7.3 14.8 5.5  9.2 1.7  5.6 6.4  8.5 1.0 1.9  2.9 1.6 0.9 0.0 2.8 1.9 22.7 .490 .598  .311 .752 .601 .549   G    SR
13             Chris Kaman  22.4 31 2002-03  Central Michigan 31 31 34.0  7.9 12.6 7.9 12.6 0.0  0.0 6.6  8.9 3.6 8.4 12.0 1.2 0.6 3.2 4.4 3.2 22.4 .622       .622 .749 .664 .622   C    JR
14             Bonzi Wells  22.0 29 1996-97        Ball State 29 28 31.0  7.9 17.0 7.0 13.4 0.9  3.6 5.3          7.7  7.9 4.4 2.5 0.7 4.3 2.9 22.0 .465 .526  .240 .691 .533 .491   F    JR
15            Craig Thames  21.8 32 1995-96            Toledo    32 36.0  6.8 13.8 4.9  9.2 1.8  4.6 6.5          7.7  6.1 4.0 2.6 0.3     2.8 21.8 .490 .532  .404 .849 .627 .557   G    SR
16        Saddi Washington  21.6 29 1997-98  Western Michigan 29 29 35.4  7.2 16.2 5.2 10.7 2.0  5.4 5.3          6.5  4.2 2.4 1.9 0.2 2.5 2.3 21.6 .443 .486  .361 .810 .560 .504   F    SR
17          Brandon Hunter  21.5 30 2002-03              Ohio 30 30 38.2  7.2 13.8 6.9 12.6 0.4  1.2 6.6 11.2 3.2 9.4 12.6 2.6 0.8 1.2 3.6 2.8 21.5 .523 .545  .297 .594 .561 .536   F    SR
18            Leon Rodgers  21.3 28 2001-02 Northern Illinois 28 28 32.9  7.0 13.7 5.8 11.1 1.2  2.6 6.2  7.8 3.2 5.3  8.5 2.2 0.7 0.6 2.9 2.9 21.3 .508 .523  .446 .797 .612 .551   F    SR
19            Derrick Dial  20.9 29 1997-98  Eastern Michigan    29 35.5  7.7 15.8 4.9  9.0 2.7  6.8 2.9          3.7  6.7 2.3 1.3 0.9 2.1 2.3 20.9 .484 .548  .399 .785 .595 .570   G    SR
20             Lewis Geter  20.9 28 1991-92              Ohio 28 27 35.6  6.9 15.2 6.1 12.5 0.8  2.6 6.3          7.9  8.4 3.4 1.3 0.6 2.8 2.8 20.9 .454 .484  .311 .795 .551 .481   F    SR
21            Jim Havrilla  20.8 26 1989-90  Western Michigan 26 26 33.9  7.7 16.4 7.7 16.3 0.0  0.0 5.4          7.1  8.6 1.3 0.5 0.9 3.4 3.1 20.8 .469 .468 1.000 .761 .527 .471   C    SO
22           Antonio Gates  20.6 31 2002-03        Kent State 31 31 33.3  7.5 15.6 7.0 14.2 0.5  1.4 5.3  7.4 1.8 5.9  7.7 4.1 1.5 0.2 3.5 2.7 20.6 .478 .491  .349 .709 .540 .494   F    SR
23          Derrick Tarver  20.6 28 2002-03             Akron 28 28 34.3  6.9 14.5 4.9  8.8 1.9  5.8 5.0  7.7 0.9 1.9  2.8 1.7 0.5 0.0 2.3 2.1 20.6 .472 .563  .333 .651 .568 .538   G    JR
24           Brian Tolbert  20.5 31 1995-96  Eastern Michigan 31 31 34.0  7.1 15.0 4.7  8.8 2.4  6.2 3.8          4.5  4.3 3.0 2.1 0.2 2.2 2.2 20.5 .476 .538  .387 .850 .598 .556   G    SR
25             Steve Payne  20.5 26 1993-94        Ball State 26 25 36.0  7.7 13.6 7.7 13.3 0.1  0.3 4.9          6.6 11.0 2.0 0.3 1.2 3.2 2.2 20.5 .568 .575  .250 .744 .611 .571   F    JR
26       Ronald Blackshear  20.3 29 2002-03          Marshall 29 28 32.8  6.6 16.6 3.2  7.4 3.4  9.1 3.8  4.3 0.7 2.9  3.6 1.6 0.7 0.1 2.9 1.9 20.3 .395 .426  .370 .888 .545 .497   G    JR
27          Marcus Kennedy  20.0 33 1990-91  Eastern Michigan 33 33 31.1  7.3 10.7 7.3 10.7 0.0  0.0 5.4          7.6  8.1 1.3 1.2 1.0 3.1 3.0 20.0 .682       .682 .716 .700 .682   C    SR
28              Tamar Slay  19.9 30 1999-00          Marshall 30 30 30.7  7.2 14.5 4.1  7.3 3.1  7.2 2.4  3.4 1.1 3.3  4.4 2.3 1.2 0.6 2.2 2.9 19.9 .498 .562  .433 .706 .619 .605   G    SO
29                T.J. Lux  19.9 28 1999-00 Northern Illinois 28 28 34.1  7.5 15.3 7.4 15.0 0.1  0.3 4.9  6.8 3.5 5.4  8.9 1.0 1.7 1.4 2.2 3.1 19.9 .489 .494  .250 .725 .539 .492   C    SR
30            Theron Smith  19.6 35 2001-02        Ball State 35 35 33.0  6.7 13.0 5.4  9.6 1.3  3.4 5.0  6.8 3.4 7.5 10.9 1.4 1.1 0.6 2.7 2.8 19.6 .513 .561  .378 .743 .606 .563   F    JR
31          Keith Triplett  19.6 31 2003-04            Toledo 31 31 33.3  6.5 13.9 4.4  8.8 2.1  5.1 4.4  5.4 1.2 3.5  4.7 3.1 2.5 0.2 2.5 1.5 19.6 .470 .502  .415 .804 .593 .546   G    JR
32       Ronald Blackshear  19.6 21 2001-02          Marshall 21 12 31.7  6.1 14.0 2.0  4.8 4.2  9.2 3.1  3.9 0.9 3.8  4.7 1.4 0.5 0.0 1.7 1.9 19.6 .439 .406  .456 .802 .618 .588   G    SO
33          Ricky Cottrill  19.4 30 2001-02  Eastern Michigan 30 30 37.7  6.2 16.1 3.6  8.7 2.6  7.4 4.4  5.2 0.7 2.1  2.8 3.1 1.0 0.0 3.9 2.5 19.4 .384 .414  .350 .846 .521 .465   G    SO
34              Leon McGee  19.4 18 1993-94  Western Michigan 18 17 32.0  6.3 13.7 5.3 11.4 1.0  2.3 5.8          8.2  3.7 3.4 2.0 0.3 4.4 2.6 19.4 .457 .463  .429 .714 .551 .494   G    SR
35            David Webber  19.2 28 1999-00  Central Michigan 28 28 36.1  6.6 15.5 4.2  9.5 2.4  6.0 3.7  5.3 0.6 3.3  3.9 1.9 1.1 0.2 2.3 2.0 19.2 .424 .442  .396 .691 .533 .501   G    SO
36            Earl Boykins  19.1 32 1996-97  Eastern Michigan    32 36.3  6.5 15.4 5.3 11.3 1.2  4.1 4.9          5.7  2.1 4.6 1.9 0.0 3.6 1.8 19.1 .423 .467  .300 .852 .528 .462   G    JR
37          Tony Barksdale  19.1 24 1999-00  Western Michigan 24 13 30.4  6.3 14.8 4.2  8.8 2.1  6.0 4.5  6.4 0.8 1.9  2.7 2.5 1.2 0.1 3.0 2.6 19.1 .424 .474  .350 .706 .537 .494   G    SR
38          Rashod Johnson  19.1 29 1997-98  Western Michigan 29 21 28.7  6.5 14.3 3.6  7.6 2.9  6.7 3.1          4.1  2.3 2.4 1.9 0.3 2.8 3.5 19.1 .455 .475  .433 .771 .587 .557   G    SR
39              Gary Trent  19.0 27 1992-93              Ohio 27 27 33.0  7.2 11.0 7.2 11.0 0.0  0.0 4.7          6.7  9.3 1.6 0.4 1.0 2.6 1.9 19.0 .651 .653  .000 .696 .669 .651   F    FR
40          Thomas Kilgore  18.9 16 1994-95  Central Michigan         16  6.3 15.1 5.8 12.8 0.6  2.3 5.8          7.2  3.3 2.6 0.9         0.1 18.9 .419 .451  .243 .800 .512 .438   G    FR
41           Mike Williams  18.9 31 2003-04  Western Michigan 31 31 28.6  7.4 13.8 7.3 13.6 0.0  0.2 4.2  5.5 2.5 4.5  7.0 1.2 1.9 1.1 1.7 2.9 18.9 .534 .538  .200 .769 .579 .535   F    SR
42               Geno Ford  18.9 30 1995-96              Ohio    30 36.4  6.4 15.0 4.7  9.5 1.7  5.5 4.4          5.4  2.7 2.4 0.8         0.1 18.9 .426 .490  .315 .804 .536 .483   G    JR
43              Tamar Slay  18.9 30 2001-02          Marshall 30 30 34.4  6.5 14.6 3.9  8.3 2.7  6.4 3.2  4.3 1.3 4.1  5.4 2.4 1.6 0.5 3.0 2.7 18.9 .446 .468  .419 .731 .566 .538   G    SR
44       Ladrell Whitehead  18.9 28 1998-99              Ohio    28 34.8  6.1 15.3 3.7  8.0 2.4  7.3 4.3          5.3  3.4 3.1 1.6         0.1 18.9 .400 .466  .328 .805 .531 .479   G    SR
45            Craig Thames  18.8 27 1994-95            Toledo 27 27 35.6  6.0 12.6 4.4  8.3 1.6  4.2 5.3          6.8  6.8 3.7 1.7 0.9 3.0 2.0 18.8 .478 .533  .368 .776 .596 .540   G    JR
46          Damon Frierson  18.8 29 1997-98        Miami (OH) 29 29 38.3  5.9 14.9 4.6 10.8 1.4  4.1 5.5          7.2  4.6 4.1 1.5 0.1     3.4 18.8 .398 .420  .339 .769 .512 .444   G    JR
47           Duane Clemens  18.7 30 1999-00        Ball State 30 30 37.0  6.9 16.1 5.7 12.6 1.2  3.5 3.8  6.0 0.8 2.3  3.0 2.8 2.5 0.3 1.8 2.0 18.7 .427 .454  .330 .635 .494 .463   G    SR
48               Geno Ford  18.7 27 1996-97              Ohio 27 27 37.6  6.2 15.0 4.0  9.4 2.2  5.6 4.1          4.9  3.6 2.9 1.7 0.1 2.5 2.8 18.7 .413 .427  .391 .855 .542 .486   G    SR
49           Nate Reinking  18.7 27 1995-96        Kent State 27 27 34.8  6.5 14.6 4.1  8.9 2.4  5.6 3.3          4.1  3.7 3.1 0.9 0.1 1.9 2.4 18.7 .445 .456  .428 .795 .565 .528   G    SR
50             Jami Bosley  18.6 27 1998-99             Akron    27 34.3  5.6 12.3 3.9  8.2 1.7  4.1 5.7  6.7 1.5 3.3  4.8 3.9 2.1 0.0 3.4 3.0 18.6 .456 .475  .418 .861 .604 .526   G    JR
51                T.J. Lux  18.6 26 1997-98 Northern Illinois 26 26 34.1  6.5 14.0 6.3 13.2 0.2  0.8 5.4          7.4 11.1 1.0 1.1 1.4     2.2 18.6 .464 .477  .250 .731 .531 .471   C    JR
52          Anthony Stacey  18.5 27 1998-99     Bowling Green    27 33.9  6.3 12.6 5.2 10.1 1.1  2.5 4.8  6.3 1.4 4.2  5.6 1.8 2.3 0.4 2.6 2.9 18.5 .500 .515  .441 .763 .594 .544   F    JR
53        Kareem Carpenter  18.4 27 1993-94  Eastern Michigan    27 27.5  7.0 12.3 7.0 12.3 0.0  0.0 4.5          7.8  9.0 1.1 0.9 0.3     2.2 18.4 .568       .568 .578 .577 .568   F    JR
54            David Webber  18.4 27 2000-01  Central Michigan 27 26 35.9  5.7 13.2 3.9  7.9 1.8  5.3 5.2  7.6 0.8 4.4  5.2 2.5 1.5 0.1 2.1 2.3 18.4 .430 .486  .345 .691 .548 .499   G    JR
55            Greg Stempin  18.3 33 2000-01            Toledo 33 33 35.8  6.5 13.8 5.1  9.1 1.4  4.8 3.8  6.4 2.8 5.5  8.2 1.9 1.0 0.6 2.1 2.8 18.3 .473 .563  .299 .592 .542 .524   F    SR
56           Charles Macon  18.2 26 1996-97  Central Michigan    26 32.5  6.0 13.3 5.3 11.1 0.7  2.2 5.6          7.4  7.2 1.6 0.7         1.8 18.2 .448 .474  .316 .755 .541 .474   F    SR
57             Ric Blevins  18.2 29 1989-90        Kent State 29 29 34.8  5.8 12.0 4.3  8.4 1.4  3.6 5.2          6.1  5.1 3.0 0.4 0.1 3.2 2.6 18.2 .479 .512  .400 .858 .609 .539   F    SR
58             Lewis Geter  18.1 28 1990-91              Ohio         28  6.2 14.8 5.3 12.0 0.9  2.8 4.9          5.6  6.8 2.4 1.2         0.4 18.1 .418 .440  .321 .867 .519 .448   F    JR
59            Keith McLeod  18.1 28 2000-01     Bowling Green 28 25 33.4  5.3 13.0 4.1  9.5 1.3  3.5 6.2  7.6 0.9 2.5  3.4 2.9 1.7 0.1 2.9 2.6 18.1 .408 .429  .354 .813 .543 .456   G    JR
60          Brandon Hunter  18.1 30 2000-01              Ohio 30 30 32.9  6.0 11.8 5.9 11.5 0.1  0.3 5.9  9.0 2.7 6.7  9.4 2.7 0.8 0.5 3.9 2.5 18.1 .510 .514  .333 .657 .561 .514   F    SO
61             Devin Davis  17.8 29 1995-96        Miami (OH) 29 27 30.8  6.2 12.8 5.9 12.1 0.3  0.8 5.0          8.1  9.9 1.8 1.1 0.4 3.5 3.5 17.8 .487 .491  .409 .617 .533 .499   F    JR
62         Darian McKinney  17.7 27 1991-92  Central Michigan         27  6.3 12.8 5.6 11.1 0.7  1.7 4.5          6.5  8.4 2.2 1.3         0.2 17.7 .488 .500  .413 .697 .558 .516   F    SR
63    Shane Kline-Ruminski  17.7 22 1993-94     Bowling Green    22 30.3  7.1 12.6 6.7 11.5 0.4  1.1 3.1          5.0  6.3 1.8 0.8 1.4 2.6 3.0 17.7 .563 .583  .360 .613 .590 .579   C    JR
64            David Webber  17.7 28 2001-02  Central Michigan 28 28 37.5  5.8 14.3 4.0  7.6 1.8  6.6 4.3  7.0 0.5 2.0  2.5 2.8 1.3 0.2 2.2 2.0 17.7 .406 .519  .276 .612 .503 .470   G    SR
65            Derrick Dial  17.7 32 1996-97  Eastern Michigan    32 34.3  6.4 12.3 4.7  8.2 1.7  4.1 3.2          3.9  5.2 2.3 1.2 0.6 1.6 2.2 17.7 .520 .569  .423 .816 .626 .591   G    JR
66           J.R. VanHoose  17.5 29 1999-00          Marshall 29 29 34.1  6.3 11.1 6.3 11.1 0.0  0.0 4.9  6.3 3.2 5.4  8.6 1.4 0.9 0.8 2.7 2.5 17.5 .567 .565 1.000 .766 .619 .568   C    SO
67            Mike Manciel  17.5 26 1998-99  Central Michigan    26 30.0  6.2 11.2 5.5  9.7 0.7  1.5 4.5  5.8 2.1 4.3  6.4 0.7 1.1 0.1 2.9 2.5 17.5 .548 .567  .425 .770 .623 .577   F    FR
68             David Scott  17.4 28 1990-91        Miami (OH)    28 21.6  5.8 11.6 3.9  7.1 1.9  4.6 3.9          4.9  3.3 1.5 1.1         0.3 17.4 .500 .551  .422 .783 .623 .583   F    JR
69      John Hollingsworth  17.4 28 2002-03             Akron 28 28 35.7  5.7 11.2 4.9  9.2 0.8  2.0 5.3  6.9 0.6 2.3  2.9 4.1 2.2 0.1 2.4 2.4 17.4 .506 .533  .386 .771 .602 .541   G    JR
70            Juby Johnson  17.4 29 2003-04        Miami (OH) 29 29 35.4  5.2 13.3 3.7  7.9 1.5  5.4 5.5  7.1 1.1 3.3  4.4 1.3 1.2 0.2 1.9 2.3 17.4 .392 .467  .282 .776 .523 .449   G    SR
71         Clinton Venable  17.4 28 1990-91     Bowling Green 28 28 31.9  6.2 13.0 5.0 10.1 1.2  2.9 3.8          4.5  3.3 4.6 1.6 0.1 3.8 2.3 17.4 .474 .495  .402 .849 .572 .519   G    SR
72          Brandon Hunter  17.3 26 2001-02              Ohio 26 26 32.4  6.1 12.5 5.2  9.9 1.0  2.6 4.2  6.9 2.1 7.0  9.1 2.3 1.1 1.0 3.3 2.3 17.3 .489 .519  .373 .603 .550 .528   F    JR
73             Steve Payne  17.3 28 1994-95        Ball State 28 27 33.6  6.6 11.5 6.6 11.4 0.0  0.0 4.2          6.0  9.4 1.2 0.8 1.0 2.6 2.9 17.3 .573 .575  .000 .701 .606 .573   F    SR
74              Tamar Slay  17.3 27 2000-01          Marshall 27 27 34.3  5.7 14.1 3.6  7.7 2.1  6.3 3.8  4.6 1.2 4.2  5.4 2.7 1.4 0.4 3.2 2.6 17.3 .405 .469  .327 .816 .530 .479   G    JR
75           Craig Sutters  17.3 31 1990-91            Toledo    31 31.3  6.2 11.3 6.2 11.3 0.0  0.0 4.9          7.9  8.7 1.5 1.2 0.9     2.2 17.3 .547       .547 .619 .573 .547   F    SR
76          Tony Barksdale  17.2 26 1998-99  Western Michigan 26 20 32.1  5.6 13.0 4.0  8.2 1.6  4.7 4.5          5.9  2.8 2.2 0.8 0.2     2.6 17.2 .430 .486  .333 .765 .547 .491   G    JR
77    Shane Kline-Ruminski  17.2 26 1994-95     Bowling Green 26 25 32.4  7.0 10.2 6.5  8.7 0.5  1.5 2.8          4.9  7.3 2.5 1.0 0.6 2.5 2.5 17.2 .683 .740  .342 .567 .687 .708   C    SR
78            Nate Huffman  17.2 26 1996-97  Central Michigan    26 29.6  5.8 10.0 5.0  8.2 0.8  1.8 4.8          6.5 11.0 1.8 1.1 1.8     2.7 17.2 .579 .612  .426 .734 .653 .617   C    SR
79            Jim Havrilla  17.1 27 1990-91  Western Michigan 27 26 33.1  5.8 11.9 5.8 11.8 0.0  0.0 5.5          7.5  8.1 1.1 0.4 0.4 3.2 3.1 17.1 .491 .492  .000 .729 .555 .491   C    JR
80         Gerrit Brigitha  17.1 30 2003-04  Central Michigan 30 30 31.9  6.1 10.8 6.1 10.7 0.0  0.1 4.8  6.7 2.6 4.2  6.9 0.9 0.4 0.3 2.2 2.6 17.1 .570 .573  .000 .718 .612 .570   F    SR
81             Jimmal Ball  17.1 26 1996-97             Akron 26 26 35.0  6.2 16.3 3.9 10.0 2.3  6.3 2.4          3.5  4.7 3.4 2.2 0.3 2.4 2.2 17.1 .380 .392  .360 .685 .475 .449   G    FR
82            Mark Alberts  17.1 26 1992-93             Akron    26 37.2  5.4 13.5 1.3  3.1 4.1 10.4 2.2          2.9  1.8 3.1 0.9 0.0 2.0 1.3 17.1 .399 .413  .395 .760 .574 .551   G    SR
83           Ryan Prillman  17.1 28 2002-03  Eastern Michigan 28 28 25.3  6.3 11.3 6.3 11.3 0.0  0.0 4.6  7.9 2.4 3.4  5.8 0.5 0.5 1.1 2.2 2.3 17.1 .556       .556 .577 .568 .556   F    SR
84               Ron Lewis  17.0 31 2003-04     Bowling Green 31 30 33.8  4.7 11.8 3.2  7.5 1.5  4.4 6.2  7.5 1.1 3.5  4.7 2.9 0.8 0.5 2.9 2.8 17.0 .395 .431  .333 .820 .551 .456   G    SO
85           Brian Tolbert  17.0 30 1994-95  Eastern Michigan 30 29 33.0  5.8 13.5 3.8  7.6 2.0  5.9 3.4          4.4  4.1 3.0 2.1 0.1 2.1 2.7 17.0 .427 .496  .339 .786 .545 .501   G    JR
86             Devin Davis  16.9 30 1996-97        Miami (OH) 30 30 31.5  5.6 11.1 5.4 10.3 0.3  0.8 5.4          7.3  9.4 1.8 1.4 0.7 3.3 3.2 16.9 .506 .519  .333 .732 .578 .518   F    SR
87          Steve Reynolds  16.9 30 2001-02  Western Michigan 30 27 31.2  6.4 14.9 4.4  9.4 2.0  5.5 2.1  3.4 1.6 2.4  4.0 1.2 0.7 0.1 2.1 2.6 16.9 .429 .466  .364 .624 .511 .496   F    SR
88             Devin Davis  16.9 30 1994-95        Miami (OH) 30 30 30.8  6.3 12.9 6.3 12.9 0.0  0.0 4.2          6.1  7.5 1.5 1.2 0.7 2.4 3.8 16.9 .491 .492  .000 .692 .534 .491   F    SO
89          Keith Triplett  16.9 29 2002-03            Toledo 29 28 33.8  5.7 11.9 4.0  8.0 1.7  3.9 3.8  4.9 2.2 3.6  5.8 2.3 2.3 0.1 2.8 1.9 16.9 .480 .504  .429 .787 .595 .549   G    SO
90          Anthony Stacey  16.8 29 1999-00     Bowling Green 29 29 33.7  5.7 12.4 4.8  9.4 0.9  3.0 4.4  5.7 1.3 4.6  6.0 2.2 1.8 0.2 2.7 2.9 16.8 .460 .509  .307 .771 .554 .497   F    SR
91          Trevor Huffman  16.8 34 2000-01        Kent State 34 34 35.4  4.8 12.5 3.0  7.3 1.8  5.1 5.3  6.2 0.6 2.3  2.9 4.5 1.1 0.3 2.5 1.8 16.8 .387 .410  .354 .849 .543 .460   G    JR
92         Clinton Venable  16.8 29 1989-90     Bowling Green 29      29  5.9 13.8 4.8 10.7 1.1  3.1 3.9          4.4  3.2 4.6 1.6 0.1 3.6 3.1 16.8 .424 .445  .352 .884 .526 .464   G    JR
93            Rashon Brown  16.7 31 2001-02             Akron 31 31 35.1  4.9 10.0 3.9  7.6 1.0  2.4 5.9  7.2 0.3 2.1  2.4 3.2 1.4 0.1 2.8 2.1 16.7 .494 .519  .413 .820 .625 .544   G    SR
94               Tony Reid  16.7 26 1997-98     Bowling Green 26 24 33.2  5.5 12.5 3.6  7.9 1.9  4.6 3.9  4.7 1.3 2.2  3.5 1.9 1.0 0.2 3.0 2.9 16.7 .437 .454  .408 .835 .567 .512   G    JR
95            Sander Scott  16.7 25 1992-93  Central Michigan    25 34.0  5.2 11.3 3.1  5.6 2.1  5.7 4.2          4.8  2.8 2.6 1.1 0.2 2.1 2.4 16.7 .459 .546  .373 .874 .614 .553   G    SR
96          Curtis Simmons  16.7 27 1995-96              Ohio    27 31.2  6.9 12.5 6.8 12.1 0.1  0.4 2.9          4.8  7.9 2.8 1.5         1.3 16.7 .547 .560  .182 .605 .564 .550   F    JR
97         Patrick Jackson  16.6 34 2001-02        Ball State 34 34 34.0  5.5 12.2 3.1  6.6 2.4  5.6 3.2  4.0 0.3 2.3  2.6 3.5 1.4 0.1 2.4 2.4 16.6 .451 .471  .426 .803 .588 .548   G    SR
98           J.R. VanHoose  16.6 27 2000-01          Marshall 27 27 34.6  5.9 10.3 5.9 10.3 0.0  0.0 4.7  6.2 3.7 7.3 11.1 1.3 0.5 0.8 2.3 3.1 16.6 .578       .578 .762 .628 .578   C    JR
99       Jeermal Sylvester  16.6 26 1993-94        Ball State 26 24 35.8  6.5 12.9 6.2 12.1 0.3  0.8 3.3          4.3  7.1 3.1 1.7 0.2 3.7 2.7 16.6 .503 .516  .318 .768 .554 .513   F    SR
100           Leon Rodgers  16.6 28 2000-01 Northern Illinois 28 27 32.5  5.9 13.4 3.9  8.6 2.0  4.8 2.8  3.7 2.1 4.3  6.3 2.0 0.6 0.6 3.5 3.1 16.6 .439 .456  .407 .760 .545 .512   F    JR
101          Landon Hackim  16.6 30 1993-94        Miami (OH) 30 30 34.3  5.6 12.4 2.5  5.7 3.1  6.7 2.2          2.9  1.6 1.9 1.1 0.0 1.6 1.8 16.6 .453 .442  .463 .750 .599 .578   G    SO
102           Mike Manciel  16.6 32 2002-03  Central Michigan 32 32 32.4  5.4 10.1 4.5  7.7 0.9  2.4 4.9  6.4 1.6 3.3  4.9 1.2 1.5 0.2 2.4 2.3 16.6 .531 .579  .377 .766 .629 .576   F    SR
103       Saddi Washington  16.4 28 1996-97  Western Michigan 28 28 34.4  5.5 13.8 4.2 10.3 1.4  3.5 4.0          4.8  4.5 2.5 2.0 0.3 2.5 2.1 16.4 .403 .408  .388 .836 .513 .452   F    JR
104          Charles Macon  16.4 26 1995-96  Central Michigan 26 25 34.5  6.1 13.2 5.6 11.8 0.5  1.4 3.7          5.3  6.5 2.3 0.7 1.7 3.4 2.0 16.4 .462 .476  .351 .696 .521 .481   F    JR
105         Anthony Taylor  16.4 30 1999-00        Miami (OH) 30 30 36.1  5.2 12.3 3.9  8.6 1.3  3.7 4.6  5.5 1.9 2.4  4.3 2.9 1.0 0.0 2.2 2.2 16.4 .425 .459  .348 .836 .549 .478   G    SR
106             Casey Shaw  16.3 27 1996-97            Toledo    27 32.6  6.0 10.2 6.0 10.2 0.0  0.0 4.3          7.6  9.0 1.5 0.7 1.1 3.0 3.0 16.3 .589       .589 .574 .593 .589   C    JR
107           Theron Smith  16.3 30 2000-01        Ball State 30 30 33.5  5.9 12.7 4.5  8.9 1.4  3.8 3.2  4.6 2.7 5.4  8.1 1.6 0.9 0.2 2.0 2.9 16.3 .462 .506  .360 .701 .548 .516   F    SO
108          Duane Clemens  16.3 27 1998-99        Ball State    27 34.3  5.6 14.9 4.3 11.0 1.4  3.9 3.7  5.4 1.1 2.4  3.5 2.0 2.5 0.3 2.1 2.0 16.3 .379 .389  .352 .673 .467 .425   G    JR
109            Jami Bosley  16.3 21 1997-98             Akron    21 31.6  5.2 11.7 4.1  8.2 1.1  3.5 4.7          6.0  4.5 3.5 2.7         0.0 16.3 .449 .506  .315 .792 .562 .496   G    SO
110             Nick Moore  16.3 29 2002-03            Toledo 29 28 35.2  5.7 12.4 2.6  4.9 3.1  7.4 1.9  2.4 0.6 2.7  3.3 2.8 1.2 0.0 2.8 2.0 16.3 .457 .524  .412 .797 .602 .581   G    SR
111            Jami Bosley  16.2 27 1999-00             Akron 27 27 32.7  4.6 11.6 3.1  7.2 1.5  4.4 5.6  6.7 0.8 2.4  3.2 3.7 1.9 0.0 2.5 3.0 16.2 .392 .428  .333 .835 .547 .455   G    SR
112         Curtis Simmons  16.2 24 1996-97              Ohio 24 10 28.0  6.6 11.2 6.5 11.0 0.0  0.2 3.0          5.1  5.8 2.3 1.7     1.0 2.6 16.2 .590 .595  .250 .582 .595 .591   F    SR
113           Sanjay Adell  16.1 33 1999-00              Ohio 33 33 32.1  5.1 12.5 3.5  7.8 1.6  4.7 4.4  6.2 1.8 3.3  5.1 1.9 0.8 0.5 3.3 3.0 16.1 .406 .445  .342 .711 .524 .471   F    SR
114           Sanjay Adell  16.1 25 1997-98              Ohio    25 31.6  5.6 13.0 5.0 10.8 0.6  2.3 4.3          6.6  6.0 2.2 0.8         0.4 16.1 .429 .465  .263 .651 .498 .452   F    SO
115         Anthony Stacey  16.0 27 1995-96     Bowling Green 27 27 36.8  5.7 11.5 5.4 10.4 0.2  1.1 4.5  6.3 3.0 4.6  7.6 2.4 1.3 0.3 2.2 2.7 16.0 .494 .525  .200 .716 .555 .503   F    FR
116         Trevor Huffman  16.0 36 2001-02        Kent State 36 36 33.7  5.2 12.3 3.1  6.8 2.1  5.4 3.4  4.6 0.3 2.6  2.9 4.4 1.3 0.3 2.3 2.2 16.0 .426 .453  .393 .756 .556 .514   G    SR
117        Antonio Daniels  16.0 25 1995-96     Bowling Green 25 25 36.9  5.7 11.9 5.0  9.8 0.7  2.0 4.0  5.5 0.7 2.4  3.1 5.9 1.8 0.4 2.8 1.8 16.0 .478 .508  .333 .723 .552 .507   G    JR
118          Antonio Gates  16.0 36 2001-02        Kent State 36 36 32.3  6.3 12.1 6.1 11.4 0.2  0.7 3.3  4.7 3.1 5.0  8.1 2.7 1.2 0.4 2.4 2.9 16.0 .518 .534  .250 .706 .559 .525   F    JR
119          Michael Huger  16.0 27 1992-93     Bowling Green    27 33.6  5.7 11.7 4.7  9.1 1.0  2.7 3.6          4.3  2.6 4.1 0.6 0.0 2.6 2.8 16.0 .486 .522  .361 .845 .580 .527   G    SR
120               Ben Reed  16.0 31 2003-04  Western Michigan 31 31 30.4  5.0 10.6 2.6  5.3 2.4  5.3 3.5  4.5 1.9 3.0  4.9 2.2 0.7 0.1 2.2 1.8 16.0 .474 .497  .451 .790 .627 .587   G    JR
121           Sanjay Adell  15.9 28 1998-99              Ohio    28 28.1  5.3 10.7 3.9  7.5 1.4  3.3 4.0          5.8  6.1 2.0 0.6         0.4 15.9 .493 .526  .418 .687 .591 .557   F    JR
122             Jon Powell  15.9 25 2000-01  Western Michigan 25 20 29.0  5.2 10.4 2.9  5.0 2.3  5.4 3.1  4.0 1.2 2.4  3.6 1.4 1.4 0.1 2.2 2.5 15.9 .502 .579  .430 .772 .644 .613   F    SR
123             Len Matela  15.9 33 2001-02     Bowling Green 33 32 30.6  5.8  9.8 5.8  9.8 0.0  0.0 4.2  5.6 2.5 5.3  7.8 1.3 0.6 0.9 2.1 3.0 15.9 .594 .593 1.000 .761 .640 .596   C    SR
124         Chris Williams  15.9 35 2001-02        Ball State 35 29 30.3  5.2 12.6 2.6  6.1 2.6  6.5 2.9  3.6 0.9 1.9  2.9 1.3 0.9 0.1 1.7 2.8 15.9 .410 .427  .393 .811 .552 .511   G    JR
125          Sonny Johnson  15.8 24 2001-02              Ohio 24  0 23.1  5.9 11.5 5.5 10.2 0.4  1.3 3.6  5.0 1.8 1.3  3.1 1.2 1.0 0.0 2.6 3.0 15.8 .513 .539  .313 .711 .568 .531   F    JR
126            Bonzi Wells  15.8 30 1994-95        Ball State 30 30 29.6  5.9 12.7 4.8  9.4 1.1  3.3 2.9          4.7  6.1 2.8 2.8 0.6 2.7 2.6 15.8 .466 .512  .333 .617 .530 .509   F    FR
127         Ben Handlogten  15.7 27 1995-96  Western Michigan 27 27 31.3  5.7  9.5 5.7  9.5 0.0  0.0 4.3          6.4  8.8 1.6 1.4 1.5 3.0 2.8 15.7 .599 .598 1.000 .671 .627 .601   F    SR
128           Greg Stempin  15.7 27 1999-00            Toledo 27 26 35.5  5.4 13.0 3.8  8.0 1.6  5.1 3.3  4.8 2.3 5.9  8.1 2.1 1.2 0.6 2.8 2.7 15.7 .415 .479  .314 .698 .514 .476   F    JR
129        Shaun Stonerook  15.7 33 1999-00              Ohio 33 33 37.0  4.5  9.8 3.1  6.1 1.3  3.7 5.5  7.5 2.9 8.8 11.7 4.2 1.7 0.5 4.0 3.5 15.7 .457 .512  .364 .732 .590 .525   F    SR
130             Mark Brown  15.7 23 1989-90  Western Michigan 23 19 29.7  5.0 11.0 2.1  4.9 2.9  6.0 2.8          3.4  1.8 2.6 1.1 0.1 2.1 2.3 15.7 .456 .425  .482 .821 .624 .589   G    SR
131            Alex Shorts  15.7 32 2000-01        Miami (OH) 32 28 27.9  5.8 12.0 5.8 11.9 0.1  0.2 3.9  4.9 1.7 3.8  5.5 0.6 0.9 0.2 2.3 3.1 15.7 .486 .487  .400 .801 .546 .488   F    JR
132             Len Matela  15.7 29 2000-01     Bowling Green 29 28 32.3  5.7 10.3 5.7 10.2 0.0  0.0 4.3  5.5 2.8 6.0  8.8 1.6 0.4 0.6 1.7 2.9 15.7 .550 .552  .000 .788 .607 .550   C    JR
133          Sean Wightman  15.6 27 1990-91  Western Michigan 27 27 33.7  6.6 13.2 5.6 10.6 1.0  2.6 1.4          2.0  2.9 1.9 0.7 0.3 2.2 2.8 15.6 .500 .523  .406 .717 .554 .539   F    SO
134          Emanuel Cross  15.5 31 1990-91        Ball State 31 28 28.9  5.4 11.4 3.4  7.3 1.9  4.1 2.9          3.7  3.0 2.1 0.6 0.0 2.1 1.8 15.5 .470 .471  .469 .783 .591 .555   G    SR
135           Tron Jenkins  15.5 26 1994-95             Akron 26 26 36.8  5.8 14.2 4.1  9.6 1.7  4.6 2.3          3.5  3.7 3.4 1.5 0.0 2.8 2.8 15.5 .408 .426  .370 .652 .491 .467   G    SR
136          Jay Larranaga  15.5 27 1995-96     Bowling Green 27 27 35.9  5.5 12.7 2.9  6.4 2.7  6.3 1.8  3.0 0.9 3.6  4.4 1.7 1.1 0.0 2.2 2.6 15.5 .433 .445  .421 .593 .546 .538   G    JR
137          Ellery Morgan  15.5 30 1992-93  Eastern Michigan    30 30.8  5.7 11.8 3.2  5.9 2.5  5.9 1.6          2.3  2.9 1.1 0.5 0.1 1.5 1.7 15.5 .480 .537  .424 .710 .600 .586   G    JR
138           Earl Boykins  15.5 31 1995-96  Eastern Michigan 31 31 33.3  5.0 11.6 4.3  9.2 0.7  2.4 4.6          5.8  2.3 5.8 1.9 0.1 2.5 1.5 15.5 .432 .465  .307 .804 .537 .464   G    SO
139           Robby Collum  15.4 30 2001-02  Western Michigan 30 30 33.4  4.6 11.5 2.5  6.0 2.1  5.5 4.2  4.9 0.7 2.9  3.6 4.5 2.4 0.1 2.1 2.9 15.4 .397 .419  .373 .864 .558 .487   G    JR
140      Chandler Thompson  15.4 31 1990-91        Ball State 31 30 30.5  5.6 12.6 5.1 10.6 0.5  1.9 3.6          5.4  6.4 3.3 1.3 0.6 3.2 2.5 15.4 .449 .479  .283 .669 .510 .471   F    JR
141            Jason Black  15.4 27 1995-96  Western Michigan 27 25 31.7  4.7 11.8 2.8  6.6 1.9  5.2 4.1          5.0  2.4 3.0 1.4 0.1 2.6 1.4 15.4 .399 .427  .364 .822 .544 .480   G    SO
142           Craig Thames  15.4 27 1993-94            Toledo 27 27 34.2  5.3 10.9 4.5  8.1 0.8  2.7 4.0          6.0  6.6 3.6 1.6 0.4 2.6 2.0 15.4 .488 .555  .288 .667 .561 .524   G    SO
143            Kory Hallas  15.3 28 1991-92  Eastern Michigan    28 29.0  5.6 13.6 5.1 11.7 0.5  2.0 3.6          5.0  8.1 1.5 0.8 0.4 2.3 2.8 15.3 .411 .437  .255 .716 .478 .429   F    SR
144           Robert Brown  15.3 28 2000-01           Buffalo 28 28 35.1  5.1 10.3 5.0 10.1 0.1  0.2 5.0  7.9 2.3 3.4  5.7 1.5 0.5 0.5 2.4 3.1 15.3 .497 .498  .400 .635 .545 .500   F    JR
145           Kevin Netter  15.3 29 2002-03     Bowling Green 29 27 27.8  5.2  9.6 5.2  9.6 0.0  0.0 4.8  7.1 1.2 3.4  4.6 0.8 1.1 1.3 2.5 4.0 15.3 .547       .547 .683 .591 .547   C    JR
146             Tony Banks  15.3 28 1990-91        Kent State 28 27 32.0  6.3 12.8 6.2 12.5 0.1  0.2 2.6          4.1  6.8 2.1 1.2 0.9 2.6 2.6 15.3 .493 .496  .333 .643 .520 .496   F    JR
147        Andrew Mitchell  15.3 36 2001-02        Kent State 36 35 33.1  5.2 12.3 3.4  7.4 1.7  4.9 3.2  3.8 0.5 2.5  3.0 3.3 1.4 0.2 2.1 1.7 15.3 .420 .466  .350 .846 .541 .490   G    SR
148           Greg Stempin  15.3 28 1998-99            Toledo    28 33.5  5.4 10.6 4.8  8.1 0.6  2.5 3.8          5.9  7.4 1.2 1.1         0.7 15.3 .512 .592  .246 .646 .569 .540   F    SO
149            Sean Waters  15.3 20 1990-91  Central Michigan 20 20 31.4  5.6 12.2 4.0  8.0 1.7  4.3 2.4          3.3  2.0 3.5 0.9 0.1 2.1 1.8 15.3 .459 .497  .388 .738 .555 .527   G    JR
150          Archie Fuller  15.2 27 1993-94            Toledo 27  4 25.6  5.6 11.9 3.5  7.3 2.1  4.6 1.9          3.0  4.1 2.8 1.2 0.4 2.7 2.3 15.2 .470 .480  .456 .650 .572 .559   G    SR
151             Joel Burns  15.2 27 1994-95  Western Michigan 27 27 32.1  5.9 11.2 3.9  7.0 2.0  4.3 1.6          2.1  2.0 1.6 0.9 0.0 0.9 0.9 15.2 .521 .559  .461 .750 .623 .609   G    SO
152              Joe Moore  15.2 30 1990-91     Bowling Green 30 29 34.5  6.3 10.8 6.3 10.7 0.0  0.1 2.5          4.0  7.4 1.9 1.8 0.9 1.5 1.5 15.2 .586 .590  .000 .630 .598 .586   G    SR
153           John Reimold  15.1 27 2003-04     Bowling Green 27 26 33.5  5.2 11.2 2.8  5.2 2.4  6.0 2.4  3.0 1.3 3.5  4.8 2.8 0.7 0.3 1.4 2.1 15.1 .462 .536  .399 .800 .600 .569   F    JR
154               Dan Aloi  15.1 18 1990-91              Ohio         18  5.4 10.4 4.4  8.4 0.9  2.0 3.4          4.1  5.6 1.3 0.9         0.1 15.1 .516 .526  .472 .836 .611 .561   F    JR
155        Darcel Williams  15.1 30 2001-02           Buffalo 30 30 30.9  5.3 11.9 3.2  6.1 2.1  5.8 2.3  2.8 2.6 5.4  8.0 0.8 0.5 0.2 1.9 2.6 15.1 .447 .522  .368 .821 .569 .536   F    SR
156             Leon McGee  15.1 30 1991-92  Western Michigan 30 30 31.4  5.4 10.6 5.4 10.5 0.0  0.1 4.4          5.7  4.3 2.7 1.1 0.4 4.2 2.8 15.1 .506 .509  .000 .766 .567 .506   G    SO
157          Jaivon Harris  15.1 30 2003-04              Ohio 30  8 31.0  4.6 11.2 1.6  3.8 2.9  7.4 3.0  3.8 0.8 3.8  4.6 1.7 1.0 0.1 2.7 3.2 15.1 .407 .426  .396 .789 .578 .537   G    SR
158            David Scott  15.0 31 1991-92        Miami (OH)    31 23.2  5.1 10.6 3.8  7.5 1.2  3.2 3.7          4.5  3.2 1.6 0.7         0.2 15.0 .477 .515  .388 .820 .590 .535   F    SR
159          J.R. VanHoose  15.0 30 2001-02          Marshall 30 30 34.6  5.7 11.1 5.7 11.0 0.0  0.1 3.5  4.9 3.8 6.9 10.6 1.7 1.1 0.6 2.6 3.1 15.0 .515 .521  .000 .716 .557 .515   C    SR
160          Marcus Norris  15.0 30 1994-95        Ball State 30 30 30.0  5.2 12.1 3.0  6.2 2.2  5.9 2.5          3.9  3.3 3.1 2.2 0.0 2.7 2.9 15.0 .428 .484  .369 .647 .539 .518   G    JR
161           John Reimold  15.0 29 2002-03     Bowling Green 29 29 33.8  4.9 11.0 2.0  4.1 2.9  6.9 2.3  2.8 2.0 3.0  5.0 1.1 0.9 0.3 2.0 3.1 15.0 .447 .492  .420 .825 .610 .579   F    SO
162        Darian McKinney  15.0 27 1990-91  Central Michigan 27 25 30.3  5.6 10.6 5.4 10.2 0.1  0.4 3.7          5.1  7.4 2.3 1.5 0.1 2.6 3.4 15.0 .523 .531  .333 .719 .572 .530   F    JR
163               Ed Sears  14.9 27 1996-97              Ohio 27 27 26.1  5.8  8.9 5.8  8.9 0.0  0.0 3.4          4.9  6.5 0.9 0.4     0.6 3.3 14.9 .647       .647 .684 .662 .647   C    SR
164         Steve Reynolds  14.8 28 2000-01  Western Michigan 28 26 32.3  5.2 13.7 3.9 10.3 1.3  3.4 3.1  4.2 1.9 2.6  4.4 1.6 0.5 0.2 3.0 2.4 14.8 .379 .376  .385 .752 .473 .427   F    JR
165           Leon Rodgers  14.8 28 1999-00 Northern Illinois 28 28 29.3  5.5 12.0 4.4  8.9 1.1  3.0 2.6  3.6 2.5 4.4  6.9 1.0 0.6 0.4 1.8 2.6 14.8 .460 .488  .376 .733 .541 .507   F    SO
166            Sean Waters  14.8 28 1991-92  Central Michigan         28  4.8 12.3 3.3  7.2 1.5  5.1 3.6          4.7  2.3 2.9 1.3         0.0 14.8 .391 .455  .301 .765 .508 .454   G    SR
167            J.C. Harris  14.8 27 1991-92            Toledo    27 31.4  5.7 10.9 5.7 10.9 0.0  0.0 3.3          5.5  7.9 0.7 0.3     2.2 2.8 14.8 .525       .525 .597 .545 .525   C    SR
168          Nate Reinking  14.8 27 1994-95        Kent State 27 27 36.4  5.0 12.5 3.6  7.9 1.4  4.7 3.3          4.2  2.7 3.1 1.1 0.0 2.4 2.4 14.8 .402 .462  .302 .788 .509 .459   G    JR
169           Juby Johnson  14.8 28 2002-03        Miami (OH) 28 28 34.6  4.7 10.8 2.8  5.4 1.9  5.4 3.5  4.8 0.5 2.5  3.0 1.1 0.8 0.2 1.8 2.5 14.8 .435 .527  .344 .744 .567 .522   G    JR
170             P.J. Smith  14.7 31 2002-03 Northern Illinois 31 31 30.3  5.1 11.1 3.2  6.5 1.9  4.6 2.6  3.5 0.9 2.7  3.6 1.9 1.6 0.2 2.9 2.8 14.7 .459 .490  .415 .766 .579 .545   G    JR
171            Jimmal Ball  14.7 27 1997-98             Akron    27 33.6  5.5 13.3 4.3  8.6 1.3  4.7 2.4          3.6  3.8 3.4 2.4         0.4 14.7 .416 .496  .270 .670 .491 .464   G    SO
172          J.R. VanHoose  14.7 27 1998-99          Marshall 27 22 28.0  5.5  9.3 5.4  9.2 0.1  0.1 3.6  4.8 2.9 5.2  8.1 1.0 0.9 0.4     1.9 14.7 .594 .590 1.000 .746 .635 .598   C    FR
173        Steve Esterkamp  14.7 30 2002-03              Ohio 30 30 37.5  5.0 11.5 2.9  6.2 2.1  5.2 2.6  3.1 1.5 3.4  4.8 1.8 1.4 0.3 2.2 3.2 14.7 .436 .460  .408 .819 .567 .529   G    SR
174            Greg Holman  14.7 27 1992-93        Kent State 27 27 33.7  5.4 11.3 4.2  8.3 1.2  3.0 2.6          2.9  4.0 2.7 1.0 0.0 1.9 2.2 14.7 .482 .509  .407 .885 .579 .536   F    SR
175       Nate Schindewolf  14.6 27 2000-01             Akron 27 27 32.4  3.9  9.3 1.9  4.6 2.1  4.7 4.7  5.4 0.6 2.2  2.8 1.9 0.5 0.1 2.3 2.7 14.6 .421 .400  .441 .870 .615 .532   G    SR
176               Dan Aloi  14.6 28 1991-92              Ohio 28 28 33.0  5.1 11.0 3.4  6.5 1.8  4.5 2.6          3.0  4.0 1.1 0.3 0.1 1.4 2.8 14.6 .468 .522  .389 .847 .587 .547   F    SR
177          Calvin Warner  14.6 28 1999-00  Eastern Michigan 28 28 29.0  6.0 11.1 5.9 11.0 0.0  0.1 2.6  3.9 2.4 4.6  7.0 1.0 0.9 1.8 1.9 2.7 14.6 .537 .537  .500 .664 .562 .539   F    SO
178          Turner Battle  14.5 29 2003-04           Buffalo 29 29 33.6  4.9 10.1 3.7  7.2 1.2  2.9 3.4  4.6 1.0 3.9  4.8 4.1 1.8 0.0 2.8 2.4 14.5 .486 .514  .417 .752 .589 .546   G    JR
179             P.J. Smith  14.5 30 2003-04 Northern Illinois 30 30 28.2  4.6 11.2 2.7  6.3 1.8  4.9 3.5  4.8 1.0 2.7  3.8 1.5 1.0 0.1 2.6 3.3 14.5 .409 .436  .374 .724 .537 .491   G    SR
180         Scoop Williams  14.4 27 1993-94            Toledo 27 27 31.0  5.7  9.6 5.7  9.6 0.0  0.0 3.1          5.5  7.9 1.0 0.7 0.4 2.0 2.3 14.4 .591       .591 .568 .592 .591   F    JR
181             Casey Shaw  14.4 32 1995-96            Toledo    32 32.8  5.9 11.3 5.9 11.3 0.0  0.0 2.7          4.2  5.6 1.4 0.4 0.6 2.5 2.9 14.4 .519 .521  .000 .642 .543 .519   C    SO
182           Anthony Kann  14.4 30 2002-03  Western Michigan 30 30 31.3  5.3 10.3 5.0  9.6 0.3  0.7 3.5  5.1 3.5 5.3  8.8 1.3 2.0 0.4 2.3 3.3 14.4 .515 .523  .409 .697 .568 .529   F    JR
183           Marvin Black  14.4 28 2003-04          Marshall 28 23 24.1  4.7  9.0 4.6  8.8 0.1  0.2 4.9  6.9 2.6 5.1  7.8 0.6 0.5 0.6 2.5 2.4 14.4 .526 .531  .333 .714 .589 .530   F    SR
184          Archie Fuller  14.4 27 1992-93            Toledo    27 33.2  5.0 13.0 2.9  7.0 2.1  6.0 2.2          3.4  3.1 2.2 1.0 0.4 2.5 2.1 14.4 .384 .405  .358 .645 .490 .466   G    JR
185          Sonny Johnson  14.4 17 2002-03              Ohio 17  1 26.1  4.8 10.6 3.8  8.0 1.0  2.6 3.7  4.6 1.4 1.5  2.9 1.4 0.9 0.1 2.8 3.5 14.4 .453 .478  .378 .797 .558 .500   F    SR
186             Nick Moore  14.3 29 2001-02            Toledo 29 29 35.4  4.9 11.1 1.9  4.5 3.0  6.6 1.6  2.0 0.6 2.4  3.0 2.0 1.2 0.0 2.0 1.4 14.3 .441 .423  .453 .789 .596 .576   G    JR
187          Markus Austin  14.3 28 2002-03  Eastern Michigan 28 28 32.0  4.4 10.0 3.0  5.8 1.4  4.3 4.1  6.0 2.4 1.9  4.3 1.6 0.7 0.4 2.1 2.7 14.3 .439 .522  .328 .686 .557 .509   F    SO
188           J.R. Wallace  14.3 32 2002-03  Central Michigan 32 32 26.2  5.1 10.3 3.3  5.7 1.8  4.6 2.3  2.6 1.0 1.9  2.9 3.3 1.6 0.0 2.8 2.8 14.3 .495 .575  .399 .869 .621 .585   G    SR
189             Leon McGee  14.3 29 1992-93  Western Michigan 29 28 27.3  5.0 11.1 4.9 10.6 0.2  0.5 4.1          5.0  3.6 1.8 1.2 0.3 2.7 2.7 14.3 .455 .461  .333 .808 .532 .463   G    JR
190           Ryan Andrick  14.3 27 1999-00             Akron 27 27 30.5  4.9 10.0 4.3  8.1 0.5  1.8 4.1  5.3 1.4 5.1  6.5 1.6 0.7 0.1 2.1 2.2 14.3 .487 .532  .286 .764 .572 .513   F    SR
191          Shane Komives  14.3 28 1993-94     Bowling Green    28 33.0  4.1  9.3 1.5  3.0 2.6  6.3 3.6          4.6  3.9 2.1 1.1 0.1 2.1 2.5 14.3 .437 .494  .409 .781 .622 .575   F    SO
192             Tony Banks  14.3 28 1991-92        Kent State 28 28 33.1  5.9 13.2 5.9 13.0 0.0  0.2 2.5          3.8  8.2 2.0 1.2 0.9 2.5 2.3 14.3 .447 .455  .000 .654 .476 .447   F    SR
193         Anthony Stacey  14.3 32 1996-97     Bowling Green 32 30 32.3  5.3  9.9 5.2  9.7 0.0  0.2 3.8  4.9 2.2 4.3  6.5 1.6 2.3 0.6 2.6 2.9 14.3 .530 .537  .167 .764 .584 .532   F    SO
194            David Scott  14.3 29 1989-90        Miami (OH)    29 18.9  5.2 10.2 3.9  7.0 1.3  3.2 2.7          3.4  2.9 1.6 0.8         0.2 14.3 .508 .557  .402 .770 .604 .571   F    SO
195       Marcus Smallwood  14.3 27 2003-04 Northern Illinois 27 25 30.7  5.7 11.3 5.7 11.3 0.0  0.0 2.8  5.2 2.8 6.6  9.4 1.9 0.7 1.3 3.0 2.8 14.3 .508       .508 .536 .518 .508   G    SR
196            Justin Hall  14.2 31 1999-00            Toledo 31 30 30.4  5.3 11.4 4.4  8.2 1.0  3.2 2.6  4.1 1.5 4.3  5.7 3.1 1.0 0.5 3.8 3.0 14.2 .467 .531  .303 .638 .533 .510   G    SO
197              Eric Haut  14.2 31 2002-03        Kent State 31 31 32.7  4.6 10.7 1.9  4.2 2.7  6.5 2.3  2.6 0.6 1.2  1.8 2.1 1.1 0.1 1.8 2.8 14.2 .432 .457  .416 .864 .595 .559   G    JR
198               Ben Reed  14.2 26 2001-02  Western Michigan 26 25 32.1  4.9 12.2 2.9  6.7 2.0  5.5 2.3  3.1 2.5 3.9  6.3 1.5 0.7 0.1 2.3 3.0 14.2 .404 .439  .361 .753 .519 .486   G    FR
199        George Phillips  14.2 26 1996-97             Akron 26 26 35.1  5.2 11.6 4.3  8.8 0.9  2.7 2.8          4.3  6.1 1.9 1.1 0.8 2.5 2.5 14.2 .452 .491  .324 .667 .522 .490   F    SO
200             Casey Shaw  14.2 27 1997-98            Toledo    27 30.3  5.1  9.7 5.1  9.6 0.0  0.0 4.0          6.5 10.0 1.2 0.6     1.5 2.7 14.2 .529 .531  .000 .611 .556 .529   C    SR
[/code]

Provided by [url=https://www.sports-reference.com/sharing.html?utm_source=direct&utm_medium=Share&utm_campaign=ShareTool]Stathead[/url]: [url=https://www.sports-reference.com/stathead/basketball/cbb/player-season-finder.cgi?utm_source=direct&utm_medium=Share&utm_campaign=ShareTool]Found with Stathead. See Full Results.[/url]
Generated 6/11/2026.