[code]                                                                                                                                                                                              
                                                                                                                                                                                          Per 
Rk                 Player PTS/G  G  Season                   Team  G GS   MP  FG  FGA  2P  2PA  3P  3PA  FT FTA ORB DRB  TRB AST STL BLK TOV  PF  PTS  FG%  2P%   3P%  FT%  TS% eFG% Pos Class
1        Jafonde Williams  25.7 26 1995-96                Hampton 26 24 35.7 8.5 20.5 5.3 11.8 3.2  8.8 5.6         7.0  4.0 2.5 1.5 0.0 2.3 2.4 25.7 .412 .448  .364 .798 .539 .490   G    SR
2       Reggie Cunningham  25.7 29 1991-92        Bethune-Cookman 29 29 36.1 9.7 24.3 8.1 19.6 1.6  4.8 4.7         6.7  6.0 2.4 1.9 0.2 4.1 3.1 25.7 .399 .413  .341 .692 .466 .432   F    SR
3               Tom Davis  24.7 30 1990-91         Delaware State 30 29 36.6 9.7 17.3 9.7 17.2 0.0  0.1 5.2         8.9 12.2 2.2 1.0 0.6 2.9 2.6 24.7 .564 .567  .000 .586 .574 .564   F    SR
4           Larry Stewart  23.9 30 1990-91           Coppin State 30 30 36.6 8.1 12.8 8.1 12.8 0.0  0.0 7.6 9.6 5.4 8.0 13.4 1.6 1.4 1.7 3.2 2.6 23.9 .635 .634 1.000 .785 .687 .637   F    SR
5               Tom Davis  23.8 28 1989-90         Delaware State    28 37.4 9.4 17.8 9.4 17.6 0.0  0.2 5.0         8.8  9.7 1.8 1.3         0.2 23.8 .528 .535  .000 .565 .541 .528   F    JR
6            Reggie Isaac  23.7 30 1990-91           Coppin State 30 30 34.9 8.7 19.0 6.0 12.5 2.8  6.6 3.5 4.8 1.3 2.1  3.3 1.5 1.5 0.1 2.9 2.2 23.7 .459 .479  .421 .729 .557 .532   G    SR
7         Damian Woolfolk  23.5 27 1998-99          Norfolk State         27 8.8 18.0 7.1 13.2 1.7  4.9 4.3         5.4  4.1 1.9 1.4         0.2 23.5 .487 .537  .351 .793 .571 .534   G    JR
8        Roderick Blakney  23.4 28 1996-97   South Carolina State    28 37.1 7.7 17.9 5.5 12.2 2.2  5.8 5.8         7.7  5.9 3.8 2.5 0.1     3.2 23.4 .430 .455  .379 .750 .542 .491   G    JR
9       Xavier Singletary  22.3 23 1997-98                 Howard         23 6.9 19.3 3.8 10.7 3.1  8.6 5.5         7.2  6.1 2.0 1.4         0.8 22.3 .357 .354  .360 .770 .493 .437   G    SO
10          Clifford Reed  22.2 29 1990-91        Bethune-Cookman         29 8.2 17.9 6.4 11.8 1.9  6.1 3.9         5.5  4.6 3.2 1.5         0.1 22.2 .461 .541  .307 .711 .543 .514   G    SR
11        Tarvis Williams  21.9 32 2000-01                Hampton 32 31 33.4 8.1 15.2 8.1 15.2 0.0  0.0 5.8 7.9 2.6 4.3  6.9 1.0 0.5 4.6 2.5 2.4 21.9 .532       .532 .727 .578 .532   F    SR
12        Travis Williams  21.8 28 1990-91   South Carolina State    28 30.4 8.5 16.9 8.5 16.7 0.0  0.3 4.8         8.0 11.6 1.6 1.4         0.7 21.8 .502 .510  .000 .601 .526 .502   F    SR
13         Ron Williamson  21.7 30 2002-03                 Howard 30 30 37.2 6.6 15.9 3.1  8.0 3.5  7.9 5.1 5.9 0.9 2.0  2.8 2.3 1.5 0.0 2.4 2.0 21.7 .412 .386  .439 .864 .579 .521   G    SR
14      Richard Toussaint  21.6 29 2001-02        Bethune-Cookman 29 29 33.5 6.8 14.7 6.7 14.2 0.1  0.5 7.9 9.9 2.2 2.1  4.3 0.7 1.3 0.3 3.2 2.0 21.6 .462 .474  .133 .795 .555 .465   G    JR
15           DeLon Turner  21.5 26 1992-93             Florida AM    26 32.5 8.5 15.7 8.2 14.6 0.3  1.1 4.3         6.2 11.0 2.1 1.3 0.3 3.9 3.0 21.5 .539 .559  .276 .691 .577 .549   F    SR
16       Jamaine Williams  21.4 26 1992-93      North Carolina AT 26 26 34.2 8.2 16.9 6.8 13.3 1.4  3.6 3.5         4.8  8.9 1.5 1.7 2.0 3.0 3.2 21.4 .487 .513  .394 .730 .558 .530   F    JR
17           Reggie Isaac  21.2 33 1989-90           Coppin State 33 33 39.1 7.1 16.3 4.9 10.1 2.2  6.3 4.7         5.5  3.3 1.6 1.8 0.1 2.3 2.3 21.2 .436 .488  .353 .852 .558 .504   G    JR
18        Damian Woolfolk  20.9 28 1999-00          Norfolk State 28 28 34.5 7.3 17.8 5.9 13.5 1.4  4.3 4.9         6.2  4.2 1.9 1.3 0.5 2.1 2.3 20.9 .412 .439  .325 .786 .504 .451   G    SR
19           Fred Warrick  20.9 29 1998-99           Coppin State    29 36.2 6.7 17.7 3.3  8.9 3.4  8.8 4.0 5.5 1.2 3.8  5.0 1.9 1.6 0.1 2.5 2.1 20.9 .381 .376  .386 .731 .514 .477   G    SR
20          Glenn Taggart  20.7 27 1990-91      North Carolina AT 27 26 39.0 7.0 14.5 4.2  8.5 2.8  6.0 3.9         4.6  4.9 5.1 2.0 0.1 4.0 2.0 20.7 .486 .498  .469 .832 .622 .583   G    SR
21       Roderick Blakney  20.7 30 1997-98   South Carolina State         30 6.6 15.3 4.7 10.4 1.9  4.9 5.7         7.1  5.1 4.7 2.7         0.1 20.7 .430 .453  .381 .807 .556 .491   G    SR
22        Travis Williams  20.7 29 1989-90   South Carolina State    29 35.9 7.7 15.1 7.7 15.1 0.0  0.0 5.2         7.7 10.3 1.3 1.7         0.6 20.7 .511       .511 .682 .552 .511   F    JR
23         Terrence Woods  20.5 28 2002-03             Florida AM 28 18 29.2 6.0 13.5 1.0  2.6 5.0 10.9 3.6 4.0 0.6 3.4  4.0 1.0 1.4 0.0 1.7 2.4 20.5 .444 .392  .457 .885 .666 .628   G    JR
24         Monroe Pippins  20.5 31 1998-99             Florida AM    31 26.2 6.7 17.0 4.5  9.7 2.3  7.4 4.7 6.5 3.1 3.5  6.6 1.6 2.4 0.1 3.2 3.0 20.5 .396 .460  .311 .724 .509 .463   G    SR
25            Tee Trotter  20.5 28 2002-03 Maryland Eastern Shore 28 28 37.7 6.5 16.3 3.6  8.6 3.0  7.7 4.4 5.4 0.5 1.9  2.3 3.2 1.0 0.0 3.6 2.3 20.5 .400 .413  .386 .821 .542 .491   G    JR
26    Antoine Brockington  20.3 29 1997-98           Coppin State 29 29 30.1 6.6 15.6 3.9  8.3 2.7  7.2 4.6         5.6  3.3 1.2 2.3 0.1 2.3 2.3 20.3 .421 .465  .371 .820 .559 .508   G    SR
27           Terence Hood  20.3 25 1998-99         Delaware State    25 37.2 6.1 14.5 3.5  7.8 2.6  6.7 5.6 6.4 1.7 2.8  4.5 1.7 1.2 0.4 2.6 2.6 20.3 .419 .449  .383 .863 .577 .507   G    SR
28         Terrence Woods  20.3 31 2003-04             Florida AM 31 29 30.0 6.2 15.0 1.7  3.8 4.5 11.2 3.4 3.9 0.8 3.1  3.9 1.1 1.5 0.1 2.4 2.2 20.3 .413 .444  .402 .852 .600 .563   G    SR
29        Jackie Robinson  20.2 29 1992-93   South Carolina State 29 29 35.4 6.7 12.7 6.3 11.8 0.3  0.9 6.5         9.4  7.5 0.7 0.8 0.6 3.4 3.0 20.2 .523 .535  .370 .695 .587 .537   F    SR
30          Clifford Reed  20.1 28 1989-90        Bethune-Cookman         28 7.3 15.2 5.8 11.5 1.6  3.7 3.9         5.3  5.9 2.1 1.0         0.2 20.1 .482 .502  .423 .741 .569 .534   G    JR
31           Jerome James  19.9 27 1997-98             Florida AM    27 29.6 7.7 15.4 7.7 15.4 0.0  0.0 4.4         8.0 10.4 1.1 0.6 4.6     4.0 19.9 .500       .500 .553 .516 .500   C    SR
32            Tommy Adams  19.8 33 2001-02                Hampton 33 33 35.5 6.5 15.3 3.2  7.1 3.2  8.2 3.6 4.7 1.0 2.2  3.2 3.0 1.9 0.1 2.3 1.9 19.8 .423 .459  .391 .779 .565 .528   G    SR
33           DeLon Turner  19.7 29 1991-92             Florida AM    29 29.6 7.2 12.2 7.2 12.1 0.0  0.0 5.2         7.6  9.9 1.2 1.0 0.3 3.9 2.8 19.7 .595 .597  .000 .694 .626 .595   F    JR
34          Emanual Davis  19.7 25 1990-91         Delaware State 25 24 33.5 6.6 13.1 5.0  8.9 1.6  4.2 4.9         6.5  4.7 5.6 3.4 0.5 3.8 3.1 19.7 .503 .559  .387 .748 .608 .566   G    SR
35         Demetric Reese  19.7 29 1999-00 Maryland Eastern Shore 29 29 32.9 5.9 14.6 2.7  7.2 3.2  7.3 4.7 6.9 1.2 2.2  3.4 1.4 1.4 0.1 2.9 2.4 19.7 .405 .378  .432 .680 .551 .514   G    SR
36            Tee Trotter  19.3 28 2003-04 Maryland Eastern Shore 28 28 35.9 6.0 15.9 3.6  8.9 2.4  7.0 4.9 5.7 0.5 1.7  2.1 2.0 0.9 0.1 3.9 1.9 19.3 .378 .403  .345 .850 .518 .454   G    SR
37             Rick Davis  19.2 27 1994-95             Florida AM         27 6.4 12.9 5.3  9.2 1.1  3.7 5.4         7.7  5.7 1.9 1.3         0.0 19.2 .494 .577  .290 .705 .581 .536   G    SR
38         Ron Williamson  19.2 11 2000-01                 Howard 11 10 28.7 6.3 16.1 3.2  8.8 3.1  7.3 3.5 4.2 1.5 1.8  3.4 1.6 1.1 0.1 2.1 2.0 19.2 .390 .361  .425 .848 .531 .486   G    SO
39           Terquin Mott  19.0 28 1995-96           Coppin State    28 28.5 7.4 11.6 7.4 11.4 0.0  0.3 4.1         6.5  7.4 1.5 1.1 1.0     2.9 19.0 .638 .651  .125 .632 .645 .640   C    JR
40      Thurman Zimmerman  18.8 29 2003-04   South Carolina State 29 29 33.4 6.1 12.0 5.5  9.8 0.6  2.2 5.9 7.6 2.7 5.8  8.4 2.8 1.5 0.4 3.4 2.9 18.8 .513 .563  .286 .778 .604 .539   F    SO
41          Kyle Williams  18.7 31 2001-02                 Howard 31 30 33.8 6.8 16.0 4.7 10.0 2.1  6.0 3.1 4.3 0.9 3.0  3.8 2.5 1.9 0.8 2.8 2.4 18.7 .425 .474  .344 .709 .519 .490   G    JR
42          Larry Stewart  18.7 33 1989-90           Coppin State 33 33 37.0 7.1 10.9 7.1 10.9 0.0  0.0 4.5         6.5 11.2 1.0 1.0 1.3 2.4 2.6 18.7 .645 .647  .000 .701 .666 .645   F    JR
43           Tyrone Boger  18.6 28 1991-92         Delaware State 28 28 31.6 5.3 13.7 2.8  6.3 2.5  7.4 5.6         6.9  4.6 2.1 1.5 0.1 2.8 3.3 18.6 .386 .443  .338 .813 .550 .478   F    SR
44          Bruce Jenkins  18.5 28 2001-02      North Carolina AT 28 28 36.0 6.0 13.5 5.2 11.5 0.8  2.0 5.7 7.9 3.9 7.9 11.8 1.0 0.9 0.6 3.7 2.9 18.5 .443 .449  .411 .724 .536 .474   F    SR
45           Dana Elliott  18.4 27 1990-91      North Carolina AT 27 27 38.0 6.2 14.4 4.2  8.5 2.0  5.9 4.0         5.4  6.8 1.5 1.8 0.1 2.4 2.2 18.4 .430 .493  .340 .741 .543 .500   F    JR
46              Joe Brown  18.4 26 2000-01           Coppin State 26 21 31.3 6.3 15.7 4.8 11.0 1.5  4.7 4.2 5.4 1.0 3.2  4.3 1.3 1.3 0.6 2.5 1.9 18.4 .403 .441  .317 .779 .503 .451   G    SR
47      Reggie Cunningham  18.3 29 1990-91        Bethune-Cookman         29 8.1 17.1 7.8 15.6 0.3  1.5 1.9         2.8  7.2 1.8 1.3         0.3 18.3 .473 .499  .205 .659 .497 .482   F    JR
48        Jackie Robinson  18.2 29 1991-92   South Carolina State    29 35.6 6.2 12.0 6.2 11.9 0.0  0.1 5.8         8.8  8.8 0.7 0.7 0.4     2.2 18.2 .522 .526  .000 .655 .565 .522   F    JR
49        Stephen Stewart  18.2 30 1993-94           Coppin State 30 30 33.1 5.7 12.5 4.2  9.0 1.5  3.5 5.4         6.9  5.9 2.6 1.6 0.2 3.5 2.4 18.2 .452 .461  .429 .779 .576 .512   F    JR
50        Damian Woolfolk  18.2 27 1997-98          Norfolk State    27 36.1 6.9 15.9 5.6 12.9 1.3  3.0 3.0         4.0  3.1 2.0 1.8         0.3 18.2 .437 .438  .432 .766 .513 .478   G    SO
51      Richard Toussaint  18.2 30 2002-03        Bethune-Cookman 30 27 32.4 6.1 14.8 5.6 12.9 0.5  1.8 5.4 7.1 1.2 2.8  4.0 1.3 1.5 0.3 2.4 2.1 18.2 .413 .430  .291 .769 .501 .431   G    SR
52      Derrick Patterson  17.8 28 1994-95   South Carolina State    28 35.8 6.8 13.8 6.3 11.8 0.5  2.0 3.6         5.3  9.3 2.4 1.1 1.3     2.8 17.8 .495 .533  .268 .689 .547 .514   F    JR
53          Anton Jenifer  17.7 19 2000-01           Morgan State 19 16 32.9 4.9 11.8 3.5  7.9 1.5  3.9 6.3 8.2 0.8 2.3  3.2 3.6 1.4 0.1 3.8 3.4 17.7 .418 .440  .373 .769 .562 .480   G    JR
54           Freddie Cole  17.7 27 1998-99        Bethune-Cookman    27 31.3 5.9 15.0 3.3  6.6 2.6  8.3 3.4 4.3 1.0 1.7  2.7 1.3 1.2 0.2 2.4 1.9 17.7 .391 .492  .311 .778 .519 .478   G    JR
55            Terry Giles  17.6 29 1989-90             Florida AM    29 35.8 6.2 13.4 4.5  9.3 1.8  4.1 3.3         4.8  2.9 5.9 3.1 0.1 3.4 2.8 17.6 .464 .481  .425 .696 .559 .529   G    SR
56           Jabari Outtz  17.5 27 1995-96                 Howard         27 5.3 14.4 2.8  7.1 2.5  7.3 4.5         6.5  3.6 3.9 1.2         0.0 17.5 .365 .389  .342 .691 .500 .451   G    FR
57            Chris Felix  17.3 21 1989-90   South Carolina State         21 6.6 15.3 4.9 10.5 1.7  4.9 2.6         3.2  5.0 1.4 1.1         0.3 17.3 .429 .464  .353 .806 .514 .484   F    SO
58             John Floyd  17.3 29 1994-95      North Carolina AT 29 27 31.2 6.2 10.7 5.3  8.8 0.9  1.9 4.0         5.4  5.4 0.3 0.6 0.6 1.5 2.7 17.3 .581 .604  .473 .728 .651 .623   F    SR
59         Marlin Kimbrew  17.1 27 1992-93 Maryland Eastern Shore 27 27 35.2 5.9 13.9 4.8 10.3 1.1  3.5 4.1         6.5  5.6 1.2 1.8 0.6 3.0 2.9 17.1 .428 .462  .326 .625 .504 .469   F    SR
60        Reginald Finney  17.1 28 1991-92             Florida AM    28 35.3 6.6 13.0 4.8  8.0 1.8  5.0 2.2         3.5  5.6 4.5 2.4 0.6 3.9 2.5 17.1 .505 .603  .350 .616 .581 .573   G    SR
61    Antoine Brockington  17.0 30 1996-97           Coppin State    30 32.7 5.8 12.8 4.1  8.2 1.6  4.6 3.8         5.0  3.5 2.0 1.9         0.1 17.0 .451 .504  .355 .767 .560 .514   G    JR
62            Paul Newman  17.0 30 1990-91         Delaware State 30 28 33.2 6.5 11.5 6.3 11.0 0.2  0.5 3.7         5.8  6.2 2.2 1.2 0.1 2.6 2.7 17.0 .568 .574  .438 .629 .594 .578   F    SR
63           Freddie Cole  16.9 29 1999-00        Bethune-Cookman 29 29 26.2 5.6 13.0 2.4  5.4 3.2  7.6 2.4 3.1 1.1 1.9  3.0 1.0 1.2 0.1 1.8 1.7 16.9 .434 .446  .425 .798 .586 .557   G    SR
64         Kelvin Daniels  16.8 30 1990-91             Florida AM    30 29.7 6.7 13.7 6.6 13.3 0.1  0.4 3.4 5.2 2.9 3.7  6.6 0.6 0.7 0.8 2.2 3.0 16.8 .487 .495  .182 .652 .521 .489   F    JR
65           Dana Elliott  16.8 27 1991-92      North Carolina AT 27 27 35.5 5.5 13.5 3.0  6.9 2.5  6.6 3.3         5.1  5.2 1.7 1.3 0.4 2.1 2.0 16.8 .408 .439  .376 .645 .527 .500   F    SR
66           DeLon Turner  16.8 24 1990-91             Florida AM    24 28.4 6.7 12.8 6.7 12.8 0.0  0.0 3.5 5.0 3.9 6.3 10.2 1.4 1.1 0.5 3.2 2.9 16.8 .523       .523 .686 .554 .523   F    SO
67           Reggie Welch  16.8 28 1995-96           Coppin State    28 30.2 6.0 11.6 4.6  7.8 1.4  3.9 3.4         4.6  6.7 2.4 1.0         0.1 16.8 .515 .599  .349 .750 .608 .574   F    JR
68      Derrick Patterson  16.7 30 1995-96   South Carolina State         30 6.0 13.2 5.3  9.9 0.7  3.3 3.9         5.9  8.5 2.8 1.6         2.2 16.7 .456 .535  .220 .659 .520 .484   F    SR
69            Tee Trotter  16.7 29 2001-02 Maryland Eastern Shore 29 29 33.7 5.2 15.6 2.7  8.4 2.5  7.1 3.8 4.7 0.7 2.1  2.8 3.2 0.8 0.0 3.1 2.6 16.7 .335 .324  .348 .796 .468 .415   G    SO
70            Glenn Smith  16.7 26 1990-91           Morgan State 26 23 31.0 6.6 13.2 6.4 12.3 0.2  0.9 3.3 5.2 3.2 3.7  6.9 2.1 1.2 0.7 3.1 2.8 16.7 .499 .522  .174 .649 .532 .504   F    SO
71         Tariq Saunders  16.6 28 1991-92           Coppin State 28 27 32.4 5.6 12.8 4.1  8.9 1.5  3.9 3.8         5.1  6.8 1.2 1.7 0.5 2.1 2.7 16.6 .440 .460  .394 .748 .546 .500   F    SO
72       Terrence Winston  16.6 25 2001-02          Norfolk State 25 25 32.7 6.0 13.6 3.7  7.1 2.4  6.6 2.2 3.0 0.4 1.5  1.9 3.6 1.5 0.1 3.2 2.2 16.6 .443 .520  .360 .724 .552 .529   G    SR
73         Stefan Malliet  16.6 25 1998-99         Delaware State    25 33.6 5.2 13.2 2.7  6.5 2.4  6.7 3.8 5.1 0.5 2.1  2.6 3.9 1.4 0.0 4.2 2.7 16.6 .391 .420  .363 .756 .532 .483   G    JR
74           Larry Tucker  16.5 31 2001-02           Coppin State 31 31 34.3 5.4 14.2 5.3 13.5 0.1  0.7 5.5 7.1 2.2 4.7  6.8 1.3 1.5 0.3 3.5 3.2 16.5 .381 .391  .182 .777 .468 .385   G    JR
75            Victor Ford  16.5 30 1990-91         Delaware State 30 29 33.6 6.2 14.3 3.7  7.7 2.5  6.6 1.6         2.6  3.0 4.0 1.7 0.1 3.4 1.7 16.5 .435 .483  .379 .595 .531 .522   G    SO
76          Latroy Strong  16.4 28 1994-95        Bethune-Cookman         28 6.0 13.6 4.0  7.2 2.1  6.4 2.3         3.1  5.9 1.9 1.4         0.3 16.4 .442 .550  .322 .744 .544 .518   G    SR
77        Reginald Finney  16.4 28 1989-90             Florida AM    28 35.3 6.3 13.4 5.0  9.9 1.3  3.5 2.9         4.0  6.0 3.1 2.0 0.7 2.3 2.6 16.4 .465 .504  .357 .726 .535 .512   G    SO
78          Kevin Wallace  16.4 29 1999-00 Maryland Eastern Shore 29 29 34.9 5.4 13.0 4.8 11.2 0.6  1.8 5.1 7.6 2.8 4.7  7.4 1.1 1.4 0.9 2.6 2.8 16.4 .414 .431  .308 .665 .493 .435   G    SR
79          Phillip Allen  16.3 30 1993-94      North Carolina AT 30 29 33.8 5.7 13.9 2.4  5.3 3.3  8.6 1.7         2.5  3.5 3.3 2.6         0.3 16.3 .408 .447  .384 .658 .540 .526   G    JR
80      Cryhten Langhorne  16.2 22 1997-98 Maryland Eastern Shore         22 5.5 12.5 4.0  8.2 1.5  4.3 3.7         5.5  5.4 0.7 0.9         0.1 16.2 .440 .492  .340 .683 .536 .498   G    SR
81           Jerome James  16.1 27 1996-97             Florida AM    27 26.1 6.6 12.4 6.6 12.3 0.0  0.0 3.0         5.4  9.0 0.6 0.7 4.4 3.6 4.2 16.1 .530 .532  .000 .558 .540 .530   C    JR
82         Aaron McKinney  16.1 27 1994-95 Maryland Eastern Shore 27 27 33.3 5.2 12.9 3.1  6.9 2.1  5.9 3.7         4.9  4.3 2.6 1.6 0.0 2.1 2.4 16.1 .403 .449  .350 .744 .530 .484   F    JR
83          Latroy Strong  16.1 27 1992-93        Bethune-Cookman 27 27 31.4 6.0 14.4 4.7 10.1 1.3  4.3 2.7         4.2  5.7 2.6 1.6 0.1 3.3 2.5 16.1 .418 .464  .310 .646 .490 .464   G    SO
84           Tim Anderson  16.1 28 1989-90         Delaware State    28 29.4 5.4 12.1 2.1  4.3 3.3  7.9 2.1         2.8  6.4 2.8 2.0         0.9 16.1 .445 .504  .414 .744 .600 .580   F    SR
85           James Miller  16.1 30 2000-01      North Carolina AT 30 30 36.4 5.0 12.8 3.0  7.2 2.0  5.6 4.2 5.0 0.7 3.1  3.7 4.3 1.2 0.0 3.8 1.7 16.1 .389 .419  .351 .834 .531 .466   G    SR
86           Moses Malone  16.0 30 2002-03   South Carolina State 30 27 34.2 4.6 11.2 2.2  4.6 2.4  6.6 4.5 5.7 0.9 2.9  3.7 0.8 1.2 0.1 2.3 1.8 16.0 .411 .482  .360 .779 .576 .516   G    SR
87          Vincent Whitt  16.0 32 2000-01   South Carolina State 32 31 30.8 5.2 13.5 4.3 10.1 0.9  3.4 4.7 5.9 1.7 4.1  5.8 1.9 1.4 0.4 3.0 2.7 16.0 .384 .421  .275 .799 .492 .419   G    SR
88       Marseilles Brown  16.0 25 1999-00                Hampton 25 25 33.3 5.1 12.3 2.8  6.0 2.3  6.3 3.5 4.6 0.6 2.7  3.3 5.5 1.8 0.1 3.3 2.4 16.0 .414 .460  .369 .772 .554 .508   G    JR
89      Thurman Zimmerman  16.0 31 2002-03   South Carolina State 31 30 31.7 5.4 10.6 4.4  7.7 1.0  2.9 4.3 5.5 2.4 5.3  7.6 1.8 1.6 0.2 3.0 3.0 16.0 .506 .569  .337 .782 .606 .552   F    FR
90            Tyler Brown  16.0 30 1997-98   South Carolina State         30 5.8 12.0 4.0  7.5 1.8  4.5 2.7         3.5  3.1 2.1 1.7         0.2 16.0 .482 .533  .396 .769 .586 .556   G    SR
91      Torrey Farrington  16.0 26 1998-99                Hampton    26 33.5 5.2 13.3 2.4  5.8 2.8  7.5 2.8 3.4 0.7 2.9  3.5 2.3 0.9 0.0 2.5 2.7 16.0 .389 .414  .369 .830 .534 .493   G    SR
92         Lamont Parrish  15.9 28 1994-95        Bethune-Cookman         28 5.5 12.1 5.2 10.6 0.3  1.5 4.6         6.8  5.4 2.1 0.6         0.1 15.9 .454 .492  .190 .679 .518 .466   F    SR
93      Reggie Cunningham  15.9 28 1989-90        Bethune-Cookman         28 6.9 13.7 6.8 13.2 0.1  0.5 2.1         2.9  7.2 1.0 1.3         1.0 15.9 .500 .511  .214 .716 .527 .504   F    SO
94        Reginald Finney  15.9 22 1990-91             Florida AM    22 38.0 5.6 12.5 4.3  9.1 1.3  3.3 3.2 5.0 1.8 3.0  4.8 3.5 2.3 0.6 3.3 2.8 15.9 .449 .468  .397 .651 .536 .502   G    JR
95         Chakowby Hicks  15.9 29 2003-04          Norfolk State 29 29 34.9 5.0 12.0 3.7  7.8 1.3  4.2 4.6 5.9 1.9 4.0  5.9 3.0 3.0 0.6 3.9 3.1 15.9 .414 .469  .311 .779 .535 .468   G    JR
96            Mike Wiatre  15.9 34 1999-00   South Carolina State 34 34 29.9 4.9 12.4 3.1  7.1 1.8  5.3 4.3 5.1 1.4 1.9  3.2 2.6 1.0 0.1 2.2 2.3 15.9 .394 .438  .337 .849 .536 .467   G    SR
97            Byron Coast  15.9 27 1994-95             Florida AM         27 5.6 16.0 3.0  7.6 2.6  8.4 2.2         2.7  4.4 2.6 0.8         0.3 15.9 .346 .395  .303 .797 .457 .426   G    JR
98            Chris Nurse  15.7 25 1994-95         Delaware State 25 25 32.1 6.0 10.3 6.0 10.2 0.0  0.0 3.6         6.0 10.2 0.5 1.0 0.9 2.1 3.0 15.7 .588 .590  .000 .596 .596 .588   C    SO
99       Jamaine Williams  15.7 28 1989-90           Morgan State         28 6.5 13.5 5.5 11.4 0.9  2.1 1.8         2.7  6.5 0.9 1.3         1.3 15.7 .478 .486  .433 .680 .529 .512   F    FR
100     Cryhten Langhorne  15.7 26 1996-97 Maryland Eastern Shore    26 27.9 5.1 13.2 3.5  7.9 1.6  5.3 3.8         5.7  4.7 1.5 1.2         0.1 15.7 .388 .449  .297 .680 .493 .448   G    JR
101           Curtis King  15.6 29 2000-01           Morgan State 29 28 33.7 6.0 11.8 6.0 11.6 0.0  0.2 3.5 5.0 2.0 2.8  4.8 1.2 0.7 0.5 2.0 2.7 15.6 .512 .516  .200 .703 .551 .513   F    JR
102          Jimmy Fields  15.6 28 1999-00           Morgan State 28 28 35.3 5.1 13.8 2.8  7.3 2.3  6.5 3.2 4.4 0.9 3.4  4.3 5.2 2.1 0.0 4.7 2.4 15.6 .368 .387  .346 .724 .491 .449   G    SR
103     Xavier Singletary  15.6 27 1996-97                 Howard         27 5.0 13.3 3.0  8.1 1.9  5.1 3.7         5.3  5.8 1.7 0.7         0.0 15.6 .374 .373  .377 .704 .494 .447   G    FR
104        Vince Langston  15.5 24 1992-93           Morgan State    24 32.0 5.7 13.0 4.2  9.5 1.5  3.5 2.7         4.0  4.2 5.5 3.0 0.0 4.5 2.5 15.5 .437 .441  .429 .670 .522 .495   G    JR
105         Dale Harrison  15.5 28 1993-94 Maryland Eastern Shore 28 28 31.0 5.3 11.9 3.4  7.5 1.9  4.4 3.0         4.4  2.6 3.0 1.3 0.0 3.0 2.0 15.5 .446 .448  .443 .677 .555 .527   G    SR
106       Maurice Riddick  15.5 30 2002-03        Bethune-Cookman 30 30 33.9 5.3 12.9 1.8  4.3 3.4  8.6 1.5 2.0 1.0 2.3  3.3 1.1 1.3 0.3 1.7 1.8 15.5 .408 .426  .399 .738 .558 .541   F    SR
107      Keith Carmichael  15.4 30 1993-94           Coppin State 30 30 32.7 5.5 12.4 1.9  4.0 3.6  8.5 0.9         1.2  3.9 1.6 1.8 0.1 1.5 1.9 15.4 .442 .479  .425 .722 .593 .587   G    JR
108     Jonathan Richmond  15.4 28 1998-99      North Carolina AT    28 30.6 4.7 11.6 2.3  5.5 2.4  6.1 3.6 4.6 0.4 1.6  2.0 2.3 1.4 0.1 2.1 1.6 15.4 .407 .422  .394 .775 .559 .511   G    SR
109           Deon Murray  15.4 29 1993-94   South Carolina State         29 5.4 12.9 3.1  7.5 2.3  5.4 2.2         2.9  3.5 2.4 1.5         0.2 15.4 .419 .408  .433 .762 .537 .509   G    SR
110      Michael Griffith  15.3 26 2001-02             Florida AM 26 23 29.5 5.0 12.7 3.3  8.2 1.7  4.5 3.7 5.3 1.5 2.8  4.3 1.8 1.5 0.2 2.5 2.8 15.3 .394 .410  .364 .701 .505 .459   G    JR
111          Larry Tucker  15.3 28 2002-03           Coppin State 28 28 36.1 5.6 12.5 5.6 12.4 0.0  0.1 4.0 5.5 2.2 3.4  5.6 0.9 1.0 0.4 2.7 2.4 15.3 .451 .457  .000 .734 .507 .451   G    SR
112          Andrew Miles  15.3 25 1993-94         Delaware State 25 21 33.7 4.8 13.5 3.3  7.5 1.6  6.0 4.1         5.7  3.2 3.7 2.6 0.1 4.2 2.6 15.3 .359 .439  .260 .718 .473 .417   G    JR
113               Al Bell  15.2 25 1995-96                Hampton 25 22 33.2 5.4 16.0 3.5  9.0 1.9  6.9 2.4         3.8  6.0 3.0 1.9 0.0 2.7 2.4 15.2 .341 .389  .277 .635 .428 .401   G    JR
114         Thomas Garner  15.2 24 1992-93      North Carolina AT 24 24 33.9 5.3 11.5 4.9 10.5 0.5  1.0 4.1         6.3  8.5 1.5 0.9 0.5 3.0 2.8 15.2 .462 .464  .440 .645 .523 .482   F    SR
115           Mike Wiatre  15.2 29 1998-99   South Carolina State         29 4.6 14.2 3.0  9.5 1.6  4.7 4.5         5.7  3.9 4.2 1.7         0.1 15.2 .323 .319  .331 .788 .450 .377   G    JR
116           Devin Green  15.2 30 2003-04                Hampton 30 30 33.3 5.1 11.5 3.8  7.8 1.3  3.7 3.6 4.9 2.1 5.5  7.6 2.3 1.3 0.3 3.3 2.7 15.2 .446 .491  .351 .741 .550 .503   G    JR
117         Kyle Williams  15.1 30 2002-03                 Howard 30 30 37.5 5.7 15.2 4.1  9.1 1.6  6.1 2.1 3.2 1.0 3.8  4.8 2.5 1.4 0.5 3.3 2.9 15.1 .376 .447  .269 .649 .453 .430   G    SR
118         Kevin Wallace  15.1 17 1998-99 Maryland Eastern Shore    17 29.5 5.3 11.1 3.7  7.4 1.6  3.7 2.9 5.0 2.2 3.4  5.6 0.9 1.2 0.6 2.9 2.3 15.1 .479 .504  .429 .576 .560 .551   G    JR
119          Brian Parker  15.0 28 1995-96         Delaware State 28 28 33.9 5.9 13.6 5.8 13.4 0.1  0.3 3.1         4.9  7.7 1.1 1.0 0.3 2.7 2.4 15.0 .432 .433  .375 .642 .471 .436   F    SO
120          Jeff Granger  15.0 30 2003-04                Hampton 30 26 28.5 4.2 11.4 1.8  4.7 2.4  6.7 4.1 5.0 1.0 2.4  3.4 1.3 1.5 0.0 1.9 2.7 15.0 .370 .380  .363 .820 .543 .477   G    SO
121          Marcus Cheek  15.0 28 1996-97 Maryland Eastern Shore    28 28.2 5.3 13.0 3.1  6.7 2.2  6.3 2.2         2.8  2.6 1.4 1.1         0.1 15.0 .407 .457  .352 .772 .522 .492   G    JR
122      Jamaine Williams  14.9 27 1991-92      North Carolina AT 27 27 30.7 6.0 11.4 6.0 11.1 0.0  0.3 3.0         4.5  7.5 1.1 1.1 1.6 2.3 3.3 14.9 .523 .535  .000 .664 .551 .523   F    SO
123          Moses Malone  14.9 27 2001-02   South Carolina State 27 26 30.0 4.1 11.6 2.7  6.9 1.5  4.7 5.1 6.6 1.5 2.4  3.9 0.8 0.7 0.0 2.0 2.2 14.9 .357 .385  .315 .781 .506 .420   G    JR
124           Randy Dukes  14.9 25 2002-03           Morgan State 25 22 32.3 5.1 13.3 3.0  7.8 2.1  5.6 2.6 3.4 1.4 2.4  3.9 1.0 1.1 0.0 2.3 2.3 14.9 .384 .387  .381 .744 .499 .464   G    SR
125           Devin Green  14.9 30 2002-03                Hampton 30 25 29.7 5.2 11.6 3.9  7.4 1.3  4.1 3.3 4.5 1.9 3.4  5.3 2.4 1.3 0.6 2.7 2.5 14.9 .447 .525  .306 .739 .544 .501   G    SO
126       Stephen Stewart  14.9 30 1994-95           Coppin State 30 27 30.9 4.8 11.6 4.2  8.9 0.6  2.7 4.7         6.2  6.9 2.3 1.1 0.4 2.6 1.9 14.9 .413 .472  .220 .758 .511 .438   F    SR
127      Marcus Sheffield  14.9 19 1990-91           Morgan State 19  6 24.5 5.9 12.1 5.8 11.6 0.2  0.5 2.8 4.3 2.5 5.1  7.6 1.5 0.6 1.7 2.3 3.4 14.9 .491 .500  .300 .667 .527 .498   C    SR
128          Terquin Mott  14.9 28 1996-97           Coppin State         28 5.5 10.1 5.4  9.8 0.1  0.4 3.8         5.0  8.9 2.1 1.6         1.4 14.9 .544 .557  .200 .752 .594 .548   C    SR
129       Antonio Michell  14.8 24 1999-00                 Howard 24 24 31.3 4.8 12.7 3.1  7.1 1.8  5.6 3.4 4.3 1.7 2.5  4.2 1.6 1.2 0.0 1.8 1.6 14.8 .380 .435  .311 .804 .504 .449   G    SR
130        Andre Matthews  14.8 28 2000-01         Delaware State 28 28 33.2 5.8 10.5 4.9  7.9 0.9  2.6 2.4 3.5 1.5 3.4  4.9 2.0 1.4 0.3 2.3 2.6 14.8 .546 .615  .338 .694 .608 .588   F    SO
131      Terrence Winston  14.8 28 2000-01          Norfolk State 28 28 31.0 4.7 11.6 2.8  6.2 1.9  5.5 3.5 4.6 0.6 2.0  2.5 3.7 1.3 0.1 2.4 1.8 14.8 .405 .451  .353 .752 .536 .488   G    JR
132          Terence Hood  14.8 27 1997-98         Delaware State    27 34.7 4.7 11.0 3.0  6.4 1.7  4.6 3.8         4.8  3.1 1.9 0.8         0.8 14.8 .426 .471  .363 .792 .559 .502   G    JR
133        Sidney Goodman  14.8 31 1994-95           Coppin State 31 31 30.8 4.6 11.1 3.1  7.3 1.5  3.7 4.1         4.8  4.2 2.8 2.0 0.1 2.9 2.5 14.8 .417 .423  .405 .846 .555 .485   G    SR
134             Greg Gray  14.8 23 2001-02   South Carolina State 23 22 33.6 6.0 12.0 5.3 10.2 0.7  1.8 2.2 3.7 1.2 4.7  5.9 1.4 2.7 0.7 3.1 2.4 14.8 .498 .521  .366 .607 .540 .525   G    SR
135        Rasheed Sparks  14.8 24 1997-98           Morgan State    24 30.0 5.8 12.1 5.0  9.5 0.8  2.6 2.4         4.0  6.0 1.4 1.9         1.1 14.8 .479 .533  .286 .598 .527 .510   G    JR
136         Jorge Cajigas  14.7 30 1999-00           Coppin State 30 30 35.8 4.4 11.8 2.1  5.4 2.3  6.5 3.5 4.1 0.7 2.2  2.9 2.2 2.0 0.0 2.2 1.7 14.7 .375 .391  .361 .847 .533 .473   G    SR
137            Juan Mason  14.7 28 1989-90   South Carolina State         28 6.0 11.3 6.0 11.1 0.0  0.1 2.4         3.6  6.7 0.6 0.8         0.3 14.7 .537 .543  .000 .647 .565 .537   F    SO
138        Ron Williamson  14.7 31 2001-02                 Howard 31 31 31.3 4.8 12.2 1.9  5.2 3.0  7.1 2.0 2.5 1.0 2.0  3.0 1.5 1.4 0.0 1.3 2.2 14.7 .396 .363  .420 .818 .547 .517   G    JR
139           Kevin Perry  14.7 27 1997-98          Norfolk State    27 32.0 5.3 12.7 3.6  8.4 1.7  4.3 2.4         3.1  2.0 3.1 2.1         0.1 14.7 .416 .425  .397 .762 .516 .483   G    JR
140      Roderick Blakney  14.7 30 1995-96   South Carolina State    30 24.0 4.7 11.4 3.1  7.0 1.5  4.4 3.8         5.0  4.6 3.3 1.9         0.1 14.7 .409 .445  .351 .765 .533 .477   G    SO
141      Danny Singletary  14.7 29 1997-98           Coppin State 29 28 28.2 4.5 10.4 3.7  7.6 0.8  2.8 4.9         6.6  3.3 2.7 2.6     0.2 3.3 14.7 .430 .484  .284 .743 .541 .469   G    SR
142          Tyree Harris  14.6 27 2000-01        Bethune-Cookman 27 19 28.7 4.5 11.5 3.4  8.5 1.1  3.0 4.6 5.8 1.6 2.3  3.9 0.8 0.9 0.1 2.4 2.4 14.6 .390 .402  .358 .783 .512 .437   G    JR
143         Glenn Taggart  14.6 29 1989-90      North Carolina AT         29 4.8 11.8 3.4  8.3 1.3  3.5 3.8         4.8  4.4 6.9 1.6         0.1 14.6 .402 .415  .373 .784 .517 .458   G    JR
144         Andre Griffin  14.5 24 1993-94         Delaware State 24 23 34.3 5.0 14.0 2.7  6.8 2.3  7.3 2.3         3.5  5.2 3.1 1.5 0.4 3.6 1.8 14.5 .356 .399  .316 .635 .462 .438   F    JR
145        Barry Hairston  14.5 30 2002-03                Hampton 30 20 26.5 5.6 11.0 4.9  8.7 0.7  2.3 2.7 4.1 1.7 3.2  4.9 1.3 1.9 0.6 2.4 2.8 14.5 .505 .563  .286 .653 .558 .535   F    SR
146           Sean Booker  14.5 28 2003-04      North Carolina AT 28  0 24.0 5.3 12.8 3.6  6.9 1.8  5.9 2.1 3.6 1.5 2.2  3.7 1.4 1.8 0.3 3.8 2.8 14.5 .416 .518  .297 .578 .499 .485   G    FR
147         Bruce Jenkins  14.5 29 1999-00      North Carolina AT 29 29 26.4 5.5 10.9 5.5 10.9 0.0  0.0 3.5 5.1 2.7 4.6  7.2 1.0 1.0 0.6 2.3 2.5 14.5 .505       .505 .689 .545 .505   F    SO
148        Sidney Goodman  14.5 30 1993-94           Coppin State 30 30 30.6 4.1 10.4 2.0  5.4 2.1  5.0 4.2         5.3  3.0 4.0 2.2 0.4 2.6 2.5 14.5 .395 .379  .413 .797 .562 .495   G    JR
149        Rasheed Sparks  14.5 28 1998-99           Morgan State    28 33.1 5.4 12.3 3.9  7.8 1.5  4.6 2.1 4.4 2.0 5.2  7.2 2.4 2.4 1.3 1.9 1.9 14.5 .441 .507  .328 .484 .503 .501   G    SR
150          Reggie Welch  14.5 22 1996-97           Coppin State         22 5.5 10.2 4.5  7.4 1.0  2.8 2.6         3.5  6.3 1.5 0.5         0.2 14.5 .533 .607  .339 .740 .608 .580   F    SR
151          Ali Abdullah  14.4 28 2000-01                 Howard 28 26 33.5 3.8 10.3 2.5  5.5 1.3  4.9 5.5 6.9 0.8 2.5  3.3 5.0 1.8 0.0 3.2 3.1 14.4 .367 .451  .272 .803 .531 .431   G    JR
152            Sean Black  14.4 27 1996-97             Florida AM         27 5.3 13.0 4.2  9.3 1.1  3.7 2.6         3.4  6.1 2.2 1.4         0.6 14.4 .410 .454  .300 .763 .492 .453   F    SR
153          Jimmy Boykin  14.4 28 2002-03           Coppin State 28 24 34.3 5.2 10.9 2.6  5.1 2.6  5.8 1.4 1.7 1.0 4.4  5.3 0.8 1.5 0.4 1.8 1.9 14.4 .477 .517  .442 .792 .611 .595   G    JR
154      Demarcus Wilkins  14.3 32 2003-04             Florida AM 32 29 30.2 4.4 10.9 2.5  5.7 1.9  5.2 3.7 5.0 1.9 2.6  4.5 2.5 1.8 0.3 2.3 2.2 14.3 .401 .437  .361 .739 .539 .487   G    SR
155         Kenneth Davis  14.3 31 1990-91             Florida AM    31 36.7 5.6 13.4 4.6 10.1 1.0  3.3 2.1 2.4 0.8 2.2  3.0 6.0 2.4 0.2 3.3 2.4 14.3 .419 .458  .301 .890 .494 .457   G    JR
156           Ural Hogans  14.3 10 1991-92           Morgan State 10  8 30.4 4.7 10.5 3.4  7.0 1.3  3.5 3.6         4.0  3.3 1.1 1.6 0.0 3.0 1.3 14.3 .448 .486  .371 .900 .577 .510   G    SR
157        Terrell Harris  14.3 27 1994-95 Maryland Eastern Shore 27 27 32.8 5.3 12.0 3.8  8.1 1.4  3.9 2.3         3.0  3.1 3.7 1.8 0.3 2.8 2.6 14.3 .437 .468  .371 .768 .530 .497   G    SR
158        Andre Matthews  14.2 29 2001-02         Delaware State 29 27 31.3 5.3 10.0 5.2  9.2 0.1  0.8 3.5 4.9 2.0 3.4  5.3 2.1 0.8 0.2 1.7 2.3 14.2 .531 .564  .167 .706 .577 .538   F    JR
159          Zack Allison  14.2 27 1992-93 Maryland Eastern Shore 27 27 33.2 4.7 10.1 4.0  8.3 0.7  1.9 4.2         5.9  3.9 2.4 1.4 0.3 3.7 3.1 14.2 .460 .484  .353 .722 .550 .493   G    JR
160           Tee Trotter  14.2 23 2000-01 Maryland Eastern Shore 23 18 31.5 4.3 12.4 2.1  5.8 2.2  6.7 3.4 4.3 0.5 1.3  1.7 2.0 0.7 0.0 4.2 2.1 14.2 .346 .361  .333 .780 .490 .435   G    FR
161          Milton Bynum  14.2 28 1990-91                 Howard 28 20 24.1 5.0 10.9 2.9  6.0 2.1  4.9 2.1         2.6  2.1 2.5 1.5 0.2 1.9 2.3 14.2 .458 .485  .423 .811 .583 .552   G    SR
162        Keith Williams  14.1 18 1989-90 Maryland Eastern Shore         18 4.3 10.7 2.3  5.7 2.0  4.9 3.4         4.5  2.4 2.2 1.4         0.3 14.1 .406 .408  .404 .753 .551 .500   G    JR
163          Tremain Byrd  14.1 28 1997-98           Morgan State    28 25.2 5.5 13.3 3.4  6.8 2.1  6.5 1.1         1.8  3.9 1.0 1.7         0.1 14.1 .412 .503  .319 .608 .500 .491   G    SR
164        Demetric Reese  14.1 27 1998-99 Maryland Eastern Shore    27 28.5 4.8 12.4 3.3  8.7 1.5  3.7 3.0 4.1 2.0 1.9  3.8 1.3 1.4 0.1 2.1 2.7 14.1 .385 .379  .400 .732 .489 .445   G    JR
165         Melvin Watson  14.1 27 1998-99                 Howard    27 32.9 4.9 13.8 3.1  7.9 1.9  5.9 2.4 3.1 1.1 4.3  5.4 1.6 1.5 0.1 2.9 2.4 14.1 .357 .388  .314 .762 .460 .424   G    SR
166        Darryl Cheeley  14.0 24 1992-93      North Carolina AT 24 21 31.5 4.3  9.8 2.4  6.0 1.8  3.8 3.7         5.1  2.6 2.8 1.3 0.0 2.6 1.7 14.0 .432 .403  .478 .724 .572 .525   G    SR
167        Aaron McKinney  14.0 27 1995-96 Maryland Eastern Shore         27 4.7 12.1 2.5  6.3 2.2  5.9 2.5         3.9  2.9 1.8 1.6         0.3 14.0 .384 .394  .373 .632 .500 .474   F    SR
168          Zack Allison  14.0 23 1993-94 Maryland Eastern Shore 23  7 23.0 5.0 10.6 3.8  7.7 1.2  2.9 2.8         4.0  2.9 1.6 0.6 0.1 2.6 2.7 14.0 .473 .497  .409 .714 .562 .529   G    SR
169         Bruce Jenkins  14.0 27 2000-01      North Carolina AT 27 20 31.8 5.1 11.9 4.9 11.3 0.1  0.6 3.7 5.8 3.5 6.4  9.9 0.9 0.9 1.0 3.0 2.7 14.0 .428 .438  .250 .631 .478 .434   F    JR
170          Jimmy Boykin  13.9 32 2003-04           Coppin State 32 29 33.5 4.7 12.0 2.0  4.3 2.7  7.8 1.9 2.4 1.1 4.5  5.6 1.5 0.7 0.2 2.0 1.6 13.9 .387 .460  .347 .795 .528 .499   G    SR
171          Dana Elliott  13.9 29 1989-90      North Carolina AT         29 4.5  9.9 3.4  7.6 1.1  2.3 3.9         5.3  5.7 1.4 1.2         0.1 13.9 .453 .452  .456 .739 .562 .507   F    SO
172         Jorge Cajigas  13.9 29 1998-99           Coppin State    29 30.9 3.9  9.6 1.9  4.6 2.0  5.0 4.2 5.0 1.1 1.7  2.8 2.8 2.0 0.0 2.7 2.1 13.9 .404 .417  .393 .841 .583 .507   G    JR
173        Marlin Kimbrew  13.8 27 1991-92 Maryland Eastern Shore 27 21 26.6 4.2 10.4 3.2  7.6 1.0  2.9 4.5 6.4 0.9 3.6  4.5 0.9 0.9 0.5 1.3 3.5 13.8 .401 .424  .338 .695 .511 .447   F    JR
174          Neil Roberts  13.8 27 1998-99          Norfolk State         27 5.6 10.7 5.1  9.7 0.4  1.1 2.2         3.3  5.9 3.6 1.5         0.5 13.8 .521 .533  .414 .670 .562 .541   G    JR
175         Emanual Davis  13.8 28 1989-90         Delaware State    28 31.7 4.3  9.3 2.3  4.3 1.9  4.9 3.4         4.5  4.8 5.6 2.0         0.7 13.8 .459 .537  .391 .746 .605 .564   G    JR
176       Tarvis Williams  13.7 27 1998-99                Hampton    27 30.0 4.8  9.1 4.8  9.1 0.0  0.0 4.2 6.0 2.2 4.0  6.1 0.6 0.5 5.0 3.0 2.6 13.7 .524       .524 .698 .574 .524   F    SO
177           Chris Felix  13.7 21 1991-92   South Carolina State         21 5.2 12.5 4.2  9.7 1.0  2.8 2.1         2.9  3.8 1.0 0.9         0.7 13.7 .420 .431  .379 .750 .494 .462   F    SR
178           Curtis King  13.7 27 1998-99           Morgan State    27 28.0 5.6 11.6 5.6 11.5 0.0  0.1 2.4 3.1 1.6 2.9  4.4 0.9 0.7 1.8 1.4 2.4 13.7 .486 .487  .333 .771 .524 .487   F    SO
179          Robert Spear  13.7 27 1989-90 Maryland Eastern Shore         27 4.3 10.1 3.6  8.3 0.7  1.8 4.2         5.2  4.0 1.5 1.0         0.1 13.7 .421 .433  .367 .814 .543 .454   F    JR
180           Eric Dedmon  13.6 26 1996-97                 Howard         26 4.3  8.2 3.5  6.5 0.8  1.6 4.2         5.5  2.9 1.6 0.9         0.1 13.6 .528 .535  .500 .757 .631 .578   G    SR
181       Damone Williams  13.6 28 1989-90           Morgan State         28 5.0 11.4 4.6 10.3 0.4  1.1 3.0         4.1  6.6 1.2 1.2         0.5 13.6 .442 .450  .367 .739 .509 .459   F    SR
182      Demarcus Wilkins  13.6 20 2000-01             Florida AM 20 13 29.0 3.8  9.9 2.4  5.8 1.4  4.1 4.7 5.7 1.4 1.1  2.4 2.8 2.3 0.2 2.5 2.2 13.6 .381 .417  .329 .832 .541 .449   G    FR
183      Aaron Wellington  13.5 28 2002-03 Maryland Eastern Shore 28 25 32.2 4.5 11.0 1.7  3.9 2.8  7.1 1.6 1.8 1.0 2.1  3.1 2.0 1.3 0.0 2.8 2.3 13.5 .411 .436  .397 .902 .569 .539   G    FR
184         Simon Edwards  13.5 28 1991-92 Maryland Eastern Shore 28 21 27.5 5.1 13.7 3.8  8.9 1.3  4.8 2.1 3.1 1.0 1.4  2.5 1.2 1.1 0.0 2.3 2.3 13.5 .371 .428  .263 .698 .447 .416   G    SR
185           Brian Mason  13.5 27 2003-04   South Carolina State 27 24 29.0 5.0  9.0 4.5  7.9 0.5  1.1 3.1 4.2 2.1 2.9  5.0 1.1 1.6 0.4 1.9 2.6 13.5 .551 .571  .419 .737 .614 .578   F    FR
186         Gerald Jordan  13.5 29 1993-94           Morgan State 29 27 32.2 5.6 11.8 5.5 11.4 0.1  0.4 2.2         3.8 10.2 0.6 1.0 1.7 2.9 3.7 13.5 .472 .482  .231 .591 .496 .477   F    SO
187        DAndre Parmley  13.5 20 1992-93         Delaware State 20  8 27.3 5.6  9.3 5.6  9.3 0.0  0.1 2.4         4.0  7.0 0.8 1.7 0.9 2.8 3.2 13.5 .597 .600  .000 .600 .603 .597   F    JR
188          Andrew Miles  13.5 29 1992-93         Delaware State 29 26 34.3 4.8 12.8 3.4  7.8 1.3  5.1 2.7         4.0  2.9 3.9 2.2 0.2 4.5 2.4 13.5 .371 .444  .259 .664 .458 .422   G    SO
189          Brian Parker  13.4 27 1996-97         Delaware State         27 5.3 12.6 5.1 11.8 0.2  0.9 2.6         3.7  7.1 1.3 0.7         0.1 13.4 .419 .431  .261 .717 .468 .428   F    JR
190              Joe Bunn  13.4 30 1993-94      North Carolina AT 30 30 31.6 4.3  8.3 4.3  8.2 0.0  0.1 4.7         6.3  8.4 0.9 1.0         0.2 13.4 .520 .528  .000 .755 .592 .520   F    FR
191         Reggie Morris  13.3 26 1999-00                 Howard 26 26 31.4 4.9 13.0 2.6  6.5 2.3  6.5 1.2 1.8 1.1 3.0  4.1 1.8 1.0 0.3 2.8 2.8 13.3 .379 .402  .355 .646 .481 .467   G    JR
192       Stephen Stewart  13.3 30 1992-93           Coppin State 30 20 25.9 4.1  8.7 3.5  7.2 0.6  1.5 4.6         6.0  5.4 2.0 1.0 0.1 2.5 2.3 13.3 .466 .486  .370 .772 .576 .498   F    SO
193         Phillip Allen  13.3 29 1994-95      North Carolina AT 29 27 30.8 4.6 11.1 2.3  4.9 2.2  6.2 1.9         2.6  3.8 2.3 1.7 0.2 2.1 1.8 13.3 .413 .476  .363 .733 .540 .514   G    SR
194           Curtis King  13.3 28 2001-02           Morgan State 28 28 32.2 5.2  9.8 5.2  9.7 0.0  0.0 2.9 4.0 2.3 3.6  5.9 1.4 0.8 0.9 2.2 3.4 13.3 .531 .533  .000 .730 .569 .531   F    SR
195         Jermaine Hill  13.2 29 2002-03             Florida AM 29 29 27.4 5.0  8.4 5.0  8.4 0.0  0.0 3.3 5.3 2.8 3.5  6.3 0.4 0.3 0.8 2.0 2.3 13.2 .588       .588 .617 .602 .588   C    SR
196           Art Crowder  13.2 26 1993-94                 Howard         26 4.5  9.4 4.5  9.3 0.0  0.2 4.2         7.7  7.1 0.5 0.6         0.9 13.2 .478 .481  .250 .545 .504 .480   F    JR
197           Bobby Moore  13.2 26 1989-90      North Carolina AT         26 4.2  9.6 2.4  4.6 1.8  5.0 2.9         3.6  2.1 2.1 0.8         0.2 13.2 .442 .521  .369 .806 .585 .538   G    SO
198      Johnny McClenton  13.2 27 1998-99        Bethune-Cookman    27 32.0 4.3  9.2 4.1  8.1 0.2  1.0 4.4 6.3 2.0 2.8  4.9 1.1 1.1 0.1 3.2 2.3 13.2 .468 .500  .214 .690 .541 .480   G    SR
199        Kimani Stewart  13.2 28 1996-97      North Carolina AT         28 5.6 10.3 5.6 10.1 0.0  0.1 1.9         3.1  7.4 0.9 1.4         0.7 13.2 .551 .553  .333 .598 .562 .552   F    SR
200          Tyrone Green  13.2 20 2002-03      North Carolina AT 20 20 28.8 4.9 12.7 3.3  7.7 1.7  5.1 1.7 2.5 0.8 2.6  3.3 2.9 0.8 0.1 3.7 1.6 13.2 .386 .425  .327 .680 .473 .451   G    FR
[/code]

Provided by [url=https://www.sports-reference.com/sharing.html?utm_source=direct&utm_medium=Share&utm_campaign=ShareTool]Stathead[/url]: [url=https://www.sports-reference.com/stathead/basketball/cbb/player-season-finder.cgi?utm_source=direct&utm_medium=Share&utm_campaign=ShareTool]Found with Stathead. See Full Results.[/url]
Generated 6/11/2026.