
[code]                                                                                                                                                                                                 
                                                                                                                                                                                             Per 
Rk                   Player PTS/G  G  Season                     Team  G GS   MP  FG  FGA  2P  2PA  3P  3PA  FT FTA ORB DRB  TRB AST STL BLK TOV  PF  PTS  FG%  2P%  3P%  FT%  TS% eFG% Pos Class
1            Curtis Stuckey  25.1 28 1990-91                  Bradley 28 28 37.5 8.6 20.3 6.6 15.0 2.0  5.3 5.9         7.8  5.1 2.5 1.0 0.3 2.6 2.6 25.1 .424 .442 .374 .760 .523 .473   G    SR
2            Curtis Stuckey  23.7 23 1989-90                  Bradley 23 23 38.9 8.0 18.2 6.9 14.8 1.2  3.4 6.5         8.0  5.3 2.7 1.6 0.3 4.0 2.8 23.7 .443 .465 .346 .810 .540 .475   G    JR
3             Randy Blocker  23.0 28 1993-94            Northern Iowa 28 28 35.4 8.5 18.0 7.6 15.5 0.9  2.5 5.0         6.3  7.7 1.5 1.8 1.0 2.8 2.6 23.0 .475 .492 .371 .801 .550 .501   F    SR
4              Gary Collier  22.9 31 1993-94                    Tulsa 31 31 35.5 8.2 15.8 5.2  9.3 3.0  6.5 3.5         4.5  6.7 2.4 1.1 0.2 1.9 2.1 22.9 .518 .557 .463 .773 .637 .613   F    SR
5             Tarise Bryson  22.8 30 2000-01           Illinois State 30 28 34.5 6.9 14.9 4.9  9.1 2.1  5.8 6.9 8.4 0.9 3.0  3.9 2.4 1.9 0.4 2.8 2.1 22.8 .465 .535 .356 .821 .604 .535   G    JR
6             Maurice Evans  22.6 28 1998-99            Wichita State 28 28 32.3 7.5 16.4 5.1 10.5 2.5  5.9 5.0         6.4  4.6 2.0 0.8 0.8 3.2 2.9 22.6 .461 .483 .421 .792 .582 .536   F    SO
7               Jason Daisy  22.3 27 1995-96            Northern Iowa    27 32.0 7.7 15.7 5.2  9.7 2.5  6.0 4.4         6.0  4.0 2.3 1.2 0.3     3.0 22.3 .489 .532 .420 .730 .600 .569   G    JR
8               Bob Harstad  22.2 33 1989-90                Creighton 33 33 35.0 7.8 15.3 7.8 15.2 0.0  0.1 6.6 8.3 3.3 5.5  8.8 0.9 1.2 0.2 2.2 2.9 22.2 .511 .514 .000 .799 .578 .511   F    JR
9                Chris Carr  22.0 32 1994-95        Southern Illinois 32 32 33.4 7.8 16.3 6.6 13.1 1.3  3.2 5.2         6.7  7.3 2.1 1.6 0.5 3.2 3.0 22.0 .480 .500 .396 .771 .566 .518   F    JR
10              Troy Hudson  21.3 25 1995-96        Southern Illinois 25 20 32.5 7.2 18.4 3.4  8.5 3.7  9.9 3.3         4.1  4.4 1.5 1.2 0.0 1.8 1.6 21.3 .390 .406 .377 .796 .525 .491   G    SO
11              Jason Daisy  21.2 28 1996-97            Northern Iowa 28 28 35.2 6.9 15.1 5.6 12.1 1.2  3.0 6.3         7.9  4.3 2.5 1.8 0.3 3.7 2.8 21.2 .454 .467 .400 .795 .562 .494   G    SR
12              Cam Johnson  21.1 28 1993-94            Northern Iowa 28 28 34.0 7.6 16.6 5.0  9.8 2.6  6.8 3.4         4.7  3.6 2.5 1.3 0.3 2.9 2.6 21.1 .457 .505 .386 .720 .562 .536   G    SR
13               Curt Smith  21.1 28 1992-93                    Drake    28 35.9 7.8 18.5 6.2 13.3 1.6  5.2 3.8         4.9  3.1 4.6 2.7     0.1 2.6 21.1 .424 .466 .315 .781 .508 .468   G    JR
14              Troy Hudson  21.0 30 1996-97        Southern Illinois 30 28 35.8 7.0 17.8 2.5  5.7 4.5 12.1 2.6         3.2  3.6 2.8 1.4 0.1 2.8 1.7 21.0 .391 .436 .370 .823 .544 .517   G    JR
15            Marcus Wilson  20.7 33 1998-99               Evansville 33 33 34.8 6.5 12.8 4.0  7.3 2.6  5.5 5.0         5.6  3.0 2.4 1.2 0.2     2.2 20.7 .512 .546 .467 .897 .669 .613   G    SR
16              Andy Elkins  20.3 27 1994-95               Evansville 27 27 33.9 6.7 13.8 4.3  8.0 2.4  5.7 4.4         5.5  7.6 3.2 0.8 0.4 2.3 2.3 20.3 .487 .535 .419 .811 .618 .574   F    SR
17              Jason Perez  20.2 29 1999-00            Wichita State 29 28 35.6 7.1 15.8 5.2 10.3 1.9  5.6 4.1 5.2 2.3 4.7  7.0 3.0 2.3 0.3 2.7 2.1 20.2 .449 .503 .348 .783 .553 .510   G    SR
18            Rodney Buford  19.6 30 1996-97                Creighton 30 30 31.6 7.5 17.1 5.6 12.0 1.9  5.1 2.7         3.7  5.6 1.6 1.5 0.6 2.1 2.0 19.6 .439 .465 .379 .736 .522 .496   F    SO
19              Danny Moore  19.5 33 1996-97 Southwest Missouri State 33 33 31.6 6.5 10.8 6.5 10.8 0.0  0.1 6.5         8.4  7.3 0.9 0.2 1.5 2.6 3.2 19.5 .602 .603 .500 .775 .661 .604   C    SO
20             Ashraf Amaya  19.4 30 1991-92        Southern Illinois 30 30 37.2 6.9 12.0 6.8 11.4 0.1  0.6 5.5         7.6 10.3 1.0 1.0 1.0 2.7 3.5 19.4 .573 .594 .211 .721 .621 .579   F    JR
21           Chad Gallagher  19.4 32 1990-91                Creighton 32 32 34.8 7.4 13.1 7.3 12.8 0.2  0.3 4.4         5.5  8.8 1.3 0.7 2.2 3.5 3.1 19.4 .566 .569 .455 .806 .617 .572   C    SR
22            Tarise Bryson  19.3 30 1999-00           Illinois State 30 29 36.0 5.8 14.9 3.0  7.8 2.8  7.1 4.8 6.1 0.8 3.3  4.1 3.5 1.1 0.2 3.8 2.1 19.3 .391 .387 .396 .791 .542 .485   G    SO
23         Danny Granger Jr  19.2 14 2002-03                  Bradley 14 13 27.1 7.1 13.6 6.6 12.2 0.4  1.4 4.6 6.8 2.3 5.6  7.9 1.1 1.4 1.4 2.2 3.9 19.2 .518 .544 .300 .684 .570 .534   F    SO
24                Duan Cole  19.2 28 1991-92                Creighton 28 28 35.9 7.0 14.0 4.5  8.3 2.5  5.7 2.8         3.5  3.5 2.3 2.5 0.3 2.4 2.8 19.2 .499 .545 .431 .794 .613 .587   G    SR
25          Phillip Gilbert  18.9 30 2002-03                  Bradley 30 30 36.3 6.7 15.4 4.1  8.8 2.6  6.6 3.0 4.0 1.6 3.0  4.6 1.4 1.3 0.2 2.7 1.8 18.9 .432 .460 .394 .750 .546 .516   G    JR
26            Rodney Buford  18.9 28 1997-98                Creighton 28 28 30.9 6.8 15.9 4.9 10.1 1.9  5.8 3.5         4.9  7.3 2.1 1.5 0.3 2.8 2.0 18.9 .424 .479 .327 .717 .518 .483   F    JR
27           Anthony Parker  18.9 30 1995-96                  Bradley 30 29 32.1 5.9 12.6 3.5  6.8 2.4  5.8 4.6         5.7  6.5 3.5 1.5 1.1 2.6 2.0 18.9 .472 .515 .422 .797 .617 .569   G    JR
28            Randy Blocker  18.9 27 1992-93            Northern Iowa    27 34.9 7.4 14.6 7.3 14.2 0.1  0.4 3.8         5.4  7.2 1.1 0.9 0.4 3.0 2.1 18.9 .511 .514 .400 .710 .551 .517   F    JR
29               Shea Seals  18.8 32 1994-95                    Tulsa 32 32 33.4 5.7 14.6 3.2  7.2 2.5  7.4 4.9         6.2  6.9 4.0 1.6 0.3 2.9 2.0 18.8 .389 .443 .336 .793 .535 .474   G    SO
30                Rico Hill  18.8 30 1996-97           Illinois State 30 30 30.1 7.5 14.4 7.3 13.6 0.2  0.8 3.6         4.7  8.2 1.3 1.1 0.4 2.8 2.5 18.8 .521 .539 .208 .771 .565 .527   F    SO
31           Johnny Murdock  18.7 27 1993-94 Southwest Missouri State 27 27 35.9 6.0 15.9 2.9  7.0 3.0  8.8 3.8         5.1  3.4 3.1 1.1 0.0 2.8 2.4 18.7 .376 .416 .345 .734 .512 .472   G    JR
32            Rodney Buford  18.6 31 1998-99                Creighton 31 30 32.6 6.6 14.2 4.9 10.1 1.8  4.0 3.5         4.3  7.2 2.2 1.9 0.3 2.3 1.8 18.6 .469 .481 .440 .820 .574 .532   F    SR
33                Rico Hill  18.4 30 1997-98           Illinois State 30 24 28.9 7.3 14.3 5.8 11.2 1.5  3.0 2.3         3.3  7.5 1.6 1.1 0.3 2.5 2.8 18.4 .512 .516 .495 .697 .581 .564   F    JR
34            Marcus Wilson  18.3 30 1997-98               Evansville 30 30 36.8 6.0 12.9 3.9  8.2 2.1  4.8 4.1         4.8  3.7 2.0 0.8 0.0 2.2 2.0 18.3 .466 .482 .441 .867 .602 .548   G    JR
35          Lynnrick Rogers  18.1 25 1994-95                    Drake 25 23 32.5 6.4 15.5 4.7 10.0 1.7  5.6 3.5         4.6  3.0 1.9 1.9 0.2 2.3 2.0 18.1 .415 .474 .309 .757 .511 .470   G    SO
36            Luke McDonald  17.9 29 2001-02                    Drake 29 29 34.0 5.6 12.1 2.4  4.8 3.1  7.4 3.6 4.1 0.2 2.9  3.1 0.8 0.5 0.1 1.8 1.8 17.9 .460 .514 .425 .866 .634 .589   G    SO
37              Bob Harstad  17.8 32 1990-91                Creighton 32 32 35.0 6.5 13.1 6.5 12.9 0.1  0.2 4.7         5.9  8.6 1.3 1.0 0.3 2.6 2.5 17.8 .499 .502 .286 .789 .560 .501   F    SR
38              Kyle Korver  17.8 34 2002-03                Creighton 34 34 31.8 5.4 11.5 1.6  3.6 3.8  7.9 3.2 3.5 1.4 5.0  6.4 3.1 1.5 0.7 2.0 2.6 17.8 .468 .443 .480 .908 .674 .633   F    SR
39           Chad Gallagher  17.7 33 1989-90                Creighton 33 33 33.7 7.3 13.2 7.1 13.0 0.2  0.2 3.0 4.2 2.1 6.0  8.1 1.4 0.7 1.9 2.6 3.3 17.7 .549 .548 .625 .707 .580 .555   C    JR
40            Kent Williams  17.6 30 2000-01        Southern Illinois 30 30 34.4 5.3 12.6 3.4  7.5 2.0  5.1 5.0 6.0 0.7 1.8  2.5 2.8 0.7 0.1 1.9 2.4 17.6 .423 .449 .386 .833 .571 .501   G    SO
41           Johnny Murdock  17.4 27 1994-95 Southwest Missouri State 27 27 36.0 5.7 14.3 3.3  7.6 2.4  6.8 3.7         5.3  2.9 4.5 1.1 0.2 2.6 2.1 17.4 .395 .436 .350 .706 .518 .478   G    SR
42               Mark Morse  17.4 29 1992-93                    Tulsa    29 32.3 6.1 14.0 3.5  7.7 2.6  6.3 2.7         3.5  3.1 4.6 2.2 0.0 3.5 2.6 17.4 .433 .455 .408 .755 .555 .526   G    SR
43                  Rob Dye  17.4 29 1998-99                  Bradley 29 29 36.9 5.2 12.8 3.3  7.2 2.0  5.5 4.9         6.1  4.3 2.9 2.7 0.1 3.4 2.4 17.4 .411 .452 .356 .813 .556 .488   G    JR
44          Freddie McSwain  17.3 32 1989-90        Southern Illinois 32 32 33.5 5.6 13.3 5.0 11.6 0.5  1.8 5.7 7.6 1.9 2.8  4.7 3.2 1.7 0.2 2.9 2.8 17.3 .417 .435 .298 .752 .512 .437   G    SR
45           Johnny Murdock  17.3 31 1992-93 Southwest Missouri State    31 35.5 6.0 14.1 2.9  6.9 3.0  7.2 2.3         3.1  2.9 2.9 0.9         0.1 17.3 .423 .423 .423 .758 .556 .531   G    SO
46           Sterling Mahan  17.2 32 1990-91        Southern Illinois 32 32 33.6 5.8 13.6 4.4  9.2 1.4  4.4 4.2         5.8  3.3 3.9 1.8 0.3 3.4 3.2 17.2 .428 .480 .319 .711 .525 .479   G    SR
47               Matt Petty  17.2 26 1992-93                Creighton 26 26 39.0 5.7 11.8 3.6  7.2 2.1  4.7 3.7         4.3  3.1 3.1 1.3 0.0 2.6 2.7 17.2 .481 .497 .455 .848 .617 .570   G    SR
48              Greg Thomas  17.1 28 1992-93            Indiana State 28 28 35.7 5.4 12.0 3.0  6.0 2.4  6.0 4.0         4.6  2.4 2.5 0.7 0.0 2.8 1.0 17.1 .451 .503 .399 .867 .606 .551   G    SR
49        Robbie Sieverding  17.1 29 2001-02            Northern Iowa 29 29 35.8 5.0 11.3 3.8  7.5 1.3  3.9 5.8 6.7 0.8 3.5  4.2 3.2 1.3 0.1 2.0 1.3 17.1 .444 .502 .330 .862 .589 .500   G    SR
50               Shea Seals  17.1 30 1995-96                    Tulsa 30 29 32.5 5.4 14.2 3.4  7.5 2.0  6.7 4.4         6.7  5.7 2.2 1.8 0.4 2.4 2.4 17.1 .379 .455 .294 .652 .492 .448   G    JR
51              John Cooper  17.0 29 1989-90            Wichita State 29 29 36.5 5.9 12.8 4.6  9.2 1.3  3.6 3.9         4.8  7.2 2.8 1.2 0.3 2.5 2.0 17.0 .461 .498 .365 .820 .565 .512   F    JR
52          Jerome Robinson  16.9 30 2000-01                  Bradley 30 29 37.0 5.2 12.1 2.4  5.5 2.8  6.6 3.7 4.7 0.6 3.6  4.2 2.6 1.1 0.5 1.9 2.0 16.9 .431 .436 .426 .794 .592 .547   G    SR
53              Jason Perez  16.8 30 1998-99            Wichita State 30 30 34.7 6.1 12.0 4.2  7.8 1.9  4.3 2.8         3.4  5.5 3.0 1.8 0.2 2.2 2.8 16.8 .504 .541 .438 .833 .617 .582   G    JR
54               Shea Seals  16.8 28 1993-94                    Tulsa 28 27 31.2 5.5 12.8 2.8  6.3 2.7  6.6 3.2         4.3  6.5 3.5 1.8 0.3 2.5 1.9 16.8 .426 .446 .408 .748 .566 .531   G    FR
55           Marcell Gordon  16.7 30 1990-91                    Tulsa 30 28 31.7 6.0 11.8 5.7 10.9 0.3  1.0 4.5         6.1  5.7 3.4 1.8 0.5 3.0 2.6 16.7 .504 .525 .276 .743 .568 .515   G    SR
56             Jayson Wells  16.7 27 1997-98            Indiana State 27 27 32.8 5.3 10.0 4.9  8.7 0.4  1.3 5.7         7.6  8.4 1.3 0.8 0.6 2.6 2.8 16.7 .530 .564 .306 .755 .615 .550   F    SR
57                  Rob Dye  16.6 30 1999-00                  Bradley 30 28 35.4 5.2 13.6 3.2  7.9 2.0  5.8 4.1 4.9 0.7 2.7  3.4 2.8 2.0 0.1 2.6 2.1 16.6 .384 .407 .353 .831 .520 .458   G    SR
58           Anthony Parker  16.6 21 1996-97                  Bradley 21 20 34.0 5.2 12.2 3.8  7.5 1.4  4.8 4.8         6.7  5.3 3.4 1.8 0.5 2.7 1.7 16.6 .424 .510 .290 .721 .538 .481   G    SR
59             Ashraf Amaya  16.5 33 1992-93        Southern Illinois 33 33 33.8 6.0 11.5 5.8 10.7 0.2  0.8 4.3         6.2 10.7 0.7 1.1 1.4 1.6 3.1 16.5 .524 .543 .269 .689 .573 .533   F    SR
60             Clint Cuffle  16.5 28 2002-03               Evansville 28 28 34.8 5.8 11.5 3.4  6.1 2.4  5.4 2.5 3.0 1.0 3.8  4.8 2.0 0.8 0.2 1.7 1.8 16.5 .506 .565 .441 .831 .639 .610   G    JR
61            Darren Brooks  16.5 30 2003-04        Southern Illinois 30 30 31.8 6.6 14.0 5.4 10.2 1.3  3.7 2.0 3.4 2.7 3.0  5.7 2.7 2.0 0.7 2.3 2.1 16.5 .475 .524 .339 .578 .529 .520   G    JR
62          Chris Hollender  16.5 30 1997-98               Evansville 30 30 33.6 5.9 10.7 5.6  9.9 0.3  0.8 4.4         5.2  7.4 2.7 1.4 0.5 3.1 2.6 16.5 .548 .560 .391 .853 .625 .562   F    SR
63              Danny Moore  16.5 33 1998-99 Southwest Missouri State 33 33 32.0 5.9 12.1 5.8 11.8 0.1  0.3 4.6         6.1  6.1 0.5 0.5 2.5 2.1 2.6 16.5 .485 .486 .444 .748 .547 .490   C    SR
64          Sean Stackhouse  16.4 23 1998-99            Northern Iowa 23 18 29.7 5.8 13.3 3.0  5.7 2.7  7.6 2.1         2.8  3.0 1.7 1.3 0.1     2.5 16.4 .435 .530 .362 .766 .562 .538   G    JR
65              Darryl Reid  16.3 34 1990-91 Southwest Missouri State         34 5.3 13.3 4.2  9.6 1.1  3.7 4.6         6.5  3.8 3.8 1.1         0.5 16.3 .400 .439 .302 .698 .498 .442   G    SR
66              Ian Hanavan  16.3 28 2002-03               Evansville 28 28 30.6 5.4  9.9 4.9  8.4 0.5  1.4 5.0 6.3 2.1 5.1  7.3 2.6 1.1 0.4 3.1 3.1 16.3 .547 .576 .375 .800 .636 .574   F    SR
67               Craig Snow  16.3 28 1999-00               Evansville 28 27 27.8 5.8 13.1 3.9  8.6 1.9  4.5 2.9 3.5 1.1 4.9  6.0 1.9 0.7 0.5 2.1 2.5 16.3 .440 .456 .409 .808 .549 .511   F    JR
68        Robbie Sieverding  16.3 29 1999-00            Northern Iowa 29 29 38.6 4.6 11.6 2.8  6.4 1.8  5.2 5.3 6.3 0.8 3.5  4.3 3.4 1.3     0.3 2.0 16.3 .395 .435 .344 .842 .557 .472   G    JR
69          Lynnrick Rogers  16.3 26 1995-96                    Drake 26 25 31.0 5.9 14.5 4.7 10.9 1.2  3.6 3.3         4.2  3.5 1.9 1.8 0.0 1.9 2.2 16.3 .405 .433 .319 .791 .492 .444   G    JR
70                Sam Roark  16.1 31 1989-90                    Drake 31 29 33.7 6.6 11.6 6.5 11.4 0.1  0.2 2.8         4.8  9.3 3.7 1.6 0.8 3.8 3.3 16.1 .568 .569 .500 .595 .581 .572   F    SR
71          Phillip Gilbert  16.0 21 2003-04                  Bradley 21 20 32.0 5.4 13.0 3.4  7.5 2.0  5.5 3.1 3.8 1.3 2.0  3.4 1.7 0.8 0.1 1.9 1.9 16.0 .418 .449 .374 .835 .543 .496   G    SR
72               Jeff Allen  16.0 27 1993-94                    Drake 27 27 32.1 4.7 11.0 2.2  4.4 2.5  6.6 4.0         5.3  5.0 2.0 1.7 0.2 2.4 3.4 16.0 .431 .508 .380 .761 .593 .545   F    SR
73             Bj Windhorst  15.9 26 1995-96                    Drake 26 26 29.7 5.1 11.8 2.4  4.8 2.7  7.0 3.0         4.2  3.4 1.2 2.1 0.3 1.7 3.2 15.9 .435 .496 .392 .700 .578 .551   F    SR
74                Matt Renn  15.8 33 2000-01            Indiana State 33 33 34.6 5.4 10.3 4.7  8.8 0.7  1.5 4.3 6.3 2.2 5.3  7.5 3.2 1.8 0.2 2.9 2.8 15.8 .526 .540 .451 .683 .596 .560   F    SR
75          Paul Guffrovich  15.8 31 1990-91            Wichita State 31 31 36.7 6.5 13.8 5.5 11.3 1.1  2.5 1.7         2.1  2.5 2.5 1.4 0.1 1.9 2.0 15.8 .471 .483 .418 .844 .534 .509   G    SR
76            Rashad Tucker  15.8 28 1997-98        Southern Illinois 28 28 33.7 5.8 14.1 5.2 11.9 0.6  2.3 3.8         5.1  7.8 3.5 1.6 0.2 4.5 2.4 15.8 .408 .437 .254 .734 .478 .428   F    SR
77            Kent Williams  15.8 36 2001-02        Southern Illinois 36 36 31.4 5.1 11.8 3.2  6.8 1.9  5.1 3.7 4.9 0.4 2.1  2.6 3.0 0.9 0.2 1.5 2.1 15.8 .432 .475 .374 .742 .556 .512   G    JR
78              Danny Moore  15.7 32 1997-98 Southwest Missouri State 32 29 27.8 5.2  9.7 5.2  9.6 0.0  0.1 5.4         6.5  6.0 0.6 0.4 1.0 2.3 3.0 15.7 .531 .536 .000 .836 .614 .531   C    JR
79                Nate King  15.7 27 1993-94                Creighton 27 26 32.8 6.7 13.5 6.7 13.5 0.0  0.0 2.4         5.2  9.0 1.7 1.1 1.0 2.7 3.4 15.7 .493      .493 .457 .491 .493   F    JR
80            Marcus Wilson  15.7 31 1996-97               Evansville 31 26 34.2 5.4 12.5 3.3  7.0 2.0  5.5 2.9         3.3  2.9 1.4 1.0 0.2 2.2 2.1 15.7 .428 .472 .371 .901 .557 .509   G    SO
81        Robbie Sieverding  15.6 27 1998-99            Northern Iowa 27 25 34.2 4.7 11.4 2.2  5.8 2.5  5.6 3.6         4.6  3.0 2.7 1.1         0.2 15.6 .416 .385 .447 .790 .575 .526   G    SO
82    Marcellus Sommerville  15.6 31 2003-04                  Bradley 31 30 32.6 5.2 12.9 3.6  8.1 1.6  4.7 3.5 4.6 1.7 5.6  7.3 1.0 0.8 0.5 2.9 3.3 15.6 .406 .440 .347 .757 .518 .470   F    SO
83            Clayton Allen  15.6 26 1993-94                    Drake 26 26 31.7 5.5 12.6 4.2  8.9 1.2  3.7 3.4         4.7  3.0 3.1 2.0 0.1 2.7 2.7 15.6 .433 .474 .333 .736 .525 .482   G    SR
84          Lynnrick Rogers  15.6 27 1996-97                    Drake 27 26 33.5 6.1 14.7 4.4  9.4 1.7  5.2 1.5         2.1  3.0 2.6 2.0 0.1 2.5 2.3 15.6 .419 .467 .333 .732 .497 .479   G    SR
85            Tarise Bryson  15.5 30 1998-99           Illinois State 30 26 32.2 4.7 11.1 2.4  5.7 2.3  5.4 3.8         4.7  4.2 2.8 1.2 0.3 2.5 1.9 15.5 .423 .427 .420 .821 .582 .526   G    FR
86               Kevin Sams  15.5 24 1991-92                    Drake 24 18 33.5 5.8 11.3 5.5 10.4 0.3  0.9 3.5         4.5  5.8 0.8 1.2 0.4 2.8 2.9 15.5 .513 .524 .381 .780 .575 .528   C    SR
87           Sterling Mahan  15.4 34 1989-90        Southern Illinois 34 34 34.6 5.3 11.2 3.9  7.8 1.4  3.4 3.6 5.0 0.9 1.9  2.9 4.2 1.7 0.1 2.4 3.1 15.4 .470 .502 .397 .712 .568 .530   G    JR
88        Adebayo Akinkunle  15.4 29 1997-98                  Bradley 29 29 33.3 5.0 10.7 5.0 10.6 0.0  0.1 5.4         7.3  8.2 2.0 1.0 1.9 3.3 3.2 15.4 .468 .472 .000 .739 .544 .468   C    SR
89                Tony Brus  15.4 27 1997-98            Northern Iowa 27 11 27.3 5.1 12.0 3.1  6.2 2.0  5.8 3.2         4.4  2.7 2.6 1.3 0.3 2.6 2.4 15.4 .425 .506 .338 .717 .543 .506   G    JR
90             Ashraf Amaya  15.3 32 1990-91        Southern Illinois 32 32 33.8 5.9  9.8 5.9  9.7 0.0  0.1 3.6         6.0  8.3 0.4 1.3 1.8 2.2 3.9 15.3 .599 .605 .000 .602 .607 .599   F    SO
91            Kent Williams  15.3 31 2002-03        Southern Illinois 31 31 31.9 4.9 10.9 2.6  5.9 2.3  5.0 3.2 4.2 0.3 1.5  1.7 3.1 1.0 0.2 1.2 2.6 15.3 .448 .435 .465 .767 .593 .555   G    SR
92          Mike VandeGarde  15.3 29 1992-93           Illinois State    29 27.9 5.9  9.9 5.7  9.5 0.2  0.4 3.3         4.8  5.0 2.4 1.4 0.8 2.4 3.2 15.3 .594 .594 .583 .683 .627 .606   F    JR
93             Bj Windhorst  15.3 27 1994-95                    Drake 27 26 28.9 4.4 12.4 1.4  4.2 3.0  8.3 3.5         4.3  3.7 1.0 2.0 0.4 1.3 2.9 15.3 .354 .345 .359 .810 .527 .473   F    JR
94              Trey Guidry  15.2 29 2003-04           Illinois State 29 11 28.7 4.9 11.3 1.9  4.8 3.0  6.4 2.5 2.9 0.4 2.7  3.2 1.0 0.9 0.1 2.1 2.6 15.2 .434 .400 .460 .867 .603 .566   G    JR
95            Reggie Wilson  15.2 26 1990-91           Illinois State         26 5.5  9.4 5.5  9.4 0.0  0.0 4.2         7.2  7.0 0.7 0.5         0.2 15.2 .590      .590 .574 .594 .590   C    JR
96           Rickey Jackson  15.2 30 1989-90           Illinois State    30 33.9 4.8 12.5 2.8  6.9 2.0  5.6 3.6         4.7  5.0 3.1 1.6         0.3 15.2 .383 .406 .355 .771 .515 .463   G    SR
97                Paul Lusk  15.2 30 1993-94        Southern Illinois 30 30 34.7 5.4 11.9 4.0  8.3 1.4  3.5 3.0         3.9  4.9 3.0 1.1 0.1 2.3 2.0 15.2 .455 .480 .396 .754 .552 .514   G    JR
98            Rashad Tucker  15.1 28 1996-97        Southern Illinois 28 23 31.5 6.0 11.7 5.9 10.8 0.1  0.9 3.0         4.5  8.7 3.0 1.3 0.2 4.5 3.2 15.1 .514 .541 .167 .654 .546 .520   F    JR
99              Kyle Korver  15.1 29 2001-02                Creighton 29 28 31.6 4.5  9.4 1.8  3.1 2.7  6.3 3.3 3.8 1.6 3.9  5.5 3.3 1.6 0.6 2.2 2.4 15.1 .478 .578 .429 .890 .672 .622   F    JR
100            Doug Swenson  15.1 21 1997-98                Creighton 21  0 26.6 5.5 10.3 5.0  8.9 0.5  1.4 3.7         5.0  5.9 1.2 0.6 2.7 2.2 5.0 15.1 .530 .561 .333 .740 .595 .553   C    JR
101        James Gillingham  15.1 30 2003-04                  Bradley 30 30 33.9 4.2  9.5 3.0  6.0 1.2  3.5 5.5 7.0 0.6 3.2  3.8 2.7 1.9 0.2 2.3 3.5 15.1 .444 .500 .346 .781 .589 .507   G    SR
102             Randy Burns  15.1 30 2002-03            Wichita State 30 28 30.5 4.8 11.2 2.8  5.8 2.0  5.4 3.5 4.4 1.1 3.3  4.4 2.7 0.9 0.0 2.9 1.8 15.1 .427 .477 .373 .797 .568 .516   G    SO
103            Jamie Arnold  15.0 22 1996-97            Wichita State 22 17 27.7 5.5 10.3 4.5  7.5 1.0  2.8 3.1         4.5  9.1 1.4 0.9 0.9 3.2 3.0 15.0 .531 .598 .355 .690 .605 .580   F    SR
104            Gary Collier  15.0 29 1992-93                    Tulsa    29 32.3 5.8 10.9 4.4  7.8 1.4  3.1 1.9         2.8  5.7 1.4 0.8 0.0 1.4 2.8 15.0 .535 .562 .467 .679 .614 .601   F    JR
105        James Gillingham  15.0 30 2002-03                  Bradley 30 30 32.7 4.2  9.9 3.1  6.4 1.2  3.5 5.4 6.3 0.6 3.5  4.1 3.3 2.0 0.1 2.2 3.4 15.0 .426 .479 .330 .847 .580 .485   G    JR
106              Mark Morse  15.0 30 1991-92                    Tulsa 30 29 32.4 5.4 13.1 3.6  8.0 1.8  5.1 2.5         3.5  3.5 5.1 2.2 0.0 2.8 2.5 15.0 .409 .450 .344 .712 .506 .476   G    JR
107          Terrance McGee  14.9 29 2002-03 Southwest Missouri State 29 29 34.8 4.7 12.2 3.2  7.7 1.4  4.5 4.2 5.6 0.6 2.9  3.5 4.2 1.6 0.0 3.3 2.6 14.9 .381 .417 .321 .742 .502 .441   G    SR
108         Maurice Trotter  14.9 34 1995-96           Illinois State 34 32 31.6 5.0 12.3 3.1  6.8 1.9  5.5 3.1         4.0  3.8 1.6 0.6 0.1 2.4 2.6 14.9 .404 .453 .344 .778 .526 .481   G    SR
109           Adrian Thomas  14.9 11 1992-93                    Drake    11 26.7 5.2  9.3 5.2  9.3 0.0  0.0 4.5         5.5  5.1 1.7 1.0 0.8 2.3 4.0 14.9 .559      .559 .833 .628 .559   C    SR
110              Kevin Ault  14.8 32 1997-98 Southwest Missouri State    32 31.8 4.4 10.5 1.6  3.9 2.8  6.6 3.1         3.4  3.7 2.0 1.6     0.1 1.6 14.8 .423 .411 .429 .900 .610 .558   G    SO
111         Ben Kandlbinder  14.8 28 1995-96 Southwest Missouri State    28 29.8 4.8  9.9 3.4  6.1 1.4  3.8 3.7         4.4  5.7 2.2 0.9         0.1 14.8 .486 .552 .377 .831 .613 .558   F    SO
112             Jason Daisy  14.7 28 1994-95            Northern Iowa 28 24 31.5 5.2 11.3 4.1  8.2 1.0  3.1 3.3         4.8  3.7 1.6 1.5 0.1 2.9 2.6 14.7 .459 .507 .333 .689 .542 .505   G    SO
113           Luke McDonald  14.7 28 2000-01                    Drake 28 22 32.4 5.1 10.5 2.0  3.8 3.1  6.7 1.4 1.7 0.3 2.5  2.8 1.0 0.8 0.0 1.0 1.0 14.7 .486 .533 .460 .851 .651 .633   G    FR
114          Marcus Timmons  14.7 30 1993-94        Southern Illinois 30 30 33.9 5.9  9.9 5.9  9.7 0.0  0.2 2.8         4.9  9.8 3.2 1.7 1.1 3.3 3.1 14.7 .597 .608 .143 .571 .599 .599   F    JR
115              Eddie Bird  14.6 28 1989-90            Indiana State 28 28 25.8 4.8 11.3 3.0  7.3 1.8  3.9 3.4         4.3  3.5 1.6 0.6 0.0 2.7 2.5 14.6 .422 .410 .445 .798 .552 .500   F    JR
116            L.D. Swanson  14.6 27 1994-95            Wichita State 27 27 38.4 5.0 12.2 3.9  8.9 1.1  3.3 3.4         5.5  4.0 5.4 1.3 0.3 3.8 3.0 14.6 .412 .442 .333 .624 .493 .458   G    SR
117             Kyle Korver  14.6 32 2000-01                Creighton 32 32 29.4 4.6  9.8 1.5  2.9 3.1  6.9 2.3 2.6 1.5 4.3  5.8 2.0 1.8 0.4 1.8 2.6 14.6 .470 .511 .452 .867 .660 .629   F    SO
118             Kelyn Block  14.6 34 2000-01            Indiana State 34 34 33.0 5.3 10.0 4.5  7.9 0.7  2.1 3.3 4.6 0.7 3.2  3.9 2.5 1.0 0.3 2.0 2.0 14.6 .526 .575 .347 .729 .600 .563   G    JR
119              Craig Snow  14.6 30 2000-01               Evansville 30 25 27.7 5.1 10.8 3.1  5.8 2.0  4.9 2.4 3.4 0.7 3.9  4.6 1.7 0.6 0.3 2.1 2.1 14.6 .474 .537 .399 .713 .589 .565   F    SR
120           Rodney Buford  14.5 29 1995-96                Creighton 29 11 25.9 5.4 11.8 3.9  7.7 1.6  4.1 2.0         2.8  4.2 1.4 1.7 0.8 1.7 1.7 14.5 .462 .500 .390 .728 .553 .529   F    FR
121        Jermaine Dearman  14.5 31 2002-03        Southern Illinois 31 31 28.5 5.7 10.7 5.7 10.7 0.0  0.0 3.2 4.9 2.0 4.4  6.4 1.3 0.8 0.6 2.6 2.6 14.5 .532      .532 .641 .557 .532   F    SR
122             Jerry Jones  14.5 33 1989-90        Southern Illinois 33 33 32.0 5.9 11.8 5.9 11.8 0.0  0.0 2.6 4.5 4.6 5.8 10.3 0.7 0.8 1.1 2.4 3.2 14.5 .503      .503 .592 .521 .503   F    SR
123           Monte Jenkins  14.5 27 1998-99        Southern Illinois 27 26 33.7 4.9 11.3 2.7  5.5 2.2  5.9 2.5         3.6  5.4 2.4 1.0 0.2 3.3 2.5 14.5 .431 .486 .380 .698 .556 .529   F    SR
124               J.J. Sola  14.4 30 2002-03                    Drake 30 26 28.0 5.0  9.5 4.8  8.7 0.2  0.7 4.2 5.3 1.4 3.8  5.2 2.4 0.6 0.2 2.6 3.3 14.4 .528 .550 .273 .794 .601 .539   F    SR
125           Dontaie Smith  14.4 13 2000-01                    Drake 13 12 31.5 4.6  9.3 2.0  3.7 2.6  5.6 2.5 2.8 0.5 2.2  2.6 1.9 1.2 0.0 1.4 1.7 14.4 .496 .542 .466 .917 .677 .636   G    JR
126         Scott Brakebill  14.4 28 2001-02 Southwest Missouri State 28 23 27.6 5.0 10.1 4.5  8.8 0.5  1.3 3.9 4.7 2.1 3.6  5.7 1.2 0.8 1.0 1.8 2.9 14.4 .489 .506 .378 .833 .580 .514   F    SR
127            Deon Jackson  14.3 31 1993-94                  Bradley 31 25 26.6 5.6 11.8 5.2 10.2 0.5  1.5 2.6         3.9  5.1 1.3 1.3 0.5 2.3 2.1 14.3 .477 .505 .292 .672 .525 .496   F    SO
128           Shane Hawkins  14.2 30 1997-98        Southern Illinois 30 30 32.5 4.4 11.6 1.2  3.3 3.2  8.3 2.2         2.9  2.5 3.5 1.0 0.1 2.4 2.1 14.2 .382 .378 .384 .739 .548 .520   G    SR
129          Anthony Parker  14.2 30 1994-95                  Bradley 30 30 34.0 4.4 10.3 2.8  6.0 1.5  4.3 3.9         5.2  6.6 3.3 1.3 0.6 2.3 2.1 14.2 .425 .472 .359 .761 .558 .500   G    SO
130          Terrance McGee  14.2 32 2001-02 Southwest Missouri State 32 32 31.2 4.8 11.1 3.2  7.2 1.6  3.9 3.0 4.0 0.3 2.3  2.7 3.2 1.3 0.0 3.2 3.1 14.2 .432 .439 .419 .750 .547 .506   G    JR
131            Jamar Howard  14.2 30 2002-03            Wichita State 30 30 27.7 4.7  9.3 4.1  8.0 0.6  1.3 4.2 6.1 2.3 3.6  5.8 2.1 1.4 0.5 2.9 3.6 14.2 .505 .515 .450 .687 .581 .538   F    SO
132              Chris Carr  14.1 30 1993-94        Southern Illinois 30 30 31.5 5.2 10.0 4.4  7.6 0.8  2.5 2.9         3.6  6.6 1.8 1.1 1.0 2.0 2.9 14.1 .518 .581 .324 .807 .601 .558   F    SO
133         Phillip Gilbert  14.1 29 2001-02                  Bradley 29 24 34.0 4.8 12.4 2.9  6.5 1.9  5.9 2.5 3.2 0.8 2.7  3.5 1.7 1.0 0.2 1.9 2.0 14.1 .389 .447 .326 .766 .504 .467   G    SO
134             Jeff Malham  14.0 29 1992-93                    Tulsa    29 32.8 4.9 10.9 3.4  7.0 1.4  3.9 2.9         3.4  5.8 2.3 1.9 0.3 3.1 3.3 14.0 .445 .490 .363 .847 .558 .509   F    SR
135               Jim Cruse  14.0 28 1996-97            Indiana State 28 28 34.3 5.3  9.8 5.1  9.6 0.1  0.2 3.4         5.2 10.6 0.8 1.3 0.3 2.2 3.0 14.0 .538 .537 .600 .655 .573 .544   F    SR
136            Ben Jacobson  14.0 31 2003-04            Northern Iowa 31 31 34.0 4.9 11.6 3.3  7.4 1.6  4.2 2.5 3.2 0.4 3.6  4.0 2.4 1.1 0.2 2.0 1.6 14.0 .425 .443 .392 .768 .532 .496   G    SO
137             Dee Murdock  14.0 22 1998-99           Illinois State 22 13 28.6 5.6 10.0 5.1  8.8 0.5  1.2 2.2         3.1  6.1 1.5 1.0 0.3 2.1 2.0 14.0 .561 .582 .407 .706 .606 .586   F    JR
138            Luke Jackson  13.9 31 1989-90                  Bradley 31 31 35.1 5.9 12.3 5.8 12.2 0.0  0.1 2.1         3.4  8.7 3.0 0.8 0.6 3.2 3.4 13.9 .478 .478 .500 .623 .500 .479   C    SR
139           Ryan Thornton  13.9 24 1990-91 Southwest Missouri State         24 4.8  8.1 4.8  8.1 0.0  0.0 4.2         6.2  6.8 0.5 1.2         0.2 13.9 .595      .595 .682 .628 .595   F    SR
140          Greg Danielson  13.9 30 2002-03                    Drake 30 30 32.9 5.8 10.5 5.7 10.2 0.0  0.3 2.3 3.5 2.3 6.6  8.9 1.6 0.4 0.6 2.3 3.0 13.9 .549 .564 .100 .651 .569 .551   C    SR
141          Reggie Shields  13.9 28 1990-91                    Tulsa 28 25 28.1 4.2 11.5 2.4  6.0 1.8  5.5 3.6         4.8  3.1 5.5 1.5 0.3 3.1 3.2 13.9 .365 .399 .329 .759 .502 .444   G    SR
142              Nate Green  13.8 32 1999-00            Indiana State 32 31 32.8 4.6 10.3 4.3  8.8 0.3  1.6 4.3 5.5 0.3 4.8  5.1 4.4 2.9 0.9 2.8 2.1 13.8 .448 .496 .180 .784 .536 .462   G    SR
143            Clint Cuffle  13.8 29 2003-04               Evansville 29 29 32.2 4.9 10.8 2.8  5.3 2.0  5.5 2.1 2.4 0.9 5.3  6.2 1.4 0.5 0.3 1.7 2.1 13.8 .449 .529 .371 .870 .578 .543   G    SR
144           Rolan Roberts  13.8 36 2001-02        Southern Illinois 36 35 26.6 5.8  9.6 5.8  9.6 0.0  0.0 2.2 5.3 2.6 4.5  7.1 1.7 1.1 2.4 1.8 3.3 13.8 .604      .604 .416 .570 .604   C    SR
145            Reed Jackson  13.8 20 1994-95               Evansville 20 19 33.5 4.4  9.6 4.1  8.2 0.3  1.5 4.7         6.4  9.0 6.0 2.1 0.5 2.0 2.8 13.8 .458 .503 .207 .740 .547 .474   F    SR
146             Dale Turner  13.8 28 1991-92            Northern Iowa 28 23 29.9 4.4 10.3 3.1  6.3 1.3  3.9 3.7         4.3  2.9 3.4 1.4 0.3     2.7 13.8 .429 .492 .327 .874 .562 .491   G    SR
147            Jamar Howard  13.8 32 2003-04            Wichita State 32 30 25.8 4.3  7.7 3.9  6.5 0.4  1.3 4.8 6.1 2.4 3.4  5.8 2.2 1.4 1.0 2.6 3.7 13.8 .559 .604 .325 .784 .650 .585   F    JR
148          Marcus Timmons  13.8 32 1994-95        Southern Illinois 32 32 34.2 5.2 10.3 4.3  8.1 1.0  2.2 2.4         4.5  9.3 3.2 2.2 1.3 3.1 2.9 13.8 .506 .523 .443 .524 .553 .553   F    SR
149              Adam Seitz  13.8 30 1999-00               Evansville 30 30 30.8 4.7  9.2 4.3  8.1 0.4  1.0 3.9 5.2 1.5 2.8  4.3 2.2 1.5     0.2 2.5 13.8 .513 .525 .419 .752 .591 .536   G    SO
150               Duan Cole  13.8 32 1990-91                Creighton 32 31 33.1 4.5  9.6 2.6  5.4 2.0  4.2 2.7         3.4  2.3 4.0 1.4 0.3 2.3 2.9 13.8 .471 .471 .470 .806 .612 .573   G    JR
151          Rashaad Thomas  13.7 28 1996-97                    Drake 28 25 31.6 5.1 11.9 4.9 11.0 0.2  0.9 3.2         5.1  6.0 1.0 1.3 1.0 1.6 3.1 13.7 .432 .447 .250 .627 .478 .441   F    JR
152              David Moss  13.6 25 2003-04            Indiana State 25 25 34.3 4.6 11.2 3.5  8.0 1.2  3.3 3.2 4.0 0.8 3.7  4.6 3.5 1.6 0.6 2.3 2.2 13.6 .413 .437 .354 .792 .518 .464   G    SO
153       William Celestine  13.6 27 1993-94                    Drake 27 27 32.2 5.2 10.1 4.9  8.4 0.4  1.7 2.8         4.1  8.3 1.4 2.7 0.7 2.4 2.6 13.6 .516 .575 .222 .691 .566 .535   F    SR
154             Dee Murdock  13.6 16 1999-00           Illinois State 16 15 30.4 5.1  9.9 4.9  9.1 0.2  0.9 3.2 4.7 2.1 5.4  7.4 0.9 0.9 0.5 2.6 1.7 13.6 .516 .545 .214 .680 .560 .525   F    SR
155             Cam Johnson  13.6 26 1992-93            Northern Iowa    26 30.2 4.8 10.2 3.7  8.1 1.1  2.0 2.9         3.9  3.4 1.9 2.2 0.0 2.6 2.0 13.6 .473 .455 .547 .743 .567 .528   G    JR
156             Coleco Buie  13.6 33 1996-97 Southwest Missouri State 33 33 31.1 5.3 11.1 3.8  7.7 1.5  3.5 1.5         2.2  5.3 3.1 1.2 0.4 2.4 1.8 13.6 .480 .502 .430 .676 .560 .546   F    SR
157           Monte Jenkins  13.6 30 1997-98        Southern Illinois 30 30 32.2 5.3 12.0 3.5  7.0 1.8  5.0 1.3         1.8  4.6 2.6 1.3 0.4 2.5 3.0 13.6 .440 .498 .360 .691 .530 .515   F    JR
158              Andry Sola  13.6 28 2001-02                    Drake 28 23 31.8 4.7 10.4 2.7  5.6 2.0  4.8 2.2 3.0 1.5 3.7  5.2 1.8 0.9 0.2 2.0 2.4 13.6 .450 .481 .415 .729 .573 .546   F    JR
159             Jason Perez  13.5 31 1997-98            Wichita State 31 31 32.9 5.0 12.1 3.9  8.7 1.1  3.5 2.5         3.4  5.5 1.6 2.0 0.2 2.4 2.4 13.5 .412 .454 .308 .740 .494 .456   G    SO
160          James Hamilton  13.5 28 1991-92                  Bradley 28 25 32.1 5.1 11.1 4.8  9.9 0.4  1.2 3.0         4.5  7.3 1.3 1.0 0.9 3.4 3.0 13.5 .461 .480 .303 .664 .513 .477   F    SO
161         Mike VandeGarde  13.5 27 1993-94           Illinois State 27 18 27.1 5.1 11.0 4.6  9.3 0.5  1.7 2.7         4.2  5.4 2.9 1.2 1.2 2.8 3.2 13.5 .470 .498 .311 .640 .521 .493   F    SR
162            Jimmy Bolden  13.4 27 1992-93            Wichita State 27 27 32.2 4.6 10.7 3.1  7.1 1.5  3.6 2.7         4.1  3.3 2.6 1.5 0.1 3.7 2.0 13.4 .429 .435 .418 .667 .531 .500   G    SR
163          Michael Menser  13.4 34 2000-01            Indiana State 34 34 36.1 4.1 10.1 1.4  3.1 2.7  7.0 2.6 3.1 0.8 2.1  2.9 5.4 1.8 0.1 1.4 2.0 13.4 .400 .434 .385 .832 .577 .533   G    SR
164           Marcus Wilson  13.4 25 1995-96               Evansville 25 15 28.2 4.4  9.8 2.9  5.7 1.6  4.1 3.0         3.4  2.5 2.6 0.7 0.1 2.2 2.0 13.4 .453 .503 .382 .882 .589 .533   G    FR
165              Craig Snow  13.4 33 1998-99               Evansville 33 33 25.5 5.1 10.1 3.9  7.4 1.2  2.7 2.1         2.7  5.7 1.6 0.7 0.4     2.6 13.4 .502 .527 .433 .795 .591 .560   F    SO
166       Jerry Vanderheydt  13.4 29 1993-94                Creighton 29 29 33.1 4.5  9.8 4.3  9.2 0.2  0.6 4.1         5.3  7.4 1.3 0.9 0.7 2.8 3.4 13.4 .460 .463 .412 .778 .542 .472   F    SR
167           Aaron Zobrist  13.4 30 1996-97                  Bradley 30 27 34.4 3.9 10.0 0.9  2.8 3.0  7.2 2.6         2.8  3.4 1.6 1.2 0.2 1.7 2.0 13.4 .390 .325 .415 .906 .589 .540   G    SR
168            Gary Collier  13.4 30 1991-92                    Tulsa 30 30 30.7 5.0 10.7 3.7  7.4 1.3  3.3 2.1         2.6  5.6 0.8 0.8 0.2 1.3 2.7 13.4 .467 .507 .380 .797 .559 .526   F    SO
169               Mike Amos  13.3 26 1992-93                Creighton 26 26 32.5 4.8 10.5 4.8 10.3 0.0  0.2 3.7         5.3  7.5 2.0 0.7 0.7 4.0 2.9 13.3 .456 .461 .200 .696 .511 .458   C    SO
170           Kent Williams  13.3 33 1999-00        Southern Illinois 33 33 32.5 4.4 10.7 2.9  6.3 1.5  4.4 3.0 4.2 1.1 1.5  2.6 1.9 0.8 0.1 1.8 2.2 13.3 .415 .464 .345 .700 .526 .486   G    FR
171               Tony Brus  13.3 19 1998-99            Northern Iowa 19 17 33.9 4.8  9.1 4.4  8.1 0.4  1.1 3.3         4.6  3.3 2.3 1.4 0.1     2.4 13.3 .526 .542 .400 .716 .589 .549   G    SR
172          Jarrod Coleman  13.3 31 1989-90           Illinois State    31 28.1 5.2 10.1 5.2 10.1 0.0  0.0 2.9         4.4  6.4 0.3 0.4         0.2 13.3 .516      .516 .662 .547 .516   F    SR
173            David Gruber  13.3 28 2002-03            Northern Iowa 28 28 31.3 5.0  8.3 5.0  8.3 0.0  0.0 3.2 5.2 2.5 4.8  7.3 1.5 0.8 0.3 2.4 2.9 13.3 .610      .610 .616 .619 .610   C    JR
174            Rick Shipley  13.3 32 1990-91        Southern Illinois 32 32 35.9 4.6 10.3 4.3  8.9 0.3  1.4 3.8         5.4  9.0 2.6 1.0 0.3 3.0 2.5 13.3 .447 .479 .244 .694 .517 .464   F    SR
175           Luke McDonald  13.3 30 2002-03                    Drake 30 29 33.2 4.4 10.9 2.3  4.6 2.1  6.3 2.3 2.6 0.1 2.4  2.5 1.2 0.5 0.0 1.5 1.8 13.3 .408 .500 .340 .861 .547 .506   G    JR
176        Joe Breakenridge  13.3 28 2000-01            Northern Iowa 28 27 36.9 5.4  9.2 5.4  9.2 0.0  0.0 2.5 4.1 2.7 7.8 10.5 1.3 0.5 0.5 2.3 2.3 13.3 .581      .581 .617 .593 .581   F    SR
177              David Moss  13.2 31 2002-03            Indiana State 31 27 32.4 4.4 10.3 3.2  7.0 1.2  3.2 3.2 4.0 1.2 3.3  4.4 2.3 0.5 0.2 3.3 2.7 13.2 .428 .450 .380 .806 .544 .487   G    FR
178        Baboucarr Bojang  13.2 31 2001-02           Illinois State 31 29 31.3 5.1 10.9 5.1 10.9 0.0  0.0 3.0 4.1 2.4 5.2  7.6 0.9 1.0 0.3 2.4 2.7 13.2 .466      .466 .727 .512 .466   F    JR
179             Coleco Buie  13.1 28 1995-96 Southwest Missouri State    28 27.2 5.3 12.5 4.1  9.3 1.2  3.2 1.4         2.2  5.0 2.9 1.3         0.1 13.1 .424 .438 .382 .613 .486 .473   F    JR
180            Chris Lowery  13.1 30 1991-92        Southern Illinois 30 30 36.1 4.6 10.1 3.6  6.9 1.0  3.2 2.9         4.1  2.4 3.9 1.7 0.2 3.0 2.6 13.1 .454 .527 .299 .721 .543 .502   G    SO
181        Terrance Flowers  13.1 27 1994-95            Wichita State 27 26 36.1 4.6 11.7 3.1  7.3 1.4  4.4 2.4         3.7  4.2 1.6 0.7 0.1 2.1 2.6 13.1 .391 .431 .325 .660 .484 .453   G    SO
182       Matt Schneiderman  13.0 28 2002-03            Northern Iowa 28 28 33.9 4.6  9.8 2.7  4.6 2.0  5.2 1.8 2.5 1.8 5.8  7.6 0.8 0.5 0.4 1.8 2.1 13.0 .473 .577 .379 .725 .593 .573   F    JR
183          Allen Phillips  13.0 34 1999-00 Southwest Missouri State 34 30 31.2 4.1 10.2 2.1  5.0 2.1  5.2 2.6 3.4 0.9 3.2  4.1 2.3 1.1 0.4 2.1 1.5 13.0 .406 .414 .399 .781 .551 .509   G    SR
184            Tad Ackerman  13.0 26 1994-95                Creighton 26 26 31.3 4.5 11.5 1.3  3.4 3.2  8.1 0.9         1.4  4.1 1.2 0.3 0.2 1.4 2.2 13.0 .388 .382 .390 .649 .534 .525   G    JR
185            Mike Wallace  13.0 32 2001-02 Southwest Missouri State 32 32 30.3 5.1  9.6 5.1  9.5 0.0  0.1 2.7 3.7 3.2 6.6  9.8 1.0 0.6 0.4 1.8 2.3 13.0 .532 .538 .000 .744 .571 .532   C    SR
186              Dan Muller  13.0 31 1997-98           Illinois State 31 31 34.5 4.7  9.5 3.0  5.2 1.7  4.3 1.8         2.5  5.3 2.5 1.3 0.4 1.6 2.5 13.0 .498 .578 .402 .722 .608 .589   F    SR
187           Aaron Zobrist  13.0 30 1994-95                  Bradley 30 11 28.6 4.4  9.4 1.7  3.6 2.7  5.8 1.5         1.8  3.0 1.7 1.3 0.3 1.3 2.4 13.0 .466 .477 .460 .849 .631 .608   G    SO
188             Steven Hart  12.9 27 1997-98            Indiana State 27 26 32.1 4.7 10.5 3.9  8.0 0.8  2.5 2.7         3.6  3.1 2.0 1.6 0.6 2.7 2.0 12.9 .447 .491 .309 .763 .529 .484   G    SR
189           Darren Brooks  12.9 31 2002-03        Southern Illinois 31 31 33.5 5.0 10.5 3.9  6.8 1.1  3.7 1.8 2.5 1.8 3.6  5.5 3.3 2.0 0.6 1.7 2.4 12.9 .475 .569 .304 .696 .550 .529   G    SO
190          Marcell Gordon  12.9 30 1989-90                    Tulsa 30 22 25.5 4.8  9.7 4.5  8.5 0.3  1.2 2.9         4.3  4.2 1.5 1.7 0.3 2.5 2.5 12.9 .498 .531 .257 .677 .549 .514   G    JR
191         Ben Kandlbinder  12.9 27 1997-98 Southwest Missouri State 27 25 27.7 4.7 10.0 3.6  6.8 1.1  3.2 2.4         3.3  5.5 1.2 1.2 0.2 1.5 2.4 12.9 .472 .530 .349 .727 .560 .528   F    SR
192              Eddie Bird  12.9 27 1990-91            Indiana State 27  6 22.2 4.3  8.8 2.9  5.5 1.3  3.3 3.0         3.5  3.3 1.3 0.3 0.3 2.0 2.6 12.9 .483 .534 .400 .872 .616 .559   F    SR
193            Cordell Love  12.8 30 1995-96                    Tulsa 30 18 24.6 4.2  9.9 1.8  3.1 2.4  6.8 2.1         2.8  3.6 1.4 1.7 0.4 1.8 2.0 12.8 .421 .587 .346 .771 .572 .540   G    SR
194              John Smith  12.8 23 1991-92            Wichita State 23 22 31.2 5.0 10.5 5.0 10.5 0.0  0.0 2.8         4.7  7.4 0.7 0.6 1.1 2.4 3.3 12.8 .477      .477 .596 .504 .477   C    FR
195          Terrell Benton  12.8 28 2000-01            Wichita State 28 26 31.0 4.1 10.5 1.7  3.9 2.4  6.6 2.3 3.0 0.7 2.3  3.0 1.9 0.9 0.2 1.9 2.0 12.8 .386 .436 .357 .774 .536 .498   G    JR
196           Shawn Jeppson  12.8 31 2001-02           Illinois State 31 23 29.4 4.5  9.6 2.6  5.2 1.8  4.5 2.0 2.3 0.4 1.7  2.1 1.8 1.2 0.3 2.1 2.5 12.8 .465 .513 .410 .873 .597 .560   G    SR
197            Deon Jackson  12.8 30 1994-95                  Bradley 30 21 26.1 4.8 10.1 4.7  9.7 0.1  0.4 3.0         4.3  4.8 1.3 0.8 0.4 2.1 2.9 12.8 .480 .488 .273 .703 .528 .485   F    JR
198            David Gruber  12.8 29 2001-02            Northern Iowa 29 29 31.2 5.0  8.1 5.0  8.1 0.0  0.0 2.8 4.3 2.4 4.8  7.2 1.0 0.8 0.3 2.1 3.2 12.8 .610      .610 .661 .627 .610   C    SO
199         Pooh Williamson  12.8 32 1994-95                    Tulsa 32 32 35.6 4.4 10.6 2.7  6.2 1.8  4.4 2.2         2.9  2.8 3.4 1.3 0.3 1.5 1.7 12.8 .415 .429 .394 .761 .532 .497   G    SR
200         Brian Carpenter  12.7 27 1995-96            Northern Iowa    27 30.5 4.1  9.7 2.5  5.4 1.6  4.3 2.9         3.7  3.3 3.4 2.0         0.1 12.7 .424 .459 .379 .778 .555 .508   G    SR
[/code]

Provided by [url=https://www.sports-reference.com/sharing.html?utm_source=direct&utm_medium=Share&utm_campaign=ShareTool]Stathead[/url]: [url=https://www.sports-reference.com/stathead/basketball/cbb/player-season-finder.cgi?utm_source=direct&utm_medium=Share&utm_campaign=ShareTool]Found with Stathead. See Full Results.[/url]
Generated 6/11/2026.