[code]                                                                                                                                                                                    
                                                                                                                                                                                Per 
Rk               Player PTS/G  G  Season            Team  G GS   MP  FG  FGA  2P  2PA  3P 3PA  FT  FTA ORB DRB  TRB AST STL BLK TOV  PF  PTS  FG%  2P%  3P%  FT%  TS% eFG% Pos Class
1         Ruben Douglas  28.0 28 2002-03      New Mexico 28 28 35.1 7.8 19.6 4.4 11.1 3.4 8.5 9.0 10.8 1.9 4.8  6.6 2.1 1.3 0.3 3.9 2.7 28.0 .397 .399 .395 .841 .566 .483   G    SR
2      Marcus Banks III  20.3 32 2002-03            UNLV 32 32 36.1 7.0 13.6 5.7  9.8 1.3 3.8 5.1  6.7 0.6 2.8  3.3 5.5 2.8 0.1 3.9 2.7 20.3 .514 .583 .336 .757 .606 .561   G    SR
3      Danny Granger Jr  19.5 22 2003-04      New Mexico 22 22 32.0 6.2 12.6 5.1  9.3 1.1 3.3 6.0  8.0 2.6 6.3  9.0 2.1 1.3 1.4 2.7 3.1 19.5 .491 .546 .333 .760 .596 .534   F    JR
4           Lamont Long  18.7 32 1999-00      New Mexico 32 31 34.5 6.3 14.7 4.6  9.9 1.8 4.8 4.2  5.2 1.2 4.0  5.2 2.3 1.9 0.0 2.3 1.8 18.7 .431 .461 .370 .808 .543 .492   G    SR
5       Kaspars Kambala  18.5 31 1999-00            UNLV 31 31 27.6 6.8 13.0 6.8 13.0 0.0 0.0 4.9  7.0 2.8 6.5  9.3 1.2 0.6 0.6 2.5 2.6 18.5 .527      .527 .699 .570 .527   C    JR
6         Rafael Araujo  18.4 30 2003-04   Brigham Young 30 30 29.8 7.0 12.3 6.8 11.3 0.3 1.0 4.1  5.6 2.9 7.2 10.1 1.2 1.4 0.8 2.9 3.1 18.4 .573 .601 .267 .722 .616 .584   C    SR
7         Ruben Douglas  18.1 30 2001-02      New Mexico 30 28 30.7 5.6 13.1 3.4  8.2 2.2 4.9 4.7  5.6 1.8 2.7  4.5 1.4 0.9 0.1 2.3 2.8 18.1 .429 .417 .449 .838 .575 .513   G    JR
8      Donta Richardson  18.1 32 2002-03         Wyoming 32 32 31.5 5.6 12.7 3.6  7.6 1.9 5.2 5.0  6.2 0.8 2.5  3.3 2.4 1.3 0.0 2.3 2.2 18.1 .437 .479 .376 .808 .577 .514   G    SR
9       Ceedric Goodwyn  17.8 30 1999-00  Colorado State 30 29 27.5 6.6 12.8 5.3  9.9 1.2 2.9 3.4  4.9 1.0 3.6  4.5 2.5 0.8 1.2 3.4 3.1 17.8 .513 .541 .420 .699 .588 .561   F    SR
10     Odartey Blankson  17.6 31 2003-04            UNLV 31 30 34.4 6.1 11.6 5.2  9.1 0.9 2.5 4.5  5.7 3.0 7.1 10.2 1.5 1.2 0.4 2.6 2.7 17.6 .525 .569 .364 .791 .615 .564   F    JR
11       Dalron Johnson  17.4 32 2001-02            UNLV 32 32 31.5 6.7 14.4 6.1 12.6 0.6 1.8 3.4  4.0 2.5 4.5  7.0 2.1 1.7 1.6 2.8 3.0 17.4 .466 .488 .322 .858 .535 .487   F    JR
12        Marcus Bailey  17.4 30 2000-01         Wyoming 30 30 31.9 5.5 11.7 4.6  8.8 0.9 2.9 5.4  6.4 2.0 2.2  4.1 3.2 1.2 0.3 1.8 3.4 17.4 .470 .517 .326 .853 .590 .510   F    SO
13         Jarvis Croff  17.3 28 1999-00       Air Force 28 27 31.0 5.8 14.4 2.8  6.4 3.0 8.0 2.8  3.8 1.6 2.5  4.2 1.0 1.7 0.4 1.8 2.1 17.3 .400 .438 .369 .729 .532 .502   F    JR
14        Mekeli Wesley  17.2 33 2000-01   Brigham Young 33 33 29.9 5.4 10.6 4.5  8.3 1.0 2.3 5.4  6.7 1.6 3.9  5.5 1.4 0.6 0.8 2.4 3.2 17.2 .513 .538 .421 .806 .626 .559   F    SR
15        Terrell Lyday  17.1 33 1999-00   Brigham Young 33 33 33.3 5.5 12.3 3.5  7.1 2.0 5.2 4.0  5.4 0.5 3.6  4.0 1.8 1.9 0.4 2.4 1.7 17.1 .452 .494 .394 .742 .577 .535   G    JR
16        Hanno Mottola  17.0 21 1999-00            Utah 21 19 27.6 5.5 11.1 4.5  8.2 1.0 2.9 5.0          6.0  4.8 1.7 0.2 0.6 3.0 3.2 17.0 .498 .549 .350 .827 .610 .543   F    SR
17              Al Faux  17.0 29 2001-02 San Diego State 29 26 31.7 5.9 12.6 3.6  7.0 2.3 5.6 3.0  4.4 0.8 2.8  3.6 1.8 1.4 0.3 2.1 2.1 17.0 .470 .517 .410 .677 .582 .560   G    SR
18          Matt Nelson  17.0 31 2002-03  Colorado State 31 15 27.2 6.6 10.3 6.6 10.3 0.0 0.0 3.8  5.5 1.8 3.9  5.6 1.2 0.3 1.4 1.9 2.1 17.0 .643      .643 .684 .658 .643   C    SO
19        Randy Holcomb  16.9 33 2001-02 San Diego State 33 32 32.3 6.7 12.9 6.3 11.7 0.4 1.2 3.2  5.1 2.7 6.3  9.0 1.7 0.7 1.0 3.5 2.5 16.9 .516 .539 .300 .635 .552 .531   F    SR
20      Kaspars Kambala  16.9 28 2000-01            UNLV 28 27 29.1 5.8 10.6 5.8 10.6 0.0 0.0 5.4  7.4 3.3 5.8  9.1 1.0 0.4 1.1 2.5 3.5 16.9 .542      .542 .729 .598 .542   C    SR
21        Mekeli Wesley  16.8 33 1999-00   Brigham Young 33 33 30.4 5.8 12.0 4.9  9.7 0.9 2.4 4.3  5.8 1.4 4.5  5.8 1.6 1.0 0.8 2.2 3.4 16.8 .484 .511 .372 .741 .569 .520   F    JR
22        Travis Hansen  16.8 32 2002-03   Brigham Young 32 32 32.0 5.3 12.0 4.2  8.7 1.1 3.3 5.1  6.4 1.7 3.1  4.8 2.4 0.9 0.6 2.6 3.0 16.8 .441 .480 .340 .799 .559 .488   G    SR
23        Nick Jacobson  16.5 33 2003-04            Utah 33 33 35.4 5.5 12.7 2.5  5.8 3.0 6.9 2.5  3.0 0.4 1.8  2.2 1.3 0.7 0.3 1.7 1.8 16.5 .435 .435 .436 .837 .587 .554   G    SR
24           Tony Bland  16.4 30 2002-03 San Diego State 30 30 34.7 6.0 13.1 5.3 10.7 0.7 2.4 3.8  5.7 0.9 2.5  3.5 3.4 1.1 0.3 2.2 1.2 16.4 .459 .500 .278 .661 .521 .485   G    SR
25        Terrell Lyday  16.4 33 2000-01   Brigham Young 33 33 32.8 4.8 12.0 3.0  7.4 1.8 4.6 4.9  6.0 0.6 2.2  2.8 2.0 1.1 0.4 2.3 2.5 16.4 .403 .406 .397 .822 .553 .478   G    SR
26        Ruben Douglas  16.3 28 2000-01      New Mexico 28 25 31.2 5.4 12.4 3.3  7.3 2.1 5.1 3.4  4.3 1.2 4.6  5.8 1.3 0.9 0.3 1.8 2.7 16.3 .434 .454 .406 .792 .562 .517   G    SO
27         Brian Greene  16.2 30 2001-02  Colorado State 30 29 31.4 6.2 12.2 6.2 12.0 0.0 0.3 3.7  5.0 2.4 5.1  7.5 2.6 1.7 0.4 3.3 3.1 16.2 .510 .518 .125 .728 .553 .511   F    JR
28       Aerick Sanders  16.1 30 2003-04 San Diego State 30 30 34.2 6.7 12.0 6.7 12.0 0.0 0.0 2.7  3.9 4.7 5.1  9.8 1.0 1.1 1.2 1.6 3.1 16.1 .554 .556 .000 .707 .579 .554   F    SR
29        Randy Holcomb  15.9 28 2000-01 San Diego State 28 28 30.8 5.8 13.9 5.1 11.5 0.7 2.3 3.5  5.2 1.9 4.7  6.6 1.4 0.9 0.7 3.3 2.6 15.9 .420 .446 .292 .683 .486 .445   F    JR
30     Marcus Banks III  15.8 31 2001-02            UNLV 31 31 32.5 5.1 10.8 4.3  8.4 0.8 2.4 4.8  6.9 1.0 2.4  3.3 3.0 2.2 0.2 3.2 3.1 15.8 .470 .513 .320 .704 .560 .506   G    JR
31           Tony Bland  15.7 33 2001-02 San Diego State 33 32 34.5 5.6 12.6 4.7 10.2 0.9 2.5 3.6  5.1 1.0 3.0  4.0 3.4 1.0 0.3 2.9 1.6 15.7 .445 .466 .358 .710 .523 .480   G    JR
32         Jay Straight  15.7 27 2003-04         Wyoming 27 23 31.2 5.1 12.1 3.3  6.7 1.8 5.4 3.7  4.8 0.9 2.5  3.4 3.8 1.4 0.0 3.4 2.1 15.7 .421 .492 .333 .762 .544 .495   G    JR
33        Travis Hansen  15.6 30 2001-02   Brigham Young 30 30 31.1 4.9 11.3 3.8  8.6 1.2 2.8 4.6  6.1 1.4 4.8  6.2 1.5 0.6 0.4 2.3 3.2 15.6 .435 .440 .422 .758 .550 .487   G    JR
34            Lou Kelly  15.6 32 2001-02            UNLV 32 19 27.7 4.8 11.4 3.0  6.5 1.8 4.9 4.3  5.3 1.0 3.2  4.2 2.8 0.9 0.8 2.3 2.4 15.6 .419 .462 .363 .805 .560 .497   G    SR
35          Matt Nelson  15.6 24 2003-04  Colorado State 24 14 25.8 5.5  9.4 5.5  9.4 0.0 0.0 4.5  5.5 1.5 4.2  5.7 1.3 0.5 1.6 2.0 2.3 15.6 .591      .591 .818 .650 .591   C    JR
36       Dalron Johnson  15.5 32 2002-03            UNLV 32 32 33.8 5.3 11.7 4.3  9.3 1.0 2.3 3.8  4.4 2.0 4.3  6.3 2.2 0.9 1.3 2.7 2.9 15.5 .457 .465 .427 .871 .563 .500   F    SR
37         Trevor Diggs  15.1 31 1999-00            UNLV 31 29 33.3 5.1 14.5 2.8  7.5 2.3 7.0 2.6  3.5 0.5 1.1  1.6 3.2 1.7 0.1 3.3 1.8 15.1 .350 .369 .330 .743 .466 .430   G    JR
38         Mark Bigelow  14.9 30 2001-02   Brigham Young 30 30 31.8 4.6 10.6 2.4  5.4 2.2 5.1 3.5  4.4 0.5 2.3  2.7 1.5 0.7 0.4 2.1 2.2 14.9 .435 .448 .422 .803 .589 .538   F    SO
39           Tim Keller  14.8 28 2002-03       Air Force 28 28 34.5 4.5  9.6 1.8  3.4 2.8 6.2 2.9  3.5 0.1 2.5  2.6 2.3 1.5 0.2 1.8 2.3 14.8 .472 .510 .451 .835 .655 .617   G    SO
40        Marcus Bailey  14.6 31 2001-02         Wyoming 31 29 32.7 5.3 10.8 4.6  8.9 0.7 2.0 3.3  4.6 1.7 2.4  4.2 2.4 1.4 0.2 2.3 2.6 14.6 .491 .520 .361 .706 .561 .524   F    JR
41           Myron Epps  14.4 28 1999-00 San Diego State 28 25 33.3 5.3 10.4 5.3 10.3 0.1 0.1 3.7  6.1 2.5 3.4  5.9 0.6 0.4     0.3 2.9 14.4 .512 .512 .500 .605 .542 .515   F    SO
42         Mike Mackell  14.4 30 2002-03 San Diego State 30 29 29.2 5.4  9.9 5.4  9.9 0.0 0.0 3.6  5.5 2.4 2.2  4.6 0.7 0.5 0.2 3.0 2.9 14.4 .545      .545 .659 .576 .545   C    SR
43           Josh Davis  14.3 31 1999-00         Wyoming 31 30 27.2 5.6 11.3 4.8  9.5 0.8 1.8 2.2  3.4 2.8 5.9  8.7 1.3 1.4 1.6 1.3 3.2 14.3 .499 .507 .455 .644 .552 .534   F    SO
44           Romel Beck  14.2 31 2003-04            UNLV 31 30 30.8 4.9 10.1 3.1  5.3 1.8 4.8 2.6  3.3 0.4 1.6  2.0 0.9 0.6 0.4 1.9 1.8 14.2 .487 .579 .385 .777 .611 .579   F    JR
45        Trent Whiting  14.2 26 2000-01   Brigham Young 26 25 35.0 4.7 11.0 2.6  5.5 2.1 5.4 2.6  3.2 0.5 2.7  3.2 2.3 1.4 0.4 1.9 2.5 14.2 .432 .472 .390 .819 .569 .528   G    SR
46    Uche Nsonwu-Amadi  14.2 27 2002-03         Wyoming 27 27 32.5 5.4 10.2 5.4 10.2 0.0 0.0 3.4  5.4 2.0 7.6  9.6 1.3 0.6 1.1 1.9 2.4 14.2 .527      .527 .641 .557 .527   C    SR
47         Trevor Diggs  14.1 29 2000-01            UNLV 29 26 31.2 4.7 11.6 2.7  5.8 2.0 5.8 2.8  3.7 0.6 1.2  1.8 3.2 1.5 0.1 2.8 2.5 14.1 .403 .458 .347 .757 .530 .490   G    SR
48          Matt Nelson  14.0 22 2001-02  Colorado State 22 19 26.0 4.7  7.6 4.7  7.6 0.0 0.0 4.7  6.2 1.5 3.5  5.0 0.7 0.2 1.9 1.9 2.1 14.0 .613      .613 .757 .664 .613   C    FR
49         Mark Bigelow  13.9 32 2002-03   Brigham Young 32 31 32.0 4.5 10.4 2.6  5.7 2.0 4.7 2.9  3.5 0.9 2.8  3.7 2.3 1.0 0.4 1.8 2.3 13.9 .437 .453 .417 .830 .579 .532   F    JR
50         Brian Greene  13.9 33 2002-03  Colorado State 33 30 29.2 5.2 10.4 5.0  9.8 0.2 0.5 3.2  3.9 2.0 4.2  6.2 2.3 1.2 0.2 2.1 2.9 13.9 .504 .508 .444 .814 .568 .516   F    SR
51       Ledarion Jones  13.8 31 1999-00         Wyoming 31 31 28.4 5.5 12.1 5.1 11.0 0.4 1.1 2.3  3.2 2.0 3.4  5.3 1.0 0.7 0.1 1.6 2.2 13.8 .459 .468 .371 .710 .507 .476   F    SR
52        Brandon Heath  13.8 30 2003-04 San Diego State 30 26 29.9 4.8 12.3 3.2  6.9 1.6 5.3 2.6  3.7 0.8 1.9  2.7 1.8 1.4 0.0 2.2 1.9 13.8 .391 .462 .300 .700 .491 .457   G    FR
53         Tyron Wright  13.8 28 1999-00       Air Force 28 28 34.8 4.5 12.2 4.2  9.6 0.4 2.5 4.3  6.6 2.2 2.3  4.5 2.2 1.9 0.1 2.5 2.5 13.8 .372 .433 .141 .654 .449 .387   G    SR
54           Josh Davis  13.5 30 2000-01         Wyoming 30 30 28.4 5.0 10.3 4.5  7.7 0.5 2.6 2.9  4.0 2.9 6.5  9.4 1.8 1.1 1.8 1.8 2.9 13.5 .485 .583 .203 .733 .552 .511   F    JR
55         Mark Bigelow  13.4 30 2003-04   Brigham Young 30 30 31.9 4.3 10.0 2.9  5.3 1.4 4.7 3.5  4.3 0.9 2.9  3.8 2.8 0.8 0.4 1.7 2.2 13.4 .430 .553 .291 .806 .558 .498   F    SR
56        Nick Jacobson  13.3 33 2002-03            Utah 33 33 33.5 4.3 10.0 1.8  4.3 2.4 5.7 2.3  2.8 0.5 2.2  2.8 0.9 0.5 0.1 1.1 2.0 13.3 .427 .433 .423 .835 .587 .548   G    JR
57        Chris Burgess  13.2 11 2001-02            Utah 11 11 25.5 5.6  8.5 5.6  8.5 0.0 0.0 1.9  3.4 2.7 4.5  7.2 0.5 0.5 1.2 1.8 1.9 13.2 .660      .660 .568 .650 .660   F    SR
58          Alex Jensen  13.1 32 1999-00            Utah 32 32 32.3 4.4  8.1 2.8  4.6 1.6 3.5 2.7          3.8  7.5 3.1 0.9 0.3 1.9 2.7 13.1 .542 .605 .460 .702 .660 .642   F    SR
59         Jarvis Croff  13.0 29 2000-01       Air Force 29 29 33.1 3.8  9.1 1.5  3.1 2.3 6.0 3.2  4.4 1.0 2.6  3.7 1.5 1.3 0.6 1.6 2.8 13.0 .417 .484 .382 .724 .583 .542   F    SR
60       Anthony Blakes  13.0 31 1999-00         Wyoming 31 31 31.1 4.7 10.6 3.3  6.6 1.4 3.9 2.1  3.2 1.8 4.2  6.0 3.5 1.6 0.4 1.7 1.4 13.0 .448 .500 .361 .663 .538 .515   G    SR
61        Nick Jacobson  13.0 30 2001-02            Utah 30 30 33.3 4.4 10.1 2.1  4.8 2.4 5.3 1.8  2.4 0.3 1.7  2.0 1.7 0.9 0.1 1.3 1.8 13.0 .439 .434 .444 .746 .579 .556   G    SO
62          Mark Dickel  13.0 31 1999-00            UNLV 31 31 36.6 3.9  8.7 2.3  4.3 1.6 4.5 3.5  4.5 0.3 3.6  4.0 9.0 1.7 0.1 2.6 2.0 13.0 .446 .526 .370 .773 .595 .541   G    SR
63       Eric Chatfield  12.9 34 2000-01      New Mexico 34 34 32.5 4.0 10.4 3.0  7.0 1.0 3.4 3.9  6.2 1.2 2.6  3.9 2.8 0.6 0.2 1.9 1.9 12.9 .385 .424 .304 .626 .484 .435   G    JR
64            Tim Frost  12.8 33 2002-03            Utah 33 32 25.9 4.7  9.8 3.8  7.8 0.9 2.0 2.5  3.4 1.8 3.1  4.9 1.0 0.5 0.8 1.3 2.6 12.8 .481 .494 .433 .726 .560 .526   C    JR
65        Marlon Parmer  12.8 16 2001-02      New Mexico 16 13 30.9 4.2 10.1 3.3  7.2 0.9 2.9 3.5  5.9 1.4 3.9  5.4 5.4 0.6 0.2 2.5 1.9 12.8 .414 .452 .319 .596 .496 .460   G    JR
66         Michael Hall  12.8 30 2003-04   Brigham Young 30 28 31.8 4.4  8.8 3.6  6.5 0.8 2.3 3.3  4.5 1.6 1.9  3.5 1.8 1.4 0.5 1.9 2.0 12.8 .494 .546 .348 .731 .584 .540   G    JR
67      Britton Johnsen  12.6 30 2001-02            Utah 30 30 27.9 4.4  8.8 3.3  5.9 1.0 2.9 2.9  4.8 2.0 4.3  6.3 1.5 1.0 0.5 2.2 2.8 12.6 .496 .565 .356 .601 .571 .555   F    JR
68        Damion Walker  12.6 32 1999-00      New Mexico 32 32 28.2 4.1  7.4 4.1  7.2 0.0 0.2 4.4  5.4 2.1 4.0  6.1 0.6 0.6 1.0 2.3 3.6 12.6 .553 .565 .143 .809 .631 .555   F    SR
69        Javin Tindall  12.6 28 2003-04      New Mexico 28 27 32.9 3.9  8.8 1.3  2.6 2.6 6.1 2.3  2.8 0.4 1.6  2.0 3.5 0.9 0.1 2.1 2.0 12.6 .441 .493 .419 .831 .625 .588   G    SR
70        John Sivesind  12.6 28 2000-01  Colorado State 28 28 31.7 4.0  8.1 1.6  2.7 2.4 5.4 2.1  2.3 0.6 1.7  2.3 2.4 0.6 0.1 1.6 2.0 12.6 .498 .613 .441 .908 .683 .645   G    SR
71        David Chiotti  12.5 27 2003-04      New Mexico 27 25 29.7 4.6  8.4 4.6  8.4 0.0 0.0 3.3  4.6 1.7 3.6  5.3 1.6 0.6 0.5 1.7 2.7 12.5 .548      .548 .704 .588 .548   C    SO
72         Andrew Bogut  12.5 33 2003-04            Utah 33 33 30.4 5.1  8.8 5.0  8.5 0.1 0.3 2.2  3.4 3.2 6.7  9.9 2.2 0.4 1.3 2.6 2.4 12.5 .577 .586 .364 .640 .598 .584   F    FR
73        Lamoni Yazzie  12.4 28 2001-02       Air Force 28 27 34.7 3.6  8.1 1.5  2.6 2.0 5.5 3.2  3.7 0.6 1.7  2.3 2.0 1.5 0.2 2.3 2.9 12.4 .441 .581 .373 .864 .627 .566   G    SR
74       Dalron Johnson  12.3 27 2000-01            UNLV 27 25 29.9 5.0 10.9 4.5  9.1 0.5 1.8 1.7  2.2 2.7 4.9  7.6 2.0 0.9 2.1 2.1 2.6 12.3 .464 .498 .292 .750 .515 .488   F    SO
75       Eric Chatfield  12.1 30 2001-02      New Mexico 30 29 32.9 4.1  9.1 2.7  5.5 1.3 3.6 2.6  3.7 0.5 2.0  2.5 3.0 1.1 0.3 1.9 2.0 12.1 .447 .494 .374 .705 .556 .520   G    SR
76        Wesley Stokes  12.1 30 2003-04 San Diego State 30 28 33.8 4.1 11.3 2.8  6.7 1.4 4.6 2.5  3.4 0.4 1.9  2.3 5.8 1.6 0.0 3.8 3.1 12.1 .367 .415 .297 .725 .470 .428   G    JR
77         Joel Gerlach  12.1 28 2002-03       Air Force 28 28 28.5 3.9  7.6 2.5  4.2 1.5 3.4 2.8  3.9 0.5 2.3  2.8 0.9 1.0 1.0 1.4 3.2 12.1 .514 .585 .427 .713 .637 .610   F    JR
78        Rafael Araujo  12.0 32 2002-03   Brigham Young 32 32 25.1 4.8  8.7 4.8  8.3 0.1 0.3 2.2  3.4 2.8 6.1  8.9 1.2 1.4 0.5 3.0 3.7 12.0 .558 .569 .273 .642 .581 .563   C    JR
79     Donta Richardson  11.9 31 2001-02         Wyoming 31 27 30.5 3.5  9.3 2.2  4.7 1.3 4.6 3.6  4.1 0.5 2.4  2.9 2.7 1.3 0.1 2.1 2.4 11.9 .374 .466 .280 .890 .528 .443   G    JR
80          Andy Birley  11.8 30 2001-02  Colorado State 30 30 34.4 3.7  8.8 1.0  2.5 2.7 6.3 1.8  2.2 0.2 2.2  2.4 3.9 1.0 0.3 3.0 2.1 11.8 .417 .400 .423 .806 .598 .568   G    JR
81    Uche Nsonwu-Amadi  11.8 30 2000-01         Wyoming 30 30 27.9 4.3  7.2 4.3  7.1 0.0 0.1 3.1  5.4 2.2 6.1  8.3 0.7 0.7 0.8 2.0 2.7 11.8 .602 .607 .000 .580 .604 .602   C    SO
82         David Fisher  11.7 28 2000-01  Colorado State 28 20 25.3 3.9  6.7 3.9  6.6 0.1 0.1 3.8  6.2 1.6 2.2  3.8 1.0 0.3 0.1 2.0 2.5 11.7 .588 .587 .667 .613 .609 .594   F    SR
83           Josh Davis  11.7 31 2001-02         Wyoming 31 30 27.4 4.6  8.6 4.3  7.3 0.3 1.4 2.3  3.9 2.4 5.5  7.9 1.5 1.2 1.5 1.6 3.3 11.7 .530 .596 .186 .583 .557 .545   F    SR
84      Britton Johnsen  11.6 27 2002-03            Utah 27 27 29.2 4.6  9.6 3.9  7.1 0.6 2.4 1.9  3.6 1.9 4.8  6.7 2.0 1.1 0.5 2.3 2.9 11.6 .477 .552 .258 .531 .517 .510   F    SR
85        Marlon Parmer  11.6 34 2000-01      New Mexico 34 34 33.9 3.8  8.5 3.2  6.4 0.6 2.1 3.4  5.0 0.6 3.4  4.0 5.4 1.4 0.1 2.6 2.5 11.6 .451 .502 .296 .671 .536 .488   G    SO
86         J.K. Edwards  11.6 25 2003-04            UNLV 25 22 25.4 4.7  8.1 4.6  7.9 0.0 0.2 2.2  3.1 2.0 4.5  6.4 1.3 1.1 1.2 1.8 3.6 11.6 .579 .586 .250 .705 .607 .582   F    SR
87            Ron Grady  11.5 27 2000-01  Colorado State 27 19 26.6 4.1  9.9 2.7  6.4 1.3 3.6 2.0  2.6 1.1 4.0  5.1 1.5 0.7 0.1 2.3 2.9 11.5 .410 .430 .375 .786 .516 .478   G    SR
88        John Sivesind  11.5 30 1999-00  Colorado State 30 30 32.6 3.7  7.8 1.3  2.5 2.5 5.3 1.6  1.7 0.6 2.5  3.1 2.2 1.0     0.1 2.1 11.5 .481 .507 .468 .922 .671 .639   G    JR
89         Joel Gerlach  11.4 28 2001-02       Air Force 28 28 30.3 3.8  7.1 2.8  4.6 1.0 2.5 2.9  3.6 0.8 2.6  3.4 0.8 1.1 0.5 2.2 4.1 11.4 .530 .608 .386 .792 .643 .598   F    SO
90           Nick Welch  11.4 28 2003-04       Air Force 28 28 32.1 4.2  7.7 3.0  4.8 1.2 2.9 1.8  2.5 1.3 2.8  4.0 2.9 1.4 0.6 1.7 2.4 11.4 .542 .615 .420 .718 .639 .620   C    SO
91      Jamaal Williams  11.3 28 2002-03      New Mexico 28 14 23.8 4.6  9.3 4.5  8.6 0.1 0.7 1.9  3.3 2.0 3.1  5.1 1.2 0.9 0.2 1.5 2.4 11.3 .498 .523 .200 .559 .518 .506   F    SO
92    Jerel Blassingame  11.2 31 2003-04            UNLV 31 29 33.1 3.4  8.8 2.0  5.4 1.4 3.5 3.1  4.3 0.4 1.4  1.7 6.6 1.2 0.0 3.7 3.0 11.2 .383 .371 .402 .709 .515 .462   G    JR
93           Myron Epps  11.1 28 2000-01 San Diego State 28 28 29.2 4.2  7.7 4.2  7.6 0.0 0.1 2.7  4.2 2.1 2.4  4.5 1.0 0.4 0.1 1.9 1.9 11.1 .549 .554 .000 .636 .574 .549   F    JR
94       Dalron Johnson  11.1 31 1999-00            UNLV 31 30 23.6 4.7  8.9 4.2  7.5 0.5 1.5 1.2  1.6 3.1 3.8  6.9 1.2 0.8 1.4 1.4 2.5 11.1 .525 .563 .333 .745 .571 .553   F    FR
95           Tim Keller  11.0 29 2003-04       Air Force 29 29 33.1 3.2  7.8 1.5  2.9 1.7 4.9 2.8  3.5 0.4 1.7  2.1 2.1 1.3 0.5 1.3 2.1 11.0 .416 .530 .350 .802 .582 .527   G    JR
96          Andy Birley  10.8 33 2002-03  Colorado State 33 33 33.2 3.6  7.8 0.8  1.4 2.7 6.5 0.9  1.2 0.2 2.1  2.3 3.1 0.5 0.2 2.2 1.8 10.8 .457 .622 .423 .732 .641 .632   G    SR
97         Troy DeVries  10.7 22 2003-04      New Mexico 22 21 31.6 3.4  7.7 1.0  2.2 2.5 5.5 1.4  2.2 0.3 2.6  2.9 3.0 0.7 0.0 1.9 1.9 10.7 .444 .438 .446 .646 .613 .604   G    JR
98        Kevin Bradley  10.7 31 2000-01            Utah 31 12 22.3 3.5  8.3 1.9  4.2 1.6 4.1 2.2  3.0 0.4 2.9  3.3 2.3 0.8 0.1 1.7 2.1 10.7 .416 .446 .386 .723 .549 .512   G    JR
99          Robert Todd  10.7 21 2000-01       Air Force 21  5 27.4 3.8  7.3 1.3  1.8 2.5 5.5 0.5  0.9 0.4 2.4  2.9 1.2 0.8 0.3 1.4 1.5 10.7 .519 .711 .457 .579 .687 .692   F    FR
100        Ronnie Clark  10.6 33 2002-03  Colorado State 33 19 22.5 3.9  7.2 3.9  7.1 0.0 0.0 2.8  4.0 1.9 2.6  4.5 1.0 0.4 0.5 1.6 2.8 10.6 .551 .553 .000 .689 .588 .551   F    JR
101        Jeff Johnsen  10.6 30 2001-02            Utah 30 26 29.8 3.6  8.4 2.3  4.7 1.3 3.7 2.1  2.9 0.7 2.3  3.0 2.8 1.3 0.2 1.8 1.9 10.6 .429 .486 .355 .736 .544 .506   G    SR
102     Patrick Dennehy  10.6 30 2001-02      New Mexico 30 28 27.9 4.4  8.6 4.3  8.5 0.0 0.1 1.9  3.0 3.0 4.5  7.5 0.7 1.0 0.7 2.0 3.4 10.6 .508 .508 .500 .629 .531 .510   F    SO
103        Mike Mackell  10.6 33 2001-02 San Diego State 33 28 22.2 3.9  7.5 3.9  7.5 0.0 0.0 2.8  3.8 2.2 2.2  4.4 0.5 0.5 0.2 1.7 3.4 10.6 .524      .524 .728 .571 .524   C    JR
104             Al Faux  10.5 28 2000-01 San Diego State 28 15 25.8 3.4  8.1 2.0  4.7 1.4 3.4 2.3  3.5 0.8 2.7  3.5 2.6 1.0 0.3 2.2 2.1 10.5 .423 .424 .421 .649 .540 .511   G    JR
105        Jay Straight  10.5 32 2002-03         Wyoming 32 32 29.9 2.8  7.7 1.6  4.3 1.2 3.3 3.8  5.1 0.7 2.0  2.7 3.1 0.9 0.0 2.6 1.6 10.5 .359 .370 .346 .755 .521 .435   G    SO
106        Antoine Hood  10.4 29 2003-04       Air Force 29 29 31.4 3.7  6.7 2.3  3.3 1.4 3.4 1.6  2.3 1.1 2.1  3.2 1.5 1.1 0.2 1.6 2.8 10.4 .554 .701 .408 .662 .662 .656   G    SO
107       Matt Williams  10.4 29 2003-04  Colorado State 29 22 24.6 3.3  7.0 3.3  6.9 0.0 0.1 3.8  5.4 1.7 3.8  5.5 1.6 0.6 0.7 2.8 3.7 10.4 .466 .475 .000 .712 .541 .466   F    JR
108        Tom Bellairs  10.3 28 2001-02       Air Force 28 28 33.3 3.9  7.8 3.0  5.6 0.9 2.3 1.6  3.3 1.6 3.6  5.1 2.1 1.1 0.2 2.1 3.6 10.3 .498 .532 .413 .495 .551 .557   C    JR
109      Marcelo Correa  10.2 28 1999-00 San Diego State 28 26 28.0 4.0  8.3 4.0  8.2 0.0 0.1 2.2  3.5 2.2 4.2  6.4 1.3 1.3 1.0 2.4 4.0 10.2 .481 .483 .333 .622 .512 .483   C    JR
110   Uche Nsonwu-Amadi  10.2 31 2001-02         Wyoming 31 31 27.8 3.5  6.4 3.5  6.3 0.0 0.1 3.3  5.0 2.5 5.6  8.2 0.6 0.9 1.0 1.9 2.8 10.2 .540 .546 .000 .662 .583 .540   C    JR
111        Eric Nielsen  10.0 30 2001-02   Brigham Young 30 29 32.2 4.1  8.1 3.7  7.2 0.4 0.9 1.5  2.1 1.2 3.8  5.1 1.0 0.4 0.8 2.0 2.8 10.0 .502 .509 .444 .710 .551 .527   F    SR
112        Ronnie Clark  10.0 29 2003-04  Colorado State 29 21 22.6 3.8  7.6 3.8  7.3 0.0 0.2 2.3  3.5 2.0 3.3  5.4 0.9 0.7 0.3 2.0 3.0 10.0 .507 .519 .143 .663 .543 .509   F    SR
113     Chris McMillian   9.7 31 1999-00         Wyoming 31 31 30.9 3.2  8.2 2.6  5.5 0.6 2.7 2.8  3.7 0.6 2.4  2.9 3.7 1.4 0.0 2.7 3.2  9.7 .384 .471 .212 .757 .486 .420   G    SO
114        Tom Bellairs   9.7 24 2000-01       Air Force 24 24 35.0 3.5  7.5 3.1  6.1 0.4 1.4 2.4  3.8 2.6 4.7  7.3 2.2 1.0 0.2 2.5 4.0  9.7 .461 .507 .265 .637 .522 .486   C    SO
115       Wayland White   9.7 32 1999-00      New Mexico 32 23 25.0 3.9  7.2 3.9  7.0 0.0 0.2 1.8  3.8 2.0 2.3  4.3 1.1 1.4 2.2 2.0 2.9  9.7 .546 .554 .200 .472 .538 .548   F    JR
116         Tony Harvey   9.6 32 1999-00            Utah 32 16 25.9 3.1  7.3 1.8  3.7 1.3 3.6 2.0          2.7  2.8 2.6 1.1 0.3 1.9 2.1  9.6 .431 .492 .368 .736 .560 .522   G    SR
117        Nate Althoff   9.5 28 1999-00            Utah 28 25 22.3 3.7  6.2 3.7  6.2 0.0 0.0 2.1          3.0  4.7 0.1 0.3 0.9 1.0 2.3  9.5 .601      .601 .711 .628 .601   C    JR
118      Richard Chaney   9.5 33 2003-04            Utah 33 31 27.2 3.7  7.4 2.6  4.9 1.0 2.5 1.1  1.4 1.5 2.7  4.2 1.0 0.5 0.5 1.2 1.7  9.5 .494 .534 .415 .822 .588 .563   G    SO
119      Jermaine Lewis   9.5 32 2002-03            UNLV 32 32 32.9 3.1  7.9 1.6  3.8 1.5 4.1 1.7  2.3 1.6 3.4  5.0 2.2 1.2 0.3 1.8 2.1  9.5 .397 .430 .366 .753 .528 .492   G    SR
120        Mark Walters   9.5 28 2002-03      New Mexico 28 20 28.2 3.4  8.4 2.4  5.2 1.0 3.2 1.7  2.5 1.8 3.8  5.6 1.8 1.1 0.2 1.6 2.4  9.5 .404 .459 .315 .671 .494 .464   G    FR
121       Wayland White   9.4 31 2000-01      New Mexico 31 30 29.5 4.0  7.6 3.9  7.5 0.1 0.2 1.3  3.3 2.3 3.7  6.0 1.2 1.8 2.2 2.1 3.2  9.4 .523 .524 .500 .379 .507 .530   F    SR
122      Jermaine Lewis   9.3 26 2000-01            UNLV 26 12 23.6 3.4  8.3 2.0  4.4 1.4 3.9 1.1  2.3 1.0 2.2  3.2 1.4 0.9 0.2 1.5 1.6  9.3 .410 .461 .353 .492 .496 .493   G    JR
123        Marc Jackson   9.3 29 2002-03            Utah 29  1 22.0 2.4  4.8 1.3  2.4 1.0 2.3 3.5  4.1 0.2 2.1  2.3 2.8 0.8 0.0 1.9 2.3  9.3 .500 .549 .448 .842 .690 .609   G    SO
124          Evan Burns   9.2 26 2002-03 San Diego State 26  8 22.4 3.5  7.0 2.9  5.2 0.5 1.8 1.8  2.3 1.6 3.5  5.1 1.1 1.2 1.0 1.8 3.0  9.2 .492 .559 .298 .767 .567 .530   F    FR
125           Ron Grady   9.2 24 1999-00  Colorado State 24 17 24.6 3.5  8.0 2.6  5.6 0.8 2.4 1.5  1.8 0.6 2.6  3.2 1.6 0.6 0.2 2.3 3.1  9.2 .432 .470 .345 .814 .520 .484   G    JR
126     Britton Johnsen   9.2 31 2000-01            Utah 31 25 22.1 3.2  7.1 2.6  5.6 0.6 1.5 2.1  3.2 1.9 3.5  5.4 0.3 0.7 0.5 2.4 2.6  9.2 .455 .462 .426 .650 .533 .500   F    SO
127        Jay Straight   9.2 31 2001-02         Wyoming 31 28 28.0 2.9  7.3 2.1  4.5 0.8 2.8 2.6  3.6 0.5 1.9  2.4 3.3 0.5 0.0 2.5 1.3  9.2 .396 .460 .291 .726 .511 .451   G    FR
128      Jeremy Killion   9.1 31 1999-00            Utah 31 30 27.5 3.2  6.9 1.6  2.8 1.5 4.0 1.2          1.6  1.8 1.7 0.7 0.1 1.1 1.8  9.1 .465 .580 .384 .725 .596 .577   G    SR
129        J.K. Edwards   9.1 32 2002-03            UNLV 32 32 24.5 3.6  6.3 3.6  6.3 0.0 0.0 2.0  3.5 2.3 3.9  6.3 0.9 1.3 0.7 1.5 3.2  9.1 .564      .564 .566 .571 .564   F    JR
130       Javin Tindall   9.1 25 2002-03      New Mexico 25 22 31.6 3.2  7.1 1.0  2.0 2.1 5.0 0.6  0.8 0.3 1.4  1.6 2.7 0.8 0.1 1.4 1.9  9.1 .446 .510 .421 .842 .610 .596   G    JR
131         Phil Cullen   9.1 31 2000-01            Utah 31 26 23.5 3.0  7.3 1.3  2.6 1.7 4.6 1.3  2.0 1.1 3.4  4.4 0.9 0.8 0.5 1.5 2.6  9.1 .413 .476 .378 .661 .552 .533   F    JR
132    Chris Richardson   9.1 32 2001-02            UNLV 32 31 29.2 3.4  6.0 3.1  5.3 0.3 0.8 2.0  3.3 1.9 3.4  5.3 1.0 1.3 0.5 1.4 2.6  9.1 .565 .595 .360 .606 .598 .588   F    SR
133          Aki Palmer   9.0 30 1999-00  Colorado State 30 24 26.8 2.4  5.0 0.1  0.3 2.3 4.8 1.9  2.5 0.2 1.6  1.8 2.6 1.0 0.0 1.3 1.7  9.0 .477 .250 .490 .747 .723 .709   G    JR
134         David Adams   9.0 28 2003-04         Wyoming 28 21 26.4 3.0  6.8 1.5  3.3 1.5 3.5 1.5  1.9 1.0 2.7  3.7 1.4 0.7 0.0 1.4 2.4  9.0 .444 .451 .439 .759 .587 .558   G    SR
135         Kevin Henry   9.0 32 1999-00      New Mexico 32 32 26.3 3.2  8.5 1.6  3.5 1.6 5.1 1.0  1.1 0.3 1.3  1.6 1.5 0.5 0.0 1.2 2.0  9.0 .374 .459 .315 .889 .495 .467   G    JR
136           Tim Frost   9.0 29 2003-04            Utah 29 28 26.8 3.3  7.3 2.8  5.6 0.5 1.8 1.8  2.7 1.7 2.9  4.6 1.4 0.3 0.4 1.0 2.5  9.0 .458 .509 .294 .646 .521 .493   C    SR
137     Freddy Robinson   8.9 27 2003-04  Colorado State 27 23 23.3 3.2  7.3 2.2  4.5 1.0 2.7 1.4  2.3 1.2 1.9  3.0 1.0 0.7 0.3 1.4 2.8  8.9 .444 .492 .365 .629 .532 .513   F    SO
138       Lamoni Yazzie   8.8 29 2000-01       Air Force 29 20 29.4 2.4  5.4 0.6  1.3 1.8 4.1 2.3  2.6 0.4 1.8  2.2 1.5 1.2 0.2 1.4 2.7  8.8 .439 .447 .437 .880 .665 .605   G    JR
139        Alfred Neale   8.8 28 2003-04      New Mexico 28 25 27.6 2.9  6.9 1.5  2.7 1.4 4.1 1.7  2.4 1.5 3.9  5.4 1.3 0.8 0.8 1.4 2.3  8.8 .417 .539 .336 .691 .548 .518   F    JR
140          A.J. Kuhle   8.8 28 2001-02       Air Force 28 23 35.1 2.6  6.1 1.3  2.4 1.4 3.7 2.1  2.6 0.5 2.4  2.9 1.9 1.5 0.1 1.5 2.4  8.8 .433 .522 .375 .795 .596 .547   F    SO
141        Chris Walton   8.7 30 2003-04 San Diego State 30 29 29.8 3.4  8.2 2.6  6.0 0.8 2.2 1.2  1.9 1.3 3.6  4.9 2.3 1.1 0.4 2.2 3.0  8.7 .412 .436 .348 .638 .481 .459   F    JR
142          Luiz Lemes   8.7 30 2003-04   Brigham Young 30 30 31.7 3.0  6.7 1.8  3.9 1.2 2.8 1.6  2.1 0.3 2.7  3.0 4.5 1.3 0.2 2.4 1.7  8.7 .441 .453 .424 .750 .564 .530   G    SR
143          A.J. Kuhle   8.7 28 2002-03       Air Force 28 28 35.5 3.1  6.1 2.1  3.3 1.1 2.9 1.4  2.1 0.6 2.4  3.0 2.7 0.9 0.0 1.8 2.3  8.7 .512 .630 .375 .644 .610 .599   F    JR
144        Jared Jensen   8.6 30 2001-02   Brigham Young 30 25 20.0 2.9  5.0 2.9  5.0 0.0 0.0 2.7  3.2 1.7 1.9  3.5 0.2 0.6 0.4 0.9 2.4  8.6 .591      .591 .845 .661 .591   F    FR
145        Jeff Johnsen   8.6 31 2000-01            Utah 31  9 21.9 3.0  6.0 2.2  4.2 0.7 1.8 1.9  2.5 1.1 2.3  3.4 2.3 1.0 0.2 1.5 1.8  8.6 .495 .535 .404 .756 .596 .556   G    JR
146        Joel Gerlach   8.6 23 2000-01       Air Force 23 20 22.1 2.9  5.6 2.0  2.9 0.9 2.7 2.0  3.0 0.4 1.7  2.1 1.1 0.7 0.5 1.6 3.5  8.6 .512 .687 .323 .662 .611 .589   F    FR
147        Brett McFall   8.4 31 1999-00         Wyoming 31  1 18.3 2.7  5.8 0.9  1.8 1.8 4.0 1.1  1.5 0.5 1.3  1.7 2.8 1.0 0.1 1.8 2.0  8.4 .469 .491 .460 .761 .647 .628   G    JR
148       Deandre Moore   8.3 30 2002-03 San Diego State 30 30 30.1 2.9  6.9 1.5  3.4 1.4 3.6 1.2  1.8 0.7 3.0  3.7 4.1 1.4 0.0 2.3 3.0  8.3 .418 .455 .383 .660 .536 .517   G    SR
149        Tom Bellairs   8.2 28 1999-00       Air Force 28 18 29.0 3.2  6.3 3.2  6.3 0.0 0.0 1.8  3.3 4.0 5.2  9.2 0.8 0.6 0.0 1.4 3.4  8.2 .514      .514 .549 .527 .514   C    FR
150          A.J. Kuhle   8.1 29 2003-04       Air Force 29 29 32.8 2.8  5.6 1.4  2.4 1.3 3.2 1.2  1.7 0.6 2.5  3.1 3.1 0.9 0.0 1.6 1.8  8.1 .494 .594 .419 .735 .634 .614   F    SR
151    Danny Brotherson   8.1 31 1999-00            UNLV 31  8 25.7 2.8  7.4 2.4  5.5 0.4 1.9 2.1  3.1 1.8 2.8  4.6 2.5 1.5 0.3 1.8 3.1  8.1 .380 .439 .207 .670 .456 .406   G    JR
152        Nate Althoff   8.1 31 2000-01            Utah 31 14 17.5 2.7  4.5 2.7  4.5 0.0 0.0 2.6  3.5 1.0 2.1  3.2 0.2 0.2 0.6 1.3 2.7  8.1 .612 .616 .000 .743 .658 .612   C    SR
153           Alex Dunn   8.1 27 2003-04         Wyoming 27  9 21.1 3.2  5.7 3.2  5.7 0.0 0.0 1.7  2.8 1.8 3.7  5.6 0.2 0.3 0.8 1.6 2.5  8.1 .555      .555 .605 .570 .555   C    JR
154        Joel Gerlach   8.0 29 2003-04       Air Force 29 29 24.3 2.5  5.4 1.3  2.6 1.2 2.8 1.8  2.7 0.4 1.9  2.3 1.0 0.9 0.4 1.2 2.5  8.0 .462 .513 .415 .688 .599 .570   F    SR
155      Michael Vranes   8.0 33 1999-00   Brigham Young 33 33 28.3 2.9  7.4 1.8  4.4 1.1 3.0 1.1  2.1 1.1 3.0  4.1 2.7 1.2 0.2 1.8 2.3  8.0 .388 .397 .374 .514 .473 .463   G    SO
156            Joe Ries   7.9 28 2003-04         Wyoming 28 27 25.3 3.0  6.0 2.9  5.5 0.1 0.5 1.9  2.7 1.8 3.2  5.0 0.8 0.5 0.2 1.8 1.9  7.9 .491 .523 .143 .711 .541 .497   F    SR
157       Nick Jacobson   7.9 31 2000-01            Utah 31 27 23.6 2.5  5.5 1.4  2.4 1.2 3.1 1.6  2.0 0.1 1.3  1.4 1.1 0.6 0.0 0.6 2.2  7.9 .459 .560 .381 .806 .608 .567   G    FR
158    Marcus Slaughter   7.9 30 2003-04 San Diego State 30 18 25.2 2.9  6.1 2.6  5.3 0.3 0.8 1.8  2.5 2.8 4.0  6.8 0.7 1.1 0.6 1.2 2.2  7.9 .473 .494 .333 .724 .538 .495   F    FR
159        Paris Corner   7.9 31 2001-02         Wyoming 31  1 20.3 2.7  5.9 1.7  3.4 1.0 2.5 1.4  1.6 0.5 1.5  2.1 1.2 0.5 0.3 1.1 1.3  7.9 .464 .500 .416 .824 .589 .552   G    SR
160       Garrett Patik   7.8 28 2000-01  Colorado State 28 27 26.5 3.0  6.4 2.4  5.2 0.6 1.2 1.3  2.5 1.9 4.1  6.0 1.4 0.8 0.3 1.5 1.7  7.8 .469 .466 .485 .493 .515 .514   F    SR
161        Brian Greene   7.8 27 2000-01  Colorado State 27 18 20.0 3.1  6.2 3.1  6.2 0.0 0.0 1.5  2.1 1.9 4.0  5.8 2.2 0.9 0.3 2.0 3.2  7.8 .509      .509 .707 .542 .509   F    SO
162       Marlon Parmer   7.8 32 1999-00      New Mexico 32  9 23.3 2.3  5.6 1.9  4.3 0.3 1.3 2.9  4.4 0.6 2.7  3.3 3.6 0.6 0.1 2.9 2.1  7.8 .410 .456 .262 .664 .511 .441   G    FR
163       Marcus Bailey   7.8 31 1999-00         Wyoming 31 25 21.3 2.7  5.3 2.2  3.9 0.5 1.5 1.8  2.4 1.5 1.9  3.4 1.2 0.7 0.5 1.5 2.6  7.8 .515 .567 .378 .753 .606 .567   F    FR
164       Chris Burgess   7.8 27 2000-01            Utah 27 21 21.6 3.3  6.1 3.2  5.8 0.1 0.3 1.1  2.6 2.1 3.9  5.9 0.9 0.6 1.2 1.5 1.6  7.8 .543 .558 .250 .435 .534 .549   F    JR
165     Jamaal Williams   7.7 28 2001-02      New Mexico 28  3 20.1 3.5  6.8 3.5  6.6 0.0 0.1 0.7  1.8 2.5 2.6  5.1 0.3 0.7 0.4 0.9 2.6  7.7 .519 .524 .250 .380 .508 .521   F    FR
166        Brett McFall   7.7 29 2000-01         Wyoming 29  1 21.5 2.2  6.2 1.0  1.9 1.2 4.3 2.0  2.5 0.6 1.8  2.4 3.3 0.7 0.0 1.5 2.1  7.7 .358 .509 .290 .808 .522 .458   G    SR
167       Tim Lightfoot   7.6 34 2000-01      New Mexico 34  6 19.5 2.6  5.9 1.2  2.3 1.5 3.6 0.9  1.1 0.5 1.0  1.5 0.5 0.4 0.1 0.7 2.1  7.6 .448 .519 .403 .763 .591 .572   G    JR
168    David Abramowitz   7.6 27 1999-00 San Diego State 27  9 24.8 2.6  7.2 1.1  2.9 1.4 4.3 1.0  1.2 0.3 1.6  1.9 3.0 1.3 0.0 2.5 1.4  7.6 .356 .380 .339 .848 .489 .456   G    SO
169       Miguel Garcia   7.5 28 1999-00       Air Force 28 28 27.0 2.7  6.7 1.9  4.5 0.8 2.3 1.4  2.0 1.8 4.1  5.8 1.6 1.4 0.8 1.5 2.8  7.5 .399 .432 .333 .709 .490 .455   F    SR
170        Jared Jensen   7.5 32 2002-03   Brigham Young 32 25 21.7 2.5  4.4 2.5  4.4 0.0 0.0 2.4  3.0 1.2 2.1  3.3 0.4 0.3 0.3 1.0 3.1  7.5 .574      .574 .802 .640 .574   F    SO
171      Micheal Morris   7.3 24 2003-04  Colorado State 24 19 25.8 2.4  5.8 1.9  3.8 0.5 2.0 2.0  2.9 0.5 2.9  3.3 4.0 0.8 1.6 3.1 2.0  7.3 .410 .495 .250 .710 .509 .453   G    SO
172         Phil Cullen   7.3 30 2001-02            Utah 30  0 16.4 2.2  5.2 0.6  1.5 1.6 3.7 1.3  1.6 0.7 2.0  2.7 1.0 0.5 0.3 1.2 2.2  7.3 .414 .370 .432 .816 .605 .567   F    SR
173    Demetrius Hunter   7.2 28 2002-03            UNLV 28 17 20.8 2.5  6.0 1.1  2.3 1.4 3.7 0.8  1.4 0.3 1.2  1.5 1.1 0.8 0.2 1.2 1.8  7.2 .417 .469 .385 .550 .540 .536   G    JR
174       Matt Williams   7.2 33 2002-03  Colorado State 33 13 20.1 2.3  4.2 2.3  4.2 0.0 0.0 2.7  3.9 1.5 2.4  3.9 1.2 0.5 0.6 1.7 2.6  7.2 .536      .536 .677 .590 .536   F    SO
175     Bradley Jackson   7.1 28 1999-00 San Diego State 28 24 29.6 2.2  6.1 1.4  3.9 0.8 2.2 2.0  2.8 0.5 2.2  2.7 3.6 1.4 0.1 3.0 2.8  7.1 .355 .364 .339 .740 .479 .416   G    FR
176        Ronnie Clark   7.1 15 2001-02  Colorado State 15  4 21.1 2.5  4.8 2.2  4.2 0.3 0.6 1.9  2.9 1.2 2.7  3.9 0.4 0.5 0.3 1.5 2.8  7.1 .514 .524 .444 .659 .576 .542   F    SO
177    Demetrius Hunter   7.1 31 2003-04            UNLV 31 25 22.6 2.4  6.4 1.0  2.3 1.4 4.1 1.0  1.4 0.2 1.5  1.7 1.1 0.6 0.1 1.0 1.9  7.1 .369 .437 .331 .744 .504 .475   G    SR
178            Joe Ries   7.0 32 2002-03         Wyoming 32 32 24.8 2.3  4.7 2.3  4.6 0.0 0.1 2.3  3.1 1.4 2.8  4.2 1.3 0.3 0.2 1.5 2.2  7.0 .500 .510 .000 .737 .566 .500   F    JR
179     Chris McMillian   6.9 30 2000-01         Wyoming 30 30 32.0 2.0  5.5 0.9  2.3 1.1 3.1 1.8  2.7 0.4 2.2  2.6 4.2 0.8 0.1 2.3 3.1  6.9 .372 .400 .351 .654 .514 .473   G    JR
180       Travis Spivey   6.8 29 2001-02            Utah 29 29 31.0 2.0  4.6 1.6  3.1 0.5 1.5 2.2  3.7 0.5 3.6  4.1 4.5 1.1 0.3 2.4 2.8  6.8 .447 .506 .326 .602 .537 .500   G    SR
181        Daniel Bobik   6.8 30 2001-02   Brigham Young 30  1 18.3 2.2  4.8 1.2  2.4 1.0 2.5 1.3  1.5 0.3 1.9  2.2 1.1 0.8 0.2 1.7 1.9  6.8 .455 .493 .419 .870 .608 .562   G    SO
182       Deandre Moore   6.8 25 2000-01 San Diego State 25 24 29.3 2.1  5.5 1.3  2.6 0.8 2.9 1.8  2.8 0.6 2.8  3.4 5.0 1.5 0.1 2.2 2.4  6.8 .377 .492 .274 .643 .493 .449   G    SO
183     Vernard Jenkins   6.7 29 2000-01       Air Force 29 29 37.1 2.3  6.2 1.4  3.1 0.9 3.0 1.2  1.8 0.2 1.9  2.1 3.8 1.5 0.2 2.9 2.4  6.7 .374 .462 .284 .679 .478 .444   G    SO
184           John Ford   6.7 28 1999-00  Colorado State 28 15 17.8 2.6  4.3 2.6  4.3 0.0 0.0 1.6  2.6 1.0 1.6  2.6 0.8 0.5 1.5 0.9 1.6  6.7 .595      .595 .595 .602 .595   F    SR
185        Ronell Mingo   6.6 30 2000-01         Wyoming 30 10 16.4 2.5  5.2 2.5  5.1 0.0 0.1 1.6  2.2 1.2 2.9  4.1 0.6 0.4 1.5 1.6 2.5  6.6 .487 .494 .000 .701 .530 .487   F    JR
186     Lawrence Yazzie   6.6 28 1999-00       Air Force 28  1 14.2 2.1  6.2 0.8  2.0 1.4 4.2 0.9  1.2 0.6 0.7  1.4 0.8 0.5 0.0 1.1 1.6  6.6 .345 .375 .331 .788 .488 .457   G    SR
187     Silester Rivers   6.6 25 1999-00   Brigham Young 25  4 17.2 2.2  4.2 2.2  4.1 0.0 0.0 2.1  3.7 1.6 2.9  4.5 0.6 0.4 0.4 1.6 3.1  6.6 .538 .544 .000 .570 .557 .538   F    SR
188      Vincent Okotie   6.6 27 1999-00 San Diego State 27 12 20.5 2.3  6.1 2.1  5.0 0.2 1.1 1.9  2.6 0.8 1.8  2.6 1.3 0.7 0.1 2.2 2.3  6.6 .370 .415 .167 .729 .449 .385   F    SO
189         Mory Correa   6.6 27 2003-04         Wyoming 27 20 21.0 2.1  4.4 2.1  4.4 0.0 0.0 2.3  3.8 1.7 2.9  4.5 0.6 0.4 1.7 1.6 1.9  6.6 .479      .479 .618 .529 .479   F    SR
190       Dion Sherrell   6.5 23 2003-04         Wyoming 23  8 16.5 2.2  6.2 1.1  2.9 1.1 3.3 0.9  1.2 0.7 1.8  2.4 0.8 0.3 0.0 1.1 1.8  6.5 .357 .373 .342 .778 .478 .448   G    JR
191      Marcelo Correa   6.4 28 2000-01 San Diego State 28 27 21.3 2.2  3.7 2.2  3.7 0.0 0.0 2.0  2.6 1.0 3.0  4.0 1.0 0.8 1.1 1.6 3.2  6.4 .596      .596 .757 .647 .596   C    SR
192        James Peters   6.4 32 2002-03            UNLV 32 14 20.6 2.6  4.9 2.5  4.7 0.1 0.2 1.1  2.2 1.0 2.3  3.4 0.8 0.9 0.3 1.4 2.4  6.4 .532 .540 .333 .514 .539 .538   F    JR
193     Kevin Woodberry   6.3 32 2002-03   Brigham Young 32 26 25.7 1.9  5.5 0.8  1.9 1.1 3.5 1.3  2.1 0.2 2.0  2.2 2.5 1.4 0.3 1.8 1.6  6.3 .354 .419 .319 .603 .485 .457   G    JR
194        James Peters   6.3 28 2003-04            UNLV 28  6 16.9 2.4  4.5 2.4  4.4 0.0 0.1 1.4  2.4 0.9 2.3  3.3 0.5 0.6 0.8 1.3 2.3  6.3 .544 .545 .500 .576 .560 .548   F    SR
195        Eric Nielsen   6.2 33 2000-01   Brigham Young 33 27 22.5 2.3  3.8 2.3  3.8 0.0 0.1 1.5  2.0 1.2 2.7  3.8 0.6 0.3 0.5 1.6 3.3  6.2 .606 .613 .333 .773 .650 .610   F    JR
196       Matt Montague   6.2 30 2001-02   Brigham Young 30 30 37.0 2.0  4.7 1.5  3.1 0.5 1.6 1.7  2.4 0.5 3.7  4.2 7.2 1.4 0.0 2.7 1.6  6.2 .423 .479 .313 .732 .532 .475   G    SR
197           Lou Kelly   6.2 18 2000-01            UNLV 18  3 12.3 2.3  6.0 1.5  3.3 0.8 2.7 0.8  0.9 0.9 1.3  2.2 1.1 0.4 0.2 1.1 1.2  6.2 .380 .450 .292 .882 .478 .444   G    JR
198         Brian Smith   6.1 34 2000-01      New Mexico 34 34 26.6 2.3  4.5 2.1  4.1 0.1 0.3 1.4  1.7 1.2 2.0  3.3 0.3 0.3 0.3 0.8 3.2  6.1 .513 .518 .455 .825 .581 .530   F    SR
199      Aerick Sanders   6.1 30 2002-03 San Diego State 30 30 26.6 2.4  4.9 2.4  4.9 0.0 0.0 1.3  1.7 3.4 4.2  7.6 1.2 0.6 0.8 1.5 3.5  6.1 .493      .493 .765 .538 .493   F    JR
200         Tim Drisdom   6.1 33 2003-04            Utah 33 32 28.8 1.7  4.0 1.2  2.4 0.5 1.6 2.2  2.7 0.3 3.4  3.7 3.6 1.1 0.1 2.9 2.4  6.1 .421 .475 .340 .789 .572 .489   G    SO
[/code]

Provided by [url=https://www.sports-reference.com/sharing.html?utm_source=direct&utm_medium=Share&utm_campaign=ShareTool]Stathead[/url]: [url=https://www.sports-reference.com/stathead/basketball/cbb/player-season-finder.cgi?utm_source=direct&utm_medium=Share&utm_campaign=ShareTool]Found with Stathead. See Full Results.[/url]
Generated 6/11/2026.