[code]                                                                                                                                                                                                   
                                                                                                                                                                                               Per 
Rk                 Player PTS/G  G  Season                      Team  G GS   MP   FG  FGA  2P  2PA  3P  3PA  FT  FTA ORB DRB  TRB AST STL BLK TOV  PF  PTS  FG%  2P%   3P%  FT%  TS% eFG% Pos Class
1           Charles Jones  30.1 30 1996-97              LIU Brooklyn 30 29 37.3 11.3 25.0 7.6 14.9 3.6 10.1 3.9          6.2  6.0 4.6 2.3 0.2 2.4 2.6 30.1 .451 .512  .360 .634 .539 .523   G    JR
2           Charles Jones  29.0 30 1997-98              LIU Brooklyn    30 36.8 10.9 24.0 7.0 12.8 3.9 11.2 3.4          5.3  5.2 7.4 2.9 0.3     3.0 29.0 .453 .548  .344 .639 .547 .533   G    SR
3             Joe Griffin  25.8 28 1994-95              LIU Brooklyn    28 37.3  9.7 19.6 9.3 18.5 0.4  1.1 6.1          9.1  8.2 2.0 1.5 0.3     3.1 25.8 .495 .503  .355 .664 .540 .505   F    SR
4          Izett Buchanan  25.4 27 1993-94                    Marist 27 26 37.0  8.8 20.7 7.3 16.0 1.5  4.7 6.2          8.5  9.4 1.4 2.3 0.3 3.5 2.8 25.4 .427 .457  .323 .734 .514 .463   G    SR
5             Ray Minlend  24.3 28 1998-99      St. Francis Brooklyn    28 33.4  7.5 16.1 6.4 11.8 1.1  4.3 8.2 10.9 1.4 2.0  3.4 2.8 2.8 0.1 3.5 2.4 24.3 .465 .541  .256 .751 .570 .499   G    SR
6          Mike Iuzzolino  24.1 32 1990-91        Saint Francis (PA) 32 32 36.5  7.1 13.1 3.9  7.0 3.2  6.1 6.7  7.6 0.8 2.2  3.0 4.0 0.9 0.0 2.5 1.8 24.1 .542 .554  .528 .885 .722 .665   G    SR
7             Desi Wilson  23.8 31 1990-91       Fairleigh Dickinson 31 31 36.1  8.6 15.2 8.5 14.9 0.1  0.3 6.6          8.9  9.2 2.2 2.2 1.0 2.6 2.6 23.8 .564 .571  .200 .736 .611 .566   C    SR
8          Alex Blackwell  22.9 29 1990-91                  Monmouth 29 28 37.8  8.5 14.9 8.5 14.9 0.0  0.0 5.8          7.3  7.6 0.9 0.8 0.7 2.6 2.1 22.9 .572       .572 .797 .622 .572   F    JR
9         Chris McGuthrie  22.3 29 1995-96           Mount St. Marys         29  7.9 18.1 4.4  9.1 3.5  9.0 3.0          3.7  2.4 3.1 1.9         0.1 22.3 .437 .483  .391 .806 .562 .534   G    SR
10            Desi Wilson  22.2 29 1989-90       Fairleigh Dickinson 29 29 36.7  8.4 14.8 8.4 14.8 0.0  0.0 5.4          8.0  9.1 1.4 2.0 1.2 1.9 2.9 22.2 .567       .567 .680 .598 .567   C    JR
11          Darrick Suber  22.2 30 1992-93                     Rider 30 30 35.7  8.2 17.3 6.1 12.0 2.1  5.4 3.7          5.2  4.0 2.1 0.8         0.2 22.2 .473 .510  .391 .701 .559 .534   G    SR
12         Darshan Luckey  21.6 28 2002-03        Saint Francis (PA) 28 28 37.5  7.2 18.8 5.5 12.9 1.6  5.9 5.6  7.2 0.8 4.4  5.1 1.6 1.7 0.3 4.1 2.3 21.6 .383 .429  .280 .777 .487 .427   G    FR
13         Brent McCollin  21.5 28 1990-91              LIU Brooklyn         28  8.5 19.7 6.5 14.8 2.0  4.9 2.5          3.5  3.5 2.0 1.8         0.3 21.5 .432 .441  .404 .724 .504 .482   G    SR
14          Jermaine Hall  21.4 32 2002-03                    Wagner 32 32 33.8  8.5 14.8 8.3 14.0 0.2  0.8 4.2  5.8 2.7 4.4  7.2 1.6 0.7 0.8 2.6 2.9 21.4 .575 .592  .269 .719 .609 .582   F    SR
15         Mike Iuzzolino  21.3 27 1989-90        Saint Francis (PA) 27 26 36.4  6.7 12.1 3.7  6.4 2.9  5.7 5.0  5.7 0.7 1.7  2.5 4.8 1.0 0.0 2.2 1.9 21.3 .552 .584  .516 .871 .718 .673   G    JR
16           Joe Anderson  21.3 32 1990-91        Saint Francis (PA) 32 32 33.2  7.4 16.4 5.2 11.1 2.2  5.3 4.3  5.8 1.7 4.6  6.3 2.4 1.7 0.5 3.3 2.8 21.3 .450 .468  .412 .750 .555 .516   F    SR
17           Antawn Dobie  21.2 26 2001-02              LIU Brooklyn 26 25 34.8  7.2 16.0 5.4  9.9 1.8  6.2 4.8  6.8 0.7 1.9  2.6 5.2 2.3 0.1 4.4 2.0 21.2 .451 .545  .300 .708 .548 .508   G    JR
18          Charles Smith  21.1 29 1995-96                     Rider         29  8.1 16.0 6.7 12.4 1.4  3.6 3.5          4.6  6.9 2.4 1.6         2.3 21.1 .505 .537  .394 .761 .580 .549   F    JR
19          Jermaine Hall  21.0 29 2001-02                    Wagner 29 29 31.9  8.3 13.8 8.1 13.5 0.1  0.3 4.3  5.7 2.8 4.2  7.0 0.9 0.8 1.2 2.2 2.8 21.0 .600 .604  .444 .759 .637 .605   F    JR
20           Joe Anderson  20.7 28 1989-90        Saint Francis (PA) 28 28 35.3  8.0 17.5 6.1 12.4 1.9  5.1 2.9  3.8 1.5 3.5  5.0 2.6 1.5 0.6 2.9 1.9 20.7 .456 .494  .364 .781 .538 .509   F    JR
21           James Felton  20.5 17 2001-02       Fairleigh Dickinson 17 16 34.2  7.5 15.1 6.5 12.2 1.1  2.9 4.4  6.5 2.8 4.5  7.4 1.8 0.3 0.6 3.9 2.6 20.5 .498 .531  .360 .673 .563 .533   C    SR
22          Steven Howard  20.2 29 2000-01      St. Francis Brooklyn 29 29 33.3  5.9 15.4 2.7  6.7 3.2  8.8 5.3  6.2 1.4 2.6  4.0 2.2 1.2 0.1 3.2 3.1 20.2 .383 .409  .362 .855 .552 .485   G    SR
23           Myron Walker  20.1 28 1993-94             Robert Morris 28 27 34.3  7.3 15.3 5.7 11.5 1.6  3.8 3.9          5.1  6.7 2.0 1.5 0.3 2.8 2.7 20.1 .480 .498  .425 .755 .569 .533   G    SR
24         Maurice Bailey  20.1 27 2003-04              Sacred Heart 27 27 33.0  6.4 15.9 5.0 11.2 1.5  4.7 5.7  6.9 1.5 2.2  3.7 2.7 2.3 0.1 3.4 2.5 20.1 .407 .444  .317 .824 .524 .453   G    SR
25            Joe Griffin  20.0 28 1992-93              LIU Brooklyn 28 28 33.2  7.8 12.9 7.7 12.8 0.0  0.1 4.5          6.6  7.1 1.3 1.4 0.7 2.0 3.2 20.0 .599 .603  .250 .685 .624 .601   F    JR
26        Chris McGuthrie  19.8 28 1992-93           Mount St. Marys 28 26 38.1  7.0 17.1 4.9 10.9 2.1  6.3 3.7          4.6  2.6 5.1 1.9 0.2 4.0 1.7 19.8 .408 .449  .337 .806 .513 .470   G    FR
27           Myron Walker  19.8 31 1991-92             Robert Morris    31 34.1  7.5 14.3 6.6 12.2 0.9  2.1 4.0          5.2  6.0 1.1 0.9         0.4 19.8 .524 .542  .415 .764 .591 .554   G    SO
28           Rick Mickens  19.8 26 1997-98 Central Connecticut State    26 35.5  6.9 17.5 4.0  9.8 2.9  7.8 3.1          3.6  3.8 2.3 2.3 0.5     3.2 19.8 .393 .406  .376 .851 .513 .476   G    SO
29          Charles Smith  19.8 29 1994-95                     Rider 29 29 33.7  8.0 16.5 7.1 14.1 0.9  2.4 2.8          4.0  5.6 2.3 1.7     2.6 2.9 19.8 .484 .502  .380 .713 .537 .513   F    SO
30        Chris McGuthrie  19.7 30 1994-95           Mount St. Marys         30  6.5 16.9 3.9  8.6 2.6  8.3 4.0          5.2  2.7 2.6 1.5         0.1 19.7 .387 .453  .319 .781 .511 .465   G    JR
31         Alex Blackwell  19.7 29 1989-90                  Monmouth 29 29 37.0  7.5 12.6 7.5 12.6 0.0  0.0 4.7          6.2  7.8 1.0 0.8 1.0 2.7 2.2 19.7 .595       .595 .765 .634 .595   F    SO
32          Mike Campbell  19.7 32 1997-98              LIU Brooklyn         32  7.0 15.2 4.9  9.5 2.1  5.7 3.5          5.4  8.3 2.8 2.8         0.3 19.7 .462 .520  .366 .651 .553 .531   F    SR
33    Frantz Pierre-Louis  19.6 27 1998-99                    Wagner    27 31.2  6.8 12.4 6.8 12.4 0.0  0.0 6.0  9.9 3.5 6.0  9.5 0.9 2.1 3.1 3.3 3.3 19.6 .549       .549 .604 .573 .549   C    SR
34             Dan Seigle  19.3 29 1997-98                    Wagner 29 27 31.8  6.5 16.1 4.7 11.4 1.8  4.7 4.5          6.8  5.7 1.3 1.1     0.5 2.1 19.3 .406 .411  .393 .663 .502 .462   F    SR
35        Richy Dominguez  19.3 28 2000-01      St. Francis Brooklyn 28 28 32.9  6.6 13.0 5.4  9.6 1.2  3.4 4.8  6.9 1.8 5.6  7.4 1.8 2.1 0.3 2.9 3.1 19.3 .510 .565  .354 .699 .592 .556   G    SR
36           Corey Albano  19.3 29 1996-97                  Monmouth    29 36.3  7.1 12.7 6.9 12.1 0.1  0.6 5.0          6.8  9.4 2.0 1.1 0.8     2.4 19.3 .559 .573  .250 .732 .606 .564   F    SR
37            Kevin Booth  19.3 27 1991-92           Mount St. Marys 27 26 36.7  5.9 14.7 3.6  9.1 2.4  5.6 5.0  6.5 1.2 1.8  3.0 4.3 1.1 0.0 4.8 3.1 19.3 .403 .389  .427 .777 .542 .484   G    JR
38        Rahsaan Johnson  19.2 29 2001-02                  Monmouth 29 29 36.4  6.8 15.2 4.7  8.6 2.1  6.7 3.4  4.5 0.5 3.9  4.4 5.3 1.7 0.3 4.1 2.3 19.2 .447 .544  .321 .763 .552 .517   G    SR
39         Maurice Carter  19.1 27 2002-03             Robert Morris 27 26 36.9  6.0 14.5 2.9  6.3 3.1  8.2 4.0  5.4 0.6 3.4  4.0 2.4 0.8 0.1 2.4 2.2 19.1 .417 .465  .380 .728 .561 .524   G    SO
40        Rahsaan Johnson  19.1 31 2000-01                  Monmouth 31 30 36.8  6.2 15.3 3.9  8.8 2.2  6.5 4.6  6.0 0.7 5.4  6.1 5.7 2.1 0.2 4.4 2.1 19.1 .403 .449  .342 .768 .528 .476   G    JR
41           Antawn Dobie  19.1 26 2002-03              LIU Brooklyn 26 26 38.4  6.3 15.5 4.9 10.1 1.3  5.4 5.2  6.4 0.8 3.3  4.0 7.4 1.7 0.1 5.7 2.0 19.1 .404 .487  .250 .813 .515 .448   G    SR
42            Gene Nabors  19.1 30 1999-00             Robert Morris 30 30 37.3  6.6 14.8 4.3  8.4 2.3  6.4 3.6  4.4 0.8 5.2  6.0 3.2 2.7 0.1 2.1 1.6 19.1 .446 .512  .359 .811 .564 .524   G    SR
43         Brent McCollin  19.0 22 1989-90              LIU Brooklyn 22      15  7.8 18.2 6.5 14.5 1.4  3.7 2.0          2.6  4.0 1.7 1.7     0.1 2.5 19.0 .430 .447  .366 .759 .489 .468   G    JR
44         Maurice Bailey  18.9 22 2001-02              Sacred Heart 22 15 31.3  6.3 14.2 5.5 11.5 0.8  2.7 5.6  7.5 1.7 2.6  4.3 2.4 1.3 0.1 3.6 2.5 18.9 .442 .478  .288 .745 .533 .470   G    SO
45          Robert Bailey  18.9 27 1995-96      St. Francis Brooklyn         27  6.9 14.1 5.1  9.3 1.8  4.8 3.4          4.4  3.3 3.0 1.5         0.1 18.9 .487 .546  .372 .771 .584 .550   G    SR
46          Billy Kurisko  18.8 30 1990-91                    Wagner 30 30 36.1  7.1 16.8 5.6 12.1 1.5  4.7 3.0  4.5 1.5 3.5  5.0 5.3 2.3     0.1 2.7 18.8 .423 .460  .326 .669 .495 .468   G    SR
47          Mike Campbell  18.7 30 1996-97              LIU Brooklyn 30 16 30.6  6.5 13.7 5.1  9.4 1.5  4.3 4.2          5.8  7.6 1.8 2.9 0.4 2.6 3.2 18.7 .478 .541  .341 .723 .570 .532   F    JR
48           John Giraldo  18.7 27 1994-95                  Monmouth 27 27 38.3  6.2 13.8 4.2  9.1 2.0  4.7 4.2          5.5  3.6 4.0 2.3 0.3 2.6 1.7 18.7 .452 .465  .425 .765 .569 .524   G    JR
49            Kevin Booth  18.5 28 1989-90           Mount St. Marys 28  6 31.6  6.1 12.3 2.9  5.5 3.2  6.7 3.1          3.7  1.9 2.4 1.4 0.0 1.6 1.8 18.5 .499 .529  .473 .845 .661 .628   G    SO
50          Jermaine Hall  18.4 29 2000-01                    Wagner 29 27 29.2  7.3 12.4 7.2 12.0 0.1  0.4 3.8  5.3 1.9 4.0  5.8 0.9 0.9 1.2 2.4 3.7 18.4 .588 .599  .250 .719 .620 .592   F    SO
51             Ron Arnold  18.4 25 1990-91      St. Francis Brooklyn 25 24 32.6  7.6 14.9 6.9 12.9 0.7  2.0 2.5  4.0 2.7 3.2  5.9 2.0 2.1 0.9 3.4 3.8 18.4 .511 .534  .360 .630 .549 .535   F    SO
52         Alex Blackwell  18.4 28 1991-92                  Monmouth    28 37.5  7.1 14.3 6.9 13.8 0.1  0.5 4.1          5.3  8.3 1.8 1.0 0.6     2.6 18.4 .495 .503  .286 .772 .547 .500   F    SR
53           Gabe Jackson  18.3 27 1994-95             Robert Morris 27 27 32.5  6.2 11.4 5.9 10.6 0.3  0.9 5.6          6.9  7.5 0.3 0.7 0.1 1.9 2.9 18.3 .545 .561  .348 .816 .625 .558   F    SR
54            Deon George  18.3 27 1992-93        Saint Francis (PA) 27 27 31.3  6.1 13.0 4.9  9.9 1.3  3.0 4.7          6.1  6.3 1.4 1.6 0.5 3.6 2.7 18.3 .474 .489  .427 .765 .576 .524   F    JR
55            Fred Ingles  18.1 28 1990-91                    Marist         28  7.0 12.4 7.0 12.3 0.0  0.1 4.0          7.1  7.0 1.3 0.9         0.4 18.1 .568 .568  .500 .566 .575 .569   F    JR
56           Ron Robinson  18.0 27 2003-04 Central Connecticut State 27 26 36.5  6.8 14.1 6.7 13.5 0.1  0.6 4.4  5.9 2.4 7.3  9.7 2.4 1.6 0.9 3.2 2.4 18.0 .480 .496  .125 .748 .533 .483   F    SR
57        Chris McGuthrie  18.0 28 1993-94           Mount St. Marys    28 36.5  6.3 16.6 4.2  9.7 2.1  6.9 3.2          3.9  3.0 4.1 1.7 0.4     3.0 18.0 .381 .432  .311 .809 .487 .446   G    SO
58          Alpha Bangura  18.0 26 1998-99                  Monmouth    26 34.1  6.9 15.1 6.4 12.9 0.5  2.2 3.7  5.1 1.9 3.6  5.5 1.0 1.5 0.2 3.2 2.0 18.0 .457 .496  .228 .722 .513 .473   G    FR
59           Bobby Hopson  17.9 26 1991-92                    Wagner         26  5.8 12.5 4.1  8.8 1.7  3.8 4.7          6.5  3.8 2.4 1.9         0.4 17.9 .460 .469  .439 .732 .574 .526   G    SO
60           Bobby Hopson  17.9 27 1993-94                    Wagner 27 25 34.3  5.9 14.3 3.5  8.1 2.3  6.2 3.8          5.3  4.3 2.3 1.6 0.3 2.3 2.8 17.9 .409 .434  .377 .725 .531 .491   G    SR
61           Myron Walker  17.8 25 1992-93             Robert Morris 25 25 33.3  7.0 14.0 6.3 12.4 0.7  1.6 3.2          4.0  5.3 1.9 1.4 0.2 3.1 2.2 17.8 .500 .510  .425 .790 .561 .524   G    JR
62           Rick Mickens  17.8 26 1999-00 Central Connecticut State 26 26 37.1  6.5 14.2 3.9  7.5 2.6  6.6 2.3  3.4 1.8 3.2  5.0 2.9 3.6 0.8 2.3 2.2 17.8 .457 .515  .390 .663 .563 .548   G    SR
63           Elijah Allen  17.8 29 1997-98       Fairleigh Dickinson         29  5.0 10.0 3.2  5.9 1.8  4.1 6.1          7.6  3.7 5.5 1.7         0.0 17.8 .495 .544  .425 .800 .651 .582   G    SR
64         Rahshon Turner  17.8 29 1997-98       Fairleigh Dickinson         29  6.6 12.1 6.6 12.1 0.0  0.0 4.6          6.8 10.8 1.6 1.1         2.2 17.8 .543 .544  .000 .672 .577 .543   F    SR
65        Rahsaan Johnson  17.7 27 1999-00                  Monmouth 27 27 35.0  6.1 14.7 4.3  8.9 1.9  5.8 3.6  4.5 1.5 3.9  5.4 3.1 2.0 0.1 3.7 2.4 17.7 .418 .481  .321 .802 .527 .481   G    SO
66         Landy Thompson  17.7 29 2003-04           Mount St. Marys 29 29 35.8  5.8 15.1 3.4  8.3 2.4  6.8 3.6  4.8 1.0 2.7  3.7 2.9 1.4 0.1 3.2 2.5 17.7 .387 .407  .362 .736 .508 .468   G    SO
67          Steven Howard  17.6 28 1999-00      St. Francis Brooklyn 28 28 28.9  6.2 13.9 4.4  8.9 1.8  5.0 3.5  4.5 2.5 1.8  4.3 1.5 1.2 0.1 2.8 3.3 17.6 .444 .488  .364 .770 .549 .509   G    JR
68          Antwan Dasher  17.6 28 1994-95       Fairleigh Dickinson 28       0  5.4 11.9 3.3  6.3 2.1  5.6 4.8          6.4  2.8 2.0 1.1         0.2 17.6 .452 .517  .378 .753 .592 .541   G    SR
69          Lamont Street  17.6 28 1993-94                    Wagner 28 28 35.3  5.8 13.0 3.1  6.4 2.6  6.6 3.5          4.4  3.7 3.0 1.5 0.3 2.8 3.1 17.6 .441 .486  .398 .782 .582 .542   F    SR
70         Darshan Luckey  17.6 28 2003-04        Saint Francis (PA) 28 28 34.3  5.8 14.6 4.7 11.3 1.1  3.3 4.8  6.1 1.0 3.5  4.5 1.5 1.4 0.3 3.2 1.6 17.6 .400 .419  .333 .789 .503 .438   G    SO
71             Dan Seigle  17.5 26 1996-97                    Wagner    26 34.3  6.4 15.2 5.3 12.3 1.2  3.0 3.5          4.5  6.2 1.5 0.8         0.6 17.5 .422 .429  .390 .780 .504 .460   F    JR
72         Izett Buchanan  17.5 30 1991-92                    Marist    30 30.0  6.5 12.7 6.4 11.7 0.1  1.0 4.4          6.8  6.8 1.1 1.2 0.5     3.0 17.5 .513 .544  .138 .650 .552 .518   G    SO
73         Collin Charles  17.5 25 2000-01                Quinnipiac 25 18 26.9  6.0 12.6 4.8  9.0 1.2  3.6 4.4  5.5 0.6 2.4  3.0 3.1 1.0 0.2 3.2 2.5 17.5 .473 .527  .337 .803 .576 .521   G    SR
74            Eric Taylor  17.5 27 1997-98        Saint Francis (PA)    27 34.8  5.7 10.0 5.7 10.0 0.0  0.0 6.2          8.2 11.9 1.2 1.1 0.7     2.9 17.5 .567 .569  .000 .752 .630 .567   C    SR
75              Tony Rice  17.5 27 1994-95                    Wagner 27 27 36.4  4.9 12.6 1.9  5.5 3.0  7.0 4.7          5.8  5.0 6.0 1.1 0.1 3.9 2.4 17.5 .389 .349  .421 .821 .571 .507   G    JR
76          Rashaun Banjo  17.5 28 2003-04                Quinnipiac 28 28 32.9  6.6 13.7 5.2 10.4 1.4  3.3 3.0  4.0 2.0 5.6  7.6 1.5 1.3 0.3 2.6 3.3 17.5 .479 .502  .409 .748 .560 .529   F    SR
77           Jason Morgan  17.4 28 2001-02      St. Francis Brooklyn 28 26 33.3  5.7 14.8 2.1  4.9 3.6  9.9 2.5  3.1 0.7 2.6  3.3 3.0 1.9 0.2 3.9 2.7 17.4 .383 .428  .361 .802 .534 .504   G    SR
78           Danny Basile  17.3 28 1994-95                    Marist 28 27 34.5  5.9 14.0 3.1  6.2 2.8  7.8 2.6          3.0  3.6 3.1 1.5 0.2 2.4 1.3 17.3 .423 .506  .358 .881 .560 .523   G    JR
79            Bill Romano  17.3 30 2001-02                Quinnipiac 30 30 32.9  7.5 14.5 7.5 14.5 0.0  0.0 2.3  4.2 2.5 3.7  6.2 1.4 0.7 0.4 2.1 3.5 17.3 .515       .515 .551 .523 .515   F    SR
80             Rich Henry  17.2 25 1989-90              LIU Brooklyn 25      24  6.2 14.2 5.6 11.9 0.6  2.3 4.2          5.9  5.7 1.8 1.9     0.2 2.7 17.2 .438 .468  .281 .709 .508 .460   F    JR
81           Corey Albano  17.2 30 1995-96                  Monmouth         30  6.2 10.9 6.1 10.4 0.1  0.5 4.7          6.6  7.3 0.8 1.2         1.0 17.2 .567 .585  .200 .721 .614 .572   F    JR
82          Dave Masciale  17.1 28 1995-96              LIU Brooklyn 28 28 34.7  6.2 16.1 4.0  8.9 2.3  7.3 2.5          3.1  5.1 5.1 2.4 0.1 3.9 3.5 17.1 .385 .446  .310 .784 .486 .455   G    JR
83         Gregory Harris  17.0 30 1998-99           Mount St. Marys    30 34.3  6.3 14.9 4.1  8.8 2.2  6.1 2.2  2.8 1.2 4.1  5.2 4.4 2.0 0.2 3.4 1.6 17.0 .422 .466  .359 .798 .524 .496   G    JR
84         Chaz McCrommon  17.0 29 2003-04             Robert Morris 29 29 38.6  6.4 12.3 5.4  9.8 1.0  2.5 3.2  4.1 1.9 3.4  5.3 2.6 0.7 0.6 2.9 2.0 17.0 .520 .551  .397 .773 .595 .560   F    JR
85         Gregory Harris  17.0 29 1999-00           Mount St. Marys 29 29 35.4  5.8 14.9 3.8  8.3 2.0  6.7 3.4  4.1 1.0 4.2  5.2 3.8 1.6 0.0 2.8 1.9 17.0 .388 .458  .301 .832 .504 .455   G    SR
86             Riley Inge  17.0 29 1995-96           Mount St. Marys         29  5.9 12.6 4.2  8.3 1.7  4.3 3.4          4.2  6.5 5.8 2.7         0.3 17.0 .470 .513  .389 .813 .581 .537   G    SR
87        Charles Hatcher  17.0 27 1992-93      St. Francis Brooklyn 27 26 34.9  6.6 15.9 4.6 10.3 2.0  5.7 1.8          2.6  2.2 2.0 2.2 0.8 2.9 2.9 17.0 .414 .451  .346 .710 .495 .476   G    SR
88          Robert Bailey  17.0 27 1994-95      St. Francis Brooklyn 27 18 33.6  5.8 14.1 3.7  8.1 2.0  5.9 3.4          4.1  2.6 2.0 1.1 0.3 3.0 3.0 17.0 .411 .459  .344 .813 .529 .483   G    JR
89            Gene Nabors  16.9 27 1998-99             Robert Morris    27 35.4  5.5 12.7 3.4  6.6 2.1  6.1 3.9  4.4 0.7 5.2  5.9 4.6 3.0 0.2 3.2 1.7 16.9 .433 .511  .348 .874 .573 .516   G    JR
90            Milan Rikic  16.9 27 1994-95                    Wagner 27 27 33.8  6.1 13.3 4.8 10.0 1.3  3.3 3.3          4.7  4.0 0.8 0.4 0.1 2.9 3.0 16.9 .461 .481  .400 .706 .544 .511   F    SR
91           Antawn Dobie  16.9 13 2000-01              LIU Brooklyn 13  0 28.5  5.7 12.5 4.3  8.2 1.4  4.4 4.2  5.3 0.3 1.5  1.8 3.9 2.1 0.2 2.2 1.9 16.9 .454 .528  .316 .783 .562 .509   G    SO
92          Charles Smith  16.9 30 1993-94                     Rider 30 28 31.0  7.1 13.1 7.1 13.0 0.0  0.1 2.6          3.4  7.2 1.5 1.3     2.5 2.3 16.9 .543 .546  .250 .757 .572 .544   F    FR
93          Antwan Dasher  16.9 27 1993-94       Fairleigh Dickinson 27 27 35.9  4.9 12.2 3.0  7.0 1.9  5.2 5.2          6.9  2.0 4.7 1.6 0.2 3.6 2.9 16.9 .401 .436  .355 .762 .546 .477   G    JR
94          Harkeem Dixon  16.8 28 1991-92        Saint Francis (PA) 28 24 30.5  5.5 13.1 2.9  6.2 2.5  6.9 3.4          4.4  4.1 1.9 1.2 0.1 2.1 2.5 16.8 .416 .471  .366 .764 .552 .512   G    SR
95            Alan Tomidy  16.8 29 1995-96                    Marist         29  5.5 10.3 5.5 10.3 0.0  0.0 5.8          8.3 11.3 1.3 0.7         3.9 16.8 .535       .535 .693 .589 .535   C    SR
96        Wesley Fluellen  16.7 29 2000-01             Robert Morris 29 25 28.8  6.4 11.6 6.1 10.5 0.2  1.1 3.7  4.8 1.7 3.2  4.9 1.6 1.3 0.3 2.8 1.6 16.7 .549 .584  .219 .764 .600 .559   F    JR
97             Deon Hames  16.7 28 1994-95                     Rider 28 28 36.4  5.3 10.7 3.4  6.0 1.9  4.7 4.1          5.3  3.0 5.8 1.4 0.0 3.0 2.1 16.7 .497 .568  .405 .779 .630 .585   G    JR
98          Jermaine Hall  16.6 27 1999-00                    Wagner 27 27 30.9  7.0 12.9 7.0 12.7 0.1  0.2 2.4  3.9 2.7 3.8  6.5 1.4 1.1 1.1 2.7 3.1 16.6 .544 .547  .400 .619 .560 .547   F    FR
99         Gordon Klaiber  16.5 28 2003-04       Fairleigh Dickinson 28 28 34.3  6.3 13.6 4.8  9.4 1.5  4.2 2.5  3.3 2.0 4.4  6.4 0.8 1.0 1.4 1.7 3.2 16.5 .461 .511  .347 .753 .543 .514   F    SO
100        Chaz McCrommon  16.4 27 2002-03             Robert Morris 27 27 37.1  6.6 13.4 5.4 10.5 1.2  3.0 2.1  3.0 2.9 3.1  6.0 2.1 0.6 0.7 2.2 2.6 16.4 .490 .516  .400 .683 .552 .534   F    SO
101       Misha Mutavdzic  16.4 28 1991-92                    Wagner         28  6.8 12.8 6.7 12.8 0.0  0.0 2.9          4.0  9.9 1.6 0.8         2.8 16.4 .526 .525 1.000 .717 .557 .528   C    FR
102           Alan Tomidy  16.4 28 1994-95                    Marist 28 28 33.8  6.1 10.6 6.1 10.6 0.0  0.0 4.2          5.7  8.0 1.3 0.3 2.7 2.5 3.0 16.4 .576       .576 .731 .615 .576   C    JR
103        Charron Watson  16.3 27 1998-99 Central Connecticut State    27 30.5  6.0 11.6 6.0 11.6 0.0  0.0 4.4  6.5 3.1 3.9  7.0 0.5 0.7 0.3 2.4 2.4 16.3 .513       .513 .676 .555 .513   F    SR
104        Blake Hamilton  16.3 33 2003-04                  Monmouth 33 32 30.1  4.8 10.8 4.7 10.2 0.1  0.6 6.5  8.5 2.5 4.0  6.4 1.6 1.0 0.4 2.7 3.1 16.3 .449 .466  .190 .764 .550 .455   F    JR
105         Angel Santana  16.3 30 1999-00      St. Francis Brooklyn 30 30 36.1  5.3 13.8 2.0  4.3 3.3  9.5 2.4  3.0 1.1 4.0  5.1 1.4 1.1 0.1 1.5 2.2 16.3 .385 .457  .352 .798 .537 .506   F    SR
106          Myron Walker  16.3 21 1990-91             Robert Morris         21  6.1 12.6 5.8 11.3 0.4  1.2 3.6          4.3  4.6 1.2 0.9 0.1 2.1 2.2 16.3 .489 .508  .308 .844 .557 .504   G    FR
107       Corsley Edwards  16.2 28 2000-01 Central Connecticut State 28 23 29.8  5.8 11.0 5.8 10.9 0.0  0.0 4.7  6.5 3.6 4.3  7.9 0.8 1.4 1.3 1.7 3.0 16.2 .524 .526  .000 .729 .578 .524   C    JR
108           Deon George  16.2 28 1993-94        Saint Francis (PA) 28 28 31.6  5.3 11.5 4.0  8.3 1.3  3.1 4.3          6.3  6.3 1.4 1.6 0.8 2.2 3.0 16.2 .464 .485  .409 .680 .560 .520   F    SR
109          Gerry Crosby  16.2 31 2000-01                  Monmouth 31 31 34.4  5.5 12.1 3.5  6.5 2.0  5.7 3.1  3.9 0.8 2.9  3.7 1.8 1.5 0.5 2.1 2.2 16.2 .455 .540  .358 .800 .579 .539   F    SR
110         William Lewis  16.1 29 1991-92                  Monmouth         29  5.9 10.4 5.6  9.7 0.3  0.7 4.1          4.7  5.1 2.3 1.0         0.2 16.1 .565 .571  .474 .881 .641 .580   F    SR
111         Chris Temming  16.1 28 1993-94        Saint Francis (PA) 28 28 29.2  6.6 12.9 6.6 12.8 0.0  0.1 2.9          4.8  5.8 1.3 1.3 0.3 2.5 3.0 16.1 .512 .515  .000 .609 .532 .512   F    SR
112         Richie Parker  16.1 29 1996-97              LIU Brooklyn 29 29 33.8  6.3 14.6 5.5 11.5 0.8  3.1 2.8          5.3  7.6 2.1 2.0 0.1 2.1 2.2 16.1 .429 .480  .242 .519 .469 .455   F    FR
113        Nate Pondexter  16.0 28 1999-00                Quinnipiac 28 28 34.0  5.9 14.0 4.8 11.3 1.1  2.7 3.1  4.3 1.8 5.2  6.9 5.5 2.1 0.7 4.9 2.7 16.0 .421 .424  .408 .739 .501 .460   G    SR
114          Jason Feeley  16.0 28 1994-95              LIU Brooklyn         28  5.9 15.1 4.3 10.3 1.7  4.9 2.5          3.3  3.5 1.2 2.1         0.1 16.0 .392 .413  .346 .750 .479 .447   G    SO
115        Maurice Bailey  16.0 29 2002-03              Sacred Heart 29 26 30.3  5.4 13.2 4.7 10.6 0.7  2.6 4.4  5.8 1.8 2.3  4.1 2.2 1.7 0.1 2.6 2.3 16.0 .411 .443  .280 .768 .502 .438   G    JR
116          Bobby Hopson  16.0 30 1992-93                    Wagner 30 30 33.7  5.2 11.4 2.6  5.7 2.6  5.7 3.0          4.0  3.4 2.2 1.8 1.0 2.0 3.1 16.0 .455 .459  .450 .744 .598 .567   G    JR
117          Danny Basile  16.0 29 1995-96                    Marist         29  5.0 13.6 2.5  5.6 2.5  8.0 3.4          4.1  3.0 3.1 1.2         0.1 16.0 .368 .447  .313 .847 .514 .461   G    SR
118        Peter Mulligan  16.0 28 2001-02                      UMBC 28 27 32.0  5.4 13.3 4.8 10.6 0.7  2.7 4.4  5.5 2.3 5.5  7.8 3.1 1.8 0.4 2.6 2.2 16.0 .408 .446  .253 .805 .501 .433   F    SO
119         Richie Parker  15.9 32 1997-98              LIU Brooklyn    32 31.0  6.6 12.9 6.4 12.2 0.2  0.7 2.7          6.3  7.3 1.4 1.7         0.2 15.9 .508 .526  .217 .421 .501 .515   F    SO
120          Terence Ward  15.9 29 1999-00                      UMBC 29 29 33.6  5.0 13.1 2.5  5.5 2.5  7.7 3.3  3.9 0.3 2.1  2.4 1.8 1.2 0.1 2.7 2.1 15.9 .383 .459  .329 .850 .530 .479   G    JR
121     Kareem Washington  15.8 27 2002-03                      UMBC 27 26 32.6  5.7 14.4 4.2  9.2 1.6  5.2 2.7  3.6 1.4 3.3  4.7 2.9 1.7 0.1 2.9 2.5 15.8 .397 .454  .298 .755 .488 .451   G    JR
122             Andy Lake  15.8 29 1991-92                    Marist         29  5.7 12.4 2.9  6.1 2.8  6.3 1.5          1.9  2.6 1.6 1.1         0.0 15.8 .460 .480  .440 .786 .590 .572   G    JR
123            Chris Ekwe  15.7 28 2000-01       Fairleigh Dickinson 28 28 31.0  5.5  9.8 5.5  9.8 0.0  0.0 4.6  8.0 3.0 6.1  9.1 1.4 1.0 0.9 2.7 3.8 15.7 .564       .564 .578 .576 .564   C    SR
124          Terence Ward  15.7 29 2000-01                      UMBC 29 27 29.8  4.6 11.7 1.8  4.1 2.8  7.5 3.8  4.4 0.6 1.8  2.3 2.4 1.3 0.1 1.8 2.4 15.7 .391 .425  .372 .866 .571 .510   G    SR
125        Landy Thompson  15.6 27 2002-03           Mount St. Marys 27 27 34.7  5.0 14.1 2.7  7.6 2.3  6.4 3.3  4.7 1.6 2.7  4.3 2.6 1.6 0.1 2.2 2.7 15.6 .355 .354  .356 .701 .478 .437   G    FR
126          Danny Basile  15.6 27 1993-94                    Marist 27 25 33.1  5.1 13.5 2.9  7.3 2.2  6.2 3.1          3.3  2.4 4.3 1.3 0.2 4.1 1.8 15.6 .379 .396  .359 .944 .517 .462   G    SO
127        Rahshon Turner  15.5 28 1996-97       Fairleigh Dickinson    28 31.1  5.5  9.6 5.5  9.5 0.0  0.1 4.6          6.7  8.2 1.4 1.1 1.5     2.9 15.5 .571 .577  .000 .690 .610 .571   F    JR
128           Joe Griffin  15.5 27 1991-92              LIU Brooklyn    27 27.3  6.0 10.8 6.0 10.7 0.0  0.1 3.5          5.0  5.3 0.8 1.1 0.5     2.3 15.5 .555 .559  .250 .701 .589 .557   F    SO
129        Peter Mulligan  15.5 29 2000-01                      UMBC 29 20 31.2  5.5 11.8 4.7  9.1 0.8  2.7 3.8  5.3 2.4 3.1  5.5 2.4 1.7 0.3 2.5 2.1 15.5 .465 .519  .282 .714 .542 .497   F    FR
130            Rob Monroe  15.5 25 2003-04                Quinnipiac 25 25 36.1  4.8 12.7 2.4  6.0 2.4  6.6 3.4  4.3 0.5 2.7  3.2 5.2 1.4 0.0 2.0 2.6 15.5 .382 .404  .361 .794 .526 .476   G    JR
131        Gregory Harris  15.5 28 1997-98           Mount St. Marys    28 37.6  5.6 13.3 3.6  7.6 2.1  5.7 2.1          2.9  4.9 5.6 1.8         0.3 15.5 .426 .472  .365 .728 .529 .504   G    SO
132      Wendell Brereton  15.5 28 1991-92       Fairleigh Dickinson 28 27 33.9  5.0 10.3 5.0 10.2 0.0  0.1 5.4          7.5  6.7 0.8 0.5 1.4 3.3 2.6 15.5 .484 .488  .250 .724 .557 .486   C    SR
133       Bronski Dockery  15.4 29 2002-03      St. Francis Brooklyn 29 29 30.0  5.1 13.1 3.3  7.2 1.8  5.9 3.6  4.9 1.2 2.9  4.1 3.3 1.9 0.1 3.3 3.4 15.4 .386 .459  .297 .725 .499 .453   G    SR
134           Dean Borges  15.4 26 1989-90                    Wagner 26 25 32.1  5.2 12.2 1.9  4.4 3.3  7.8 1.6  2.2 1.1 4.1  5.2 1.6 1.7 0.5 1.4 2.5 15.4 .430 .430  .431 .737 .584 .568   G    JR
135       Corsley Edwards  15.4 32 2001-02 Central Connecticut State 32 32 31.0  5.6 11.0 5.6 11.0 0.0  0.0 4.3  5.6 4.0 4.7  8.7 1.0 1.4 1.5 2.2 2.4 15.4 .504       .504 .761 .562 .504   C    SR
136         Richie Parker  15.4 26 1998-99              LIU Brooklyn    26 31.7  6.3 12.7 6.3 12.5 0.0  0.2 2.8  5.5 2.6 2.9  5.5 1.8 1.2 0.2 3.4 1.5 15.4 .494 .503  .000 .521 .503 .494   F    JR
137            Andre Boyd  15.4 28 1990-91             Robert Morris         28  5.0 10.8 3.3  6.7 1.7  4.1 3.7          4.8  3.1 4.9 1.7 0.1 2.6 3.0 15.4 .464 .495  .412 .769 .588 .541   G    SR
138          Glenn Stokes  15.3 24 1993-94                  Monmouth 24 22 38.3  6.2 10.0 6.2 10.0 0.0  0.0 3.0          4.7  9.3 2.4 0.8 0.4 2.7 2.4 15.3 .614       .614 .643 .625 .614   C    JR
139       Bronski Dockery  15.3 20 2001-02      St. Francis Brooklyn 20 18 34.4  5.1 11.0 3.1  6.0 2.0  5.0 3.2  5.2 1.1 3.0  4.1 3.8 2.7 0.1 4.0 2.9 15.3 .461 .517  .394 .615 .568 .550   G    JR
140         John Quintana  15.2 28 2003-04      St. Francis Brooklyn 28 22 30.9  4.9 13.9 3.1  7.9 1.9  6.0 3.5  4.4 0.9 2.4  3.3 2.6 0.7 0.0 3.1 2.3 15.2 .354 .387  .310 .789 .474 .421   G    SO
141           Brian Jones  15.1 29 1990-91      St. Francis Brooklyn 29 28 33.8  5.2 11.2 5.0 10.2 0.3  1.0 4.4  5.7 2.2 3.6  5.8 2.2 1.1 0.2 2.6 2.6 15.1 .468 .488  .267 .770 .544 .480   F    JR
142         Shannon Shell  15.1 12 1990-91              LIU Brooklyn         12  6.1 15.6 5.8 14.5 0.3  1.1 2.7          4.6  9.8 1.4 0.9         1.8 15.1 .390 .402  .231 .582 .425 .398   F    JR
143        Ivan Patterson  15.1 27 1993-94      St. Francis Brooklyn 27 25 33.1  5.9 15.5 4.7 11.4 1.1  4.1 2.3          4.0  6.2 2.5 2.2 0.5 3.1 3.4 15.1 .377 .414  .273 .565 .433 .413   F    JR
144          Jason Feeley  15.1 28 1995-96              LIU Brooklyn 28 20 30.9  5.5 16.6 3.6  9.1 1.9  7.5 2.3          3.3  4.2 1.8 1.5 0.1 2.1 2.7 15.1 .330 .396  .249 .703 .416 .386   G    JR
145         Antwan Dasher  15.0 23 1992-93       Fairleigh Dickinson 23 17 31.4  4.8 10.4 3.3  6.8 1.4  3.6 4.0          5.4  3.0 3.6 1.5 0.1 4.0 2.5 15.0 .458 .490  .398 .744 .578 .527   G    SO
146             John Tice  15.0 28 1999-00 Central Connecticut State 28 28 26.6  5.0 12.0 3.9  8.8 1.0  3.2 4.1  5.2 1.3 3.8  5.1 2.2 1.4 0.5 3.0 3.1 15.0 .415 .447  .326 .786 .521 .458   F    JR
147          John Giraldo  15.0 29 1993-94                  Monmouth 29 29 34.8  5.1 11.3 3.6  7.3 1.6  4.0 3.1          4.2  3.1 5.0 2.3 0.2 3.1 1.9 15.0 .453 .484  .397 .752 .563 .523   G    SO
148           Rob Wooster  15.0 28 1994-95        Saint Francis (PA) 28 26 33.2  4.9 10.8 1.9  4.6 2.9  6.2 2.3          2.7  2.9 2.1 0.9 0.1 1.8 1.9 15.0 .450 .422  .471 .867 .621 .586   F    JR
149         William Lewis  15.0 27 1989-90                  Monmouth 27 26 37.1  5.8  9.7 5.0  8.4 0.8  1.3 2.6          2.9  5.4 2.4 0.7 0.4 1.5 0.8 15.0 .597 .596  .600 .873 .672 .637   F    SO
150        Maurice Carter  14.9 29 2003-04             Robert Morris 29 25 34.9  4.7 12.5 2.5  5.7 2.2  6.8 3.2  4.3 0.4 3.0  3.4 3.2 1.0 0.0 2.6 2.2 14.9 .378 .442  .325 .758 .513 .467   G    JR
151        Dwayne Byfield  14.9 28 2002-03                  Monmouth 28 27 35.0  4.9 12.6 2.3  5.6 2.6  7.0 2.6  2.8 0.6 3.0  3.6 1.5 1.5 0.0 1.9 2.2 14.9 .385 .404  .371 .911 .534 .489   G    SO
152            Dan Seigle  14.9 27 1995-96                    Wagner    27 31.5  5.6 13.6 3.8  8.9 1.7  4.7 2.0          2.7  5.0 1.1 0.9         0.6 14.9 .410 .431  .370 .764 .502 .474   F    SO
153           Kevin Booth  14.9 28 1992-93           Mount St. Marys 28 28 33.5  5.0 10.9 2.6  5.9 2.4  5.0 2.5          3.3  3.2 1.6 1.0 0.0 1.9 2.5 14.9 .458 .442  .475 .742 .594 .567   G    SR
154          Ricky Cannon  14.9 28 1990-91             Robert Morris         28  5.3 10.1 5.3 10.1 0.0  0.0 4.2          5.5  7.6 1.1 0.8 0.2 2.6 3.1 14.9 .527 .525 1.000 .765 .585 .528   C    JR
155            Riley Inge  14.8 30 1994-95           Mount St. Marys         30  5.3 11.1 3.9  7.2 1.4  3.9 2.7          3.4  4.7 5.0 2.5         0.2 14.8 .482 .544  .368 .796 .584 .547   G    JR
156         Dave Calloway  14.8 29 1989-90                  Monmouth 29 29 35.1  5.2 11.4 1.8  4.1 3.3  7.3 1.1          1.2  2.4 3.1 1.2 0.1 2.4 1.6 14.8 .452 .442  .458 .914 .615 .598   G    JR
157        Izett Buchanan  14.8 14 1992-93                    Marist 14 12 29.2  5.5 11.9 5.5 11.8 0.0  0.1 3.8          6.5  6.5 1.4 1.7 0.2 2.4 2.6 14.8 .461 .467  .000 .582 .492 .461   G    JR
158          Terence Ward  14.8 28 1998-99                      UMBC    28 33.5  4.1 10.6 1.3  3.5 2.8  7.1 3.7  4.2 0.6 1.9  2.5 2.8 1.8 0.1 2.4 1.6 14.8 .391 .381  .395 .873 .586 .524   G    SO
159           Alan Tomidy  14.8 27 1993-94                    Marist 27 27 32.3  5.3  8.9 5.3  8.9 0.0  0.0 4.3          6.0  7.5 0.9 0.4 2.0 2.5 3.4 14.8 .594       .594 .714 .632 .594   C    SO
160         William Lewis  14.7 28 1990-91                  Monmouth 28 27 38.1  5.6 10.8 5.4  9.8 0.3  1.0 3.3          3.6  4.6 2.8 0.8 0.4 1.5 1.1 14.7 .520 .545  .259 .901 .589 .531   F    JR
161            Ron Arnold  14.7 27 1992-93      St. Francis Brooklyn 27 27 33.1  5.5 11.9 5.5 11.8 0.0  0.1 3.7          5.1  6.6 1.9 2.2 0.3 3.1 3.3 14.7 .461 .464  .000 .727 .513 .461   F    SR
162         Billy Kurisko  14.7 28 1989-90                    Wagner 28 28 35.3  5.2 12.0 4.0  8.4 1.2  3.6 3.0  4.0 0.6 2.3  3.0 6.8 1.1 0.1 3.1 2.4 14.7 .433 .477  .333 .766 .527 .484   G    JR
163           Milan Rikic  14.7 28 1993-94                    Wagner 28 28 31.5  5.5 11.9 4.4  8.9 1.1  3.0 2.6          3.4  6.2 1.2 0.4 0.4 2.5 2.8 14.7 .462 .492  .373 .758 .543 .509   F    JR
164         Donald Taylor  14.6 28 1994-95       Fairleigh Dickinson         28  4.9 11.8 3.9  7.6 1.1  4.2 3.7          5.8  5.0 2.7 1.1         0.2 14.6 .419 .509  .256 .646 .506 .465   G    SR
165          Brad McClain  14.6 28 1991-92       Fairleigh Dickinson 28 28 33.5  5.0 11.6 2.6  5.4 2.4  6.1 2.1          2.8  4.8 1.4 1.0 0.1 2.7 1.9 14.6 .432 .474  .395 .779 .566 .537   F    SR
166           Eric Taylor  14.6 27 1996-97        Saint Francis (PA)    27 31.3  4.9  8.9 4.9  8.8 0.0  0.1 4.7          6.9 11.3 0.8 0.6 0.9     2.5 14.6 .552 .559  .000 .683 .597 .552   C    JR
167       Tanner Robinson  14.5 24 1992-93       Fairleigh Dickinson 24 24 37.0  5.8 11.1 5.7 10.7 0.0  0.5 3.0          5.2  9.4 0.5 1.0 1.1 3.4 3.3 14.5 .517 .535  .091 .581 .535 .519   F    JR
168           John Thomas  14.5 28 1996-97      St. Francis Brooklyn 28 28 38.3  4.3  9.9 3.8  8.2 0.5  1.7 5.4          6.8  3.1 3.9 1.6 0.1 3.5 2.6 14.5 .437 .463  .313 .785 .553 .464   G    JR
169            Deon Hames  14.5 30 1993-94                     Rider 30 30 31.8  4.6 10.7 3.3  7.2 1.3  3.4 4.1          5.7  3.4 4.5 1.5 0.0 2.9 3.1 14.5 .428 .452  .379 .724 .544 .489   G    SO
170            Ron Arnold  14.5 17 1991-92      St. Francis Brooklyn         17  5.3 10.9 5.1 10.6 0.2  0.3 3.8          4.7  4.9 1.2 1.4         0.5 14.5 .484 .481  .600 .800 .551 .492   F    JR
171            Ray Rivera  14.5 27 2000-01              LIU Brooklyn 27 17 26.5  4.7 10.4 2.2  4.2 2.6  6.2 2.5  3.0 2.0 3.6  5.6 1.2 1.7 0.4 2.1 2.4 14.5 .454 .518  .411 .838 .613 .576   G    SR
172            Lynn Smith  14.5 29 1990-91      St. Francis Brooklyn 29 27 34.9  5.2 11.3 4.6  8.8 0.6  2.5 3.5  5.3 1.8 3.1  4.9 6.4 3.4     0.2 3.5 14.5 .459 .518  .250 .667 .525 .486   G    JR
173           Keith Jones  14.5 27 1998-99             Robert Morris    27 28.3  5.5 10.8 5.5 10.7 0.0  0.1 3.5  4.9 2.5 3.2  5.7 0.9 1.2 0.1 2.9 3.0 14.5 .507 .510  .000 .720 .551 .507   F    SR
174          Cliff Strong  14.5 23 2000-01      St. Francis Brooklyn 23 21 27.7  5.0  9.1 5.0  9.0 0.0  0.1 4.5  6.5 3.2 4.0  7.1 0.4 1.0 0.3 1.8 2.5 14.5 .548 .556  .000 .691 .593 .548   F    SO
175          Lester James  14.4 29 1991-92      St. Francis Brooklyn         29  5.1  9.0 4.3  6.8 0.8  2.2 3.6          4.6  8.7 1.9 1.8         1.0 14.4 .563 .635  .344 .769 .645 .605   C    SR
176       Terrence Martin  14.4 27 1996-97        Saint Francis (PA)    27 33.0  5.0 11.9 3.2  8.0 1.7  4.0 2.8          3.7  5.9 2.2 0.6 0.2     2.6 14.4 .416 .405  .439 .758 .528 .489   F    SR
177        Rahshon Turner  14.4 27 1995-96       Fairleigh Dickinson 27 27 27.4  5.4  9.3 5.4  9.3 0.0  0.0 3.5          5.3  6.7 0.7 0.6 0.7 3.5 3.4 14.4 .586       .586 .669 .611 .586   F    SO
178         Steve Mickens  14.4 27 1989-90      St. Francis Brooklyn 27 18 28.9  5.1 13.7 3.0  7.4 2.1  6.3 2.0          2.5  6.8 1.2 1.1 0.4 2.2 3.1 14.4 .376 .407  .339 .779 .483 .454   F    SR
179        Nate Pondexter  14.4 27 1998-99                Quinnipiac    27 33.9  4.9 10.3 4.6  8.9 0.3  1.4 4.3  5.8 2.4 6.1  8.6 5.3 2.0 0.6 4.9 3.3 14.4 .477 .521  .189 .745 .552 .489   G    JR
180       Richy Dominguez  14.3 30 1999-00      St. Francis Brooklyn 30 30 30.3  5.3 11.5 4.5  8.8 0.8  2.7 2.8  4.1 2.1 4.7  6.8 2.3 1.8 0.1 2.6 2.8 14.3 .464 .513  .300 .697 .532 .499   G    JR
181          John Giraldo  14.2 27 1992-93                  Monmouth 27 26 36.4  5.2 12.2 3.6  7.9 1.6  4.3 2.3          2.9  2.8 4.0 2.9 0.2 3.4 1.6 14.2 .424 .455  .368 .782 .523 .489   G    FR
182        Norman Marbury  14.2 23 1993-94      St. Francis Brooklyn 23 15 25.2  5.3 12.0 5.1 10.3 0.2  1.7 3.4          5.0  3.4 2.8 1.3 0.5 3.2 2.3 14.2 .444 .494  .132 .672 .495 .453   G    JR
183         Steve Paterno  14.2 28 1989-90                    Marist         28  4.6 10.7 1.8  4.4 2.8  6.3 2.2          3.0  4.1 1.8 1.4         1.0 14.2 .431 .403  .451 .726 .587 .564   G    JR
184   Frantz Pierre-Louis  14.2 24 1995-96                    Wagner         24  5.0  8.5 5.0  8.5 0.0  0.0 4.3          6.0  9.7 0.4 0.7         2.3 14.2 .583       .583 .710 .625 .583   C    SO
185           Kareem Hill  14.2 29 1995-96                    Marist         29  5.1 10.7 3.8  7.7 1.2  3.0 2.8          4.6  9.2 1.2 0.9         1.0 14.2 .474 .496  .419 .621 .553 .532   F    SR
186          John Giraldo  14.2 30 1995-96                  Monmouth         30  4.9 10.9 2.8  6.4 2.0  4.5 2.4          3.7  3.7 4.3 2.0         0.1 14.2 .446 .440  .455 .658 .561 .540   G    SR
187        Damian Battles  14.2 32 2001-02 Central Connecticut State 32 32 34.8  4.5 11.1 2.4  5.8 2.1  5.2 3.1  3.8 0.6 3.0  3.5 3.5 1.3 0.3 2.7 2.1 14.2 .407 .412  .401 .811 .551 .501   G    JR
188       Misha Mutavdzic  14.1 30 1992-93                    Wagner 30 30 29.4  5.7 11.5 5.7 11.5 0.0  0.0 2.8          4.3  9.3 1.1 0.7 1.9 2.8 3.1 14.1 .491       .491 .656 .521 .491   C    SO
189        Michael Watson  14.1 26 1993-94           Mount St. Marys         26  5.5  9.0 5.5  9.0 0.0  0.0 3.1          4.9  7.8 0.8 0.9         2.0 14.1 .611       .611 .625 .621 .611   F    JR
190     Mustafa Barksdale  14.1 27 1996-97                  Monmouth    27 34.4  4.7  9.2 3.2  5.2 1.5  4.0 3.1          3.7  3.8 3.1 3.0 0.0     3.0 14.1 .516 .617  .383 .830 .643 .599   G    SR
191          Matt Hammond  14.1 29 2001-02       Fairleigh Dickinson 29 29 32.7  5.0  9.5 4.5  7.7 0.6  1.8 3.4  5.3 2.1 3.8  6.0 0.9 0.5 1.2 2.4 2.7 14.1 .531 .583  .308 .649 .586 .560   F    JR
192         Angel Santana  14.0 27 1998-99      St. Francis Brooklyn    27 30.1  4.4 11.6 1.3  3.2 3.1  8.3 2.1  2.7 1.0 2.7  3.7 1.4 1.1 0.1 1.3 2.2 14.0 .381 .414  .369 .795 .547 .514   F    JR
193            Rich Henry  14.0 28 1990-91              LIU Brooklyn         28  5.1 11.0 4.5  9.5 0.6  1.5 3.1          4.3  4.5 1.9 1.6         0.4 14.0 .466 .477  .395 .739 .538 .494   F    SR
194       Jermaine Slider  14.0 24 1997-98       Fairleigh Dickinson         24  4.8 12.1 1.5  3.5 3.3  8.6 1.2          1.7  3.5 2.2 1.8         0.1 14.0 .392 .424  .379 .707 .539 .526   G    SR
195           Dean Borges  13.9 30 1990-91                    Wagner 30 29 31.8  5.2 13.2 3.1  6.7 2.1  6.6 1.4  1.8 1.7 3.4  5.1 2.3 1.9     0.4 3.0 13.9 .393 .465  .320 .778 .493 .472   G    SR
196          Aaron Thomas  13.9 29 2003-04             Robert Morris 29 29 38.6  4.7  9.9 2.0  4.0 2.7  5.9 1.9  2.3 1.4 5.5  6.9 1.3 0.8 0.3 1.6 2.0 13.9 .472 .496  .456 .821 .634 .608   F    SR
197            Riley Inge  13.9 25 1993-94           Mount St. Marys         25  5.2 12.1 4.2  8.6 1.1  3.6 2.3          3.1  4.3 5.9 2.0         0.1 13.9 .432 .486  .303 .753 .511 .477   G    SO
198         Collin Watson  13.9 23 1999-00              Sacred Heart 23      23  4.9 11.9 3.2  6.7 1.7  5.2 2.3          3.6  3.9 2.1 1.7         0.7 13.9 .414 .484  .325 .651 .511 .485   G    JR
199         Darryl Farmer  13.8 30 1990-91                    Wagner 30 30 34.1  5.6 10.3 5.6 10.2 0.0  0.0 2.6  3.6 2.7 2.8  5.5 0.6 0.7     0.4 2.7 13.8 .545 .544 1.000 .713 .576 .547   F    SR
200           John Miller  13.8 24 1990-91           Mount St. Marys 24 18 27.8  4.8 11.6 4.3  9.1 0.5  2.5 3.6  4.4 1.4 2.8  4.3 1.4 1.1 0.3 1.9 2.6 13.8 .412 .468  .213 .821 .501 .435   F    SR
[/code]

Provided by [url=https://www.sports-reference.com/sharing.html?utm_source=direct&utm_medium=Share&utm_campaign=ShareTool]Stathead[/url]: [url=https://www.sports-reference.com/stathead/basketball/cbb/player-season-finder.cgi?utm_source=direct&utm_medium=Share&utm_campaign=ShareTool]Found with Stathead. See Full Results.[/url]
Generated 6/11/2026.