[code]                                                                                                                                                                                                 
                                                                                                                                                                                             Per 
Rk                Player PTS/G  G  Season                     Team  G GS   MP   FG  FGA   2P  2PA  3P  3PA  FT FTA ORB DRB  TRB AST STL BLK TOV  PF  PTS  FG%  2P%   3P%  FT%  TS% eFG% Pos Class
1            Bubba Wells  31.7 19 1996-97              Austin Peay 19 18 36.1 11.5 22.1  9.0 16.2 2.5  5.8 6.3         8.7  7.1 2.2 1.3 0.6 3.1 2.9 31.7 .520 .555  .423 .727 .606 .576   F    SR
2          Darryl Brooks  28.8 24 1989-90          Tennessee State 24      23 10.8 25.7  6.8 14.8 4.0 10.9 3.3         5.2  7.0 1.3 2.5     0.9 3.4 28.8 .418 .459  .363 .632 .510 .495   G    JR
3              John Best  28.5 28 1992-93           Tennessee Tech 28 28 36.0 10.6 19.1 10.4 18.5 0.1  0.6 7.3         9.7  8.4 2.6 1.4 0.2 4.1 3.0 28.5 .553 .565  .222 .749 .602 .557   C    SR
4          Brett Roberts  28.1 29 1991-92           Morehead State    29 36.0  9.6 20.0  7.3 14.1 2.3  5.9 6.7         7.6  8.8 1.6 2.0 1.1 3.6 2.6 28.1 .479 .517  .388 .881 .596 .536   F    SR
5        Henry Domercant  27.9 29 2002-03         Eastern Illinois 29 29 33.7  8.7 19.0  5.8 12.1 2.9  6.8 7.7 9.1 2.0 4.8  6.9 2.8 1.4 0.5 2.4 2.1 27.9 .458 .477  .424 .844 .600 .535   G    SR
6           Marcus Brown  26.4 29 1995-96             Murray State 29 29 37.2  8.8 18.5  6.2 12.4 2.6  6.0 6.4         7.6  4.8 4.1 2.2 0.3 3.5 2.8 26.4 .474 .499  .423 .841 .599 .543   G    SR
7        Henry Domercant  26.4 31 2001-02         Eastern Illinois 31 31 33.1  8.5 19.4  5.1 10.7 3.4  8.7 6.1 6.8 1.6 5.6  7.2 2.2 1.2 0.7 2.6 2.2 26.4 .437 .477  .387 .892 .583 .523   G    JR
8            Bubba Wells  26.3 30 1995-96              Austin Peay 30 30 36.1 10.4 18.9  9.3 16.3 1.1  2.6 4.4         5.8  7.3 2.9 1.6 1.5 2.6 2.0 26.3 .549 .567  .436 .757 .607 .579   F    JR
9          Carlos Rogers  24.5 31 1993-94          Tennessee State 31 31 33.9  9.3 15.1  9.2 14.7 0.1  0.4 5.8         8.9 11.5 1.5 0.7 3.0 3.9 2.9 24.5 .614 .623  .308 .649 .632 .618   C    SR
10          J.J. Eubanks  24.2 19 1990-91          Tennessee State 19 14 33.8  9.4 20.5  6.6 12.6 2.8  7.8 2.6         3.3  6.7 0.9 1.0 0.4 1.7 2.2 24.2 .458 .521  .356 .806 .548 .526   F    JR
11             Kyle Hill  23.8 31 2000-01         Eastern Illinois 31 31 33.6  8.1 17.1  5.3 10.6 2.8  6.4 4.9 5.8 1.5 3.3  4.9 4.0 1.5 0.7 2.9 1.8 23.8 .473 .497  .432 .839 .600 .554   G    SR
12        Nick Stapleton  23.2 32 2001-02              Austin Peay 32 32 37.3  8.4 18.8  6.2 12.1 2.3  6.7 4.1 5.5 0.5 1.8  2.3 2.7 1.3 0.1 3.2 1.6 23.2 .449 .512  .335 .739 .541 .508   G    SR
13          Michael Hart  22.8 27 1995-96                UT Martin    27 37.0  9.1 16.1  9.1 16.1 0.0  0.0 4.6         6.4  9.2 0.7 0.9 0.2     2.9 22.8 .564 .563 1.000 .715 .595 .565   F    SR
14       Henry Domercant  22.8 31 2000-01         Eastern Illinois 31 31 32.8  8.3 16.7  5.7 11.0 2.5  5.8 3.7 4.5 1.9 4.9  6.8 2.1 1.1 0.6 2.4 1.8 22.8 .493 .521  .441 .816 .602 .569   G    SO
15          Ricky Minard  22.5 29 2002-03           Morehead State 29 28 31.3  7.8 15.0  5.9 10.0 1.9  5.1 5.1 6.1 1.5 4.8  6.2 4.0 2.2 0.6 3.1 2.7 22.5 .516 .592  .367 .837 .627 .578   F    JR
16          Marcus Brown  22.4 30 1994-95             Murray State 30 30 32.4  7.3 14.3  5.8 10.3 1.5  4.0 6.3         7.0  4.9 2.1 2.5 0.3 1.9 2.3 22.4 .510 .565  .370 .896 .634 .562   G    JR
17            Devon Lake  22.3 27 1992-93 Southeast Missouri State 27 27 33.1  7.3 15.9  5.7 11.2 1.7  4.7 6.0         7.6  3.7 2.0 1.6 0.4 2.9 2.6 22.3 .462 .505  .357 .790 .573 .514   G    SR
18          Ricky Minard  22.3 29 2001-02           Morehead State 29 29 35.6  7.8 15.8  5.6 10.0 2.2  5.8 4.4 5.6 1.8 5.1  6.9 3.3 2.5 1.0 3.0 3.1 22.3 .496 .557  .389 .784 .604 .567   F    SO
19         Robert Taylor  22.2 18 1992-93         Middle Tennessee 18 18 35.3  7.3 17.4  3.9  9.0 3.4  8.4 4.1         5.0  3.1 1.3 0.7 0.1     2.4 22.2 .422 .438  .404 .822 .561 .519   G    SR
20           Milton Dean  22.1 27 1993-94         Middle Tennessee 27 25 35.0  7.9 19.8  5.9 13.4 2.0  6.4 4.4         6.0  4.3 2.0 1.7 0.0 2.9 3.0 22.1 .397 .436  .314 .739 .489 .448   G    SR
21        Vincent Rainey  21.9 30 1996-97             Murray State 30 30 36.6  7.6 17.2  7.0 14.9 0.6  2.3 6.0         7.8  8.2 1.9 1.6 0.5 3.4 2.7 21.9 .443 .468  .279 .774 .524 .461   F    SR
22          Ricky Minard  21.8 29 2003-04           Morehead State 29 28 34.3  7.2 16.1  5.7 11.3 1.6  4.8 5.7 7.4 1.5 5.8  7.3 5.1 2.1 0.5 3.7 2.5 21.8 .451 .503  .326 .776 .556 .499   F    SR
23       Trenton Hassell  21.7 32 2000-01              Austin Peay 32 32 37.9  7.7 15.8  6.0 11.6 1.7  4.3 4.6 5.8 2.6 5.2  7.8 4.5 1.2 0.5 3.8 2.1 21.7 .485 .520  .390 .796 .582 .537   F    SR
24         Isaac Spencer  21.6 29 2000-01             Murray State 29 28 35.5  7.8 15.9  7.6 14.7 0.2  1.2 5.9 8.3 2.9 4.2  7.1 3.9 1.2 0.7 5.2 2.8 21.6 .488 .515  .167 .705 .544 .495   F    SR
25          DeTeri Mayes  21.5 33 1997-98             Murray State 33 33 32.5  7.5 15.9  4.3  8.8 3.1  7.1 3.5         4.5  4.3 1.7 1.3 0.0 2.2 1.9 21.5 .469 .493  .440 .784 .598 .568   G    SR
26             Rick Kaye  21.1 27 1997-98         Eastern Illinois 27 24 34.3  7.3 16.8  5.6 11.3 1.6  5.5 5.0         6.8  4.6 3.1 1.8 0.1 2.7 2.1 21.1 .432 .497  .297 .732 .527 .480   G    SR
27          Popeye Jones  21.1 30 1991-92             Murray State 30 29 33.1  7.7 15.8  7.5 15.2 0.2  0.6 5.4         6.9 14.4 2.4 1.4 0.9 3.4 3.3 21.1 .488 .492  .389 .778 .551 .496   F    SR
28          DeTeri Mayes  21.0 30 1996-97             Murray State 30 30 35.8  7.6 15.5  4.8  8.8 2.8  6.7 3.1         3.8  6.6 2.0 1.2 0.1 1.6 2.5 21.0 .487 .545  .411 .807 .605 .576   G    JR
29            Doug Bentz  20.7 26 1992-93           Morehead State 26 25 34.9  6.6 13.5  6.4 12.6 0.2  0.9 7.3        10.0  9.8 2.0 1.2 0.8 2.3 2.6 20.7 .487 .506  .217 .737 .567 .494   C    SR
30          Aubrey Reese  20.4 32 1999-00             Murray State 32 32 37.6  6.3 13.6  4.6  8.8 1.7  4.8 6.2 7.6 1.6 3.7  5.3 4.8 1.9 0.2 3.8 2.5 20.4 .461 .520  .353 .819 .594 .523   G    SR
31        Justin Burdine  20.4 32 2001-02             Murray State 32 22 30.6  7.5 17.3  4.4  9.1 3.1  8.3 2.3 3.2 1.0 2.0  3.0 2.5 1.3 0.3 3.2 2.6 20.4 .431 .483  .374 .735 .540 .520   G    SR
32         Carlos Rogers  20.3 29 1992-93          Tennessee State 29 28 31.7  8.2 13.3  8.2 13.2 0.0  0.1 3.8         6.1 11.7 1.0 0.7 3.2 2.2 3.6 20.3 .621 .626  .000 .624 .627 .621   C    JR
33          Popeye Jones  20.2 33 1990-91             Murray State 33 32 31.9  8.1 16.5  7.9 15.5 0.2  1.0 3.7         5.2 14.2 2.1 1.2 1.2 2.5 2.9 20.2 .493 .510  .219 .711 .532 .499   F    JR
34             John Best  20.0 29 1991-92           Tennessee Tech 29 29 32.0  7.6 13.3  7.5 12.8 0.1  0.6 4.7         6.7  7.0 1.0 1.2 0.4 2.8 3.6 20.0 .568 .585  .188 .710 .606 .572   C    JR
35         Isaac Spencer  19.9 32 1999-00             Murray State 32 31 36.9  7.5 13.5  6.9 12.0 0.6  1.5 4.3 6.4 3.5 4.7  8.2 2.9 0.9 0.8 3.5 2.5 19.9 .556 .574  .408 .673 .603 .579   F    JR
36          Monty Wilson  19.6 27 1995-96          Tennessee State    27 36.9  7.0 16.7  4.7  9.4 2.3  7.3 3.3         4.3  7.0 2.8 1.5         0.3 19.6 .419 .502  .313 .774 .523 .488   G    JR
37          Popeye Jones  19.5 30 1989-90             Murray State 30 30 34.6  7.2 14.5  6.7 13.3 0.5  1.1 4.6         6.0 11.2 2.0 1.9 0.6 2.4 2.7 19.5 .500 .505  .441 .757 .563 .517   F    SO
38             Earl Wise  19.5 28 1989-90           Tennessee Tech    28 35.1  7.3 17.3  5.9 12.3 1.5  4.9 3.4         4.3  7.8 3.0 2.0 0.2     2.5 19.5 .424 .475  .297 .792 .506 .467   F    SR
39        Willie Jenkins  19.5 28 2003-04           Tennessee Tech 28 25 32.8  7.1 15.1  5.6 11.0 1.5  4.1 3.7 5.2 2.7 4.5  7.2 2.0 1.1 0.2 2.7 2.2 19.5 .474 .513  .368 .712 .556 .524   F    JR
40        Vincent Rainey  19.4 29 1995-96             Murray State 29 27 33.3  7.5 15.9  6.7 13.7 0.8  2.2 3.7         4.9  6.0 2.1 2.0 0.3 3.3 2.6 19.4 .471 .487  .369 .741 .533 .497   F    JR
41           Bubba Wells  19.3 29 1994-95              Austin Peay 29 29 33.2  7.2 14.8  7.0 13.8 0.3  1.0 4.6         5.5  7.6 2.0 1.2 0.6 2.3 2.3 19.3 .491 .506  .276 .830 .556 .500   F    SO
42            Erik Brown  19.3 28 1998-99           Morehead State    28 35.4  7.1 17.6  5.8 12.9 1.4  4.6 3.6 4.8 2.1 3.3  5.4 2.0 1.6 0.6 2.9 1.6 19.3 .407 .445  .300 .748 .486 .446   F    FR
43           Elbert Boyd  19.2 25 1989-90           Morehead State    25 32.2  7.1 14.8  6.5 12.8 0.6  2.0 4.3         6.3  6.7 2.5 1.6         0.2 19.2 .480 .505  .320 .677 .537 .501   F    SR
44             Kyle Hill  19.1 29 1999-00         Eastern Illinois 29 29 30.7  7.2 15.3  5.2  9.9 2.0  5.4 2.6 3.9 1.8 2.6  4.4 3.6 2.0 0.6 3.1 1.6 19.1 .471 .523  .376 .673 .556 .537   G    JR
45           Robert West  18.9 31 1993-94           Tennessee Tech 31 31 34.0  6.4 16.5  4.2  9.5 2.2  7.0 3.9         5.3  5.2 3.0 0.9 0.1 2.0 2.4 18.9 .389 .441  .318 .727 .497 .456   G    SR
46          LaMonte Ware  18.9 15 1991-92              Austin Peay 15 15 35.1  7.2 11.7  7.0 11.3 0.2  0.4 4.3         8.0  6.5 3.7 2.6 1.8 4.5 3.5 18.9 .617 .621  .500 .542 .612 .626   F    SR
47        Vincent Rainey  18.8 29 1994-95             Murray State 29 23 30.7  7.1 14.5  6.0 11.5 1.1  3.0 3.4         4.2  6.1 2.1 1.9 0.4 3.1 3.2 18.8 .490 .518  .384 .818 .570 .530   F    SO
48          Michael Hart  18.6 27 1994-95                UT Martin 27 27 35.1  7.3 13.7  7.3 13.7 0.0  0.1 4.0         5.6  7.6 1.2 0.7 0.1 3.4 2.2 18.6 .531 .534  .000 .711 .566 .531   F    JR
49          Donald Tivis  18.3 28 1989-90              Austin Peay         28  6.1 14.8  3.4  7.2 2.7  7.5 3.5         4.4  2.7 2.1 1.8         0.1 18.3 .412 .470  .355 .803 .545 .502   G    JR
50       Arlando Johnson  18.2 28 1994-95         Eastern Kentucky 28 28 38.0  5.9 14.1  4.0  9.0 2.0  5.0 4.4         5.0  2.9 3.0 1.0 0.1 1.8 1.9 18.2 .421 .439  .390 .885 .554 .491   G    SR
51          Monty Wilson  18.2 26 1994-95          Tennessee State         26  6.2 14.4  3.6  7.0 2.7  7.4 3.1         3.9  6.8 1.6 0.8         0.3 18.2 .433 .514  .358 .784 .560 .525   G    SO
52          Marcus Brown  18.1 29 1993-94             Murray State 29 28 25.8  6.3 12.5  5.0  8.3 1.3  4.2 4.3         5.1  3.8 2.7 2.0 0.3 1.4 3.0 18.1 .503 .602  .306 .839 .608 .554   G    SO
53       Trenton Hassell  18.1 25 1999-00              Austin Peay 25 25 34.7  6.7 14.1  5.6 10.8 1.1  3.3 3.6         4.7  7.4 5.2 1.0 0.5 2.7 1.4 18.1 .474 .519  .329 .771 .554 .513   F    JR
54          Geoff Herman  17.9 27 1991-92              Austin Peay 27 25 35.3  6.9 15.1  4.8  9.0 2.1  6.1 2.1         3.0  3.3 1.6 1.6 0.1 3.0 2.5 17.9 .453 .533  .337 .707 .541 .522   G    SO
55    William (Bud) Eley  17.9 30 1996-97 Southeast Missouri State    30 27.5  7.0 13.3  7.0 13.0 0.0  0.3 3.8         7.2 10.3 1.1 1.4 1.2     2.8 17.9 .530 .541  .000 .525 .535 .530   C    SO
56         Lavoris Jerry  17.8 26 2000-01         Eastern Kentucky 26 26 31.9  6.8 14.5  5.0  9.5 1.7  5.0 2.6 4.1 1.6 2.5  4.1 1.1 1.2 1.1 2.4 2.8 17.8 .468 .530  .349 .626 .544 .528   F    SR
57         Jamie Roberts  17.8 29 2000-01          Tennessee State 29 26 33.0  6.1 12.7  3.9  7.4 2.2  5.3 3.4 4.2 0.9 2.6  3.5 2.6 1.9 0.1 1.7 2.4 17.8 .481 .528  .416 .818 .608 .568   G    SR
58       Trenton Hassell  17.8 27 1998-99              Austin Peay    27 35.7  6.1 13.7  4.6  8.6 1.6  5.0 4.0 5.2 2.9 6.4  9.3 3.8 1.0 1.0 3.5 2.0 17.8 .450 .532  .309 .764 .552 .507   F    SO
59        Nick Stapleton  17.8 32 2000-01              Austin Peay 32 32 34.8  6.5 13.9  4.3  8.1 2.1  5.8 2.8 3.6 0.4 1.4  1.8 3.4 0.8 0.1 2.5 1.3 17.8 .464 .535  .366 .765 .569 .540   G    JR
60      Whitney Robinson  17.8 26 1998-99         Eastern Kentucky 26 25 35.2  5.2 13.7  2.2  5.4 3.0  8.3 4.5 5.7 0.7 3.7  4.4 2.8 1.5 0.0 3.6 2.0 17.8 .380 .414  .358 .784 .544 .489   G    FR
61           Tommy Brown  17.7 29 1990-91              Austin Peay 29 29 36.0  7.1 13.4  7.1 13.4 0.0  0.1 3.5         5.4 11.9 2.2 1.3 0.9     2.6 17.7 .528 .531  .000 .643 .552 .528   C    SR
62           Frank Allen  17.6 25 1991-92             Murray State 25 21 32.8  5.8 12.8  3.2  6.9 2.6  5.9 3.4         4.5  2.8 2.9 1.2 0.1 2.8 2.5 17.6 .453 .457  .449 .752 .590 .556   G    JR
63           Bruce Price  17.6 27 2003-04          Tennessee State 27 26 35.4  5.0 14.4  2.3  6.7 2.6  7.7 5.0 6.9 1.2 2.8  4.0 4.0 1.7 0.0 3.2 3.3 17.6 .344 .346  .341 .735 .497 .435   G    FR
64         Jamie Roberts  17.6 26 1998-99          Tennessee State    26 33.2  5.8 14.7  2.7  5.9 3.1  8.8 2.8 3.7 1.6 2.5  4.1 1.2 0.9 0.0 1.9 2.2 17.6 .398 .464  .354 .758 .535 .504   G    SO
65            Josh Heard  17.5 28 1999-00           Tennessee Tech 28 28 33.6  5.2 13.1  1.2  2.8 4.0 10.4 3.2 3.6 0.3 2.2  2.5 1.5 1.3 0.2 1.6 2.7 17.5 .394 .423  .386 .890 .591 .546   G    SR
66        Dewayne Powell  17.5 27 1995-96                UT Martin    27 37.0  5.7 13.5  2.3  4.2 3.4  9.3 2.8         3.8  2.6 2.9 2.3         0.3 17.5 .419 .544  .363 .745 .572 .544   G    SR
67          Kevin Howard  17.5 19 1991-92          Tennessee State 19 17 33.1  6.8 17.4  5.6 12.9 1.3  4.5 2.5         4.4  4.9 2.1 1.7 0.7 3.1 3.1 17.5 .393 .431  .282 .578 .448 .429   G    SR
68       Jermaine Savage  17.5 30 1995-96              Austin Peay 30 30 35.4  6.8 14.3  5.3 10.3 1.5  4.0 2.4         3.2  5.7 1.8 1.1 0.2 1.7 2.5 17.5 .476 .519  .364 .750 .552 .527   F    SR
69            Chez Marks  17.4 29 2002-03           Morehead State 29 23 24.5  6.2 11.6  3.4  5.3 2.8  6.2 2.1 2.5 0.6 1.1  1.7 1.4 0.9 0.2 1.7 1.0 17.4 .540 .639  .456 .849 .684 .663   G    JR
70       Lorenzo Coleman  17.4 28 1996-97           Tennessee Tech    28 31.6  7.1 11.0  7.1 11.0 0.0  0.0 3.3         5.5 11.9 0.8 0.4 4.8     3.4 17.4 .645       .645 .601 .643 .645   C    SR
71          Rod Mitchell  17.3 28 1990-91           Morehead State    28 32.8  7.1 11.8  7.1 11.8 0.0  0.0 3.1         5.8 10.0 0.6 1.0 2.8     2.3 17.3 .601       .601 .534 .594 .601   F    SR
72            John Allen  17.2 27 1992-93         Eastern Kentucky 27 27 30.1  6.0 12.3  4.6  8.1 1.4  4.2 3.7         4.6  6.3 2.0 2.0 1.8 1.9 3.4 17.2 .489 .571  .333 .815 .593 .547   F    JR
73    William (Bud) Eley  17.2 27 1995-96 Southeast Missouri State    27 28.6  6.9 13.6  6.5 12.3 0.4  1.3 2.9         5.4  9.6 1.1 1.4 1.9     3.6 17.2 .510 .526  .353 .537 .532 .526   C    FR
74            Chez Marks  17.0 23 2003-04           Morehead State 23 20 27.3  6.1 11.4  3.7  5.7 2.4  5.8 2.3 2.7 0.6 1.9  2.5 1.3 1.0 0.2 1.7 1.4 17.0 .536 .662  .414 .857 .667 .641   G    SR
75        Roshaun Bowens  16.9 28 2003-04          Tennessee State 28 28 31.9  6.9 13.7  6.4 12.8 0.5  0.9 2.6 3.9 2.3 4.4  6.7 1.3 1.0 0.4 2.5 3.3 16.9 .500 .497  .538 .685 .542 .518   F    JR
76            Nod Carter  16.8 31 1996-97         Middle Tennessee    31 31.5  5.6 11.1  3.9  7.2 1.7  3.9 3.9         4.9  5.2 2.0 1.3 0.3     2.3 16.8 .501 .536  .438 .801 .624 .578   F    SR
77             Rick Kaye  16.8 25 1996-97         Eastern Illinois 25 25 32.8  6.1 13.1  4.8  9.0 1.3  4.1 3.2         4.6  4.4 3.6 2.0 0.0 2.7 1.4 16.8 .468 .536  .320 .696 .549 .518   G    JR
78         Jamie Roberts  16.7 29 1999-00          Tennessee State 29      29  5.5 14.0  3.4  7.0 2.1  6.9 3.6         4.7  4.3 1.7 1.1         0.1 16.7 .395 .485  .303 .759 .516 .470   G    JR
79           Frank Allen  16.7 28 1992-93             Murray State 28 25 25.2  5.2 14.4  2.5  7.5 2.7  6.9 3.6         4.4  2.5 2.3 0.9 0.1 2.1 1.8 16.7 .361 .336  .389 .828 .507 .454   G    SR
80          Brad Cleaver  16.7 27 1999-00           Morehead State 27 27 32.4  5.2 10.9  2.3  4.3 2.9  6.7 3.3 3.8 0.5 2.4  2.9 3.3 1.3 0.1 2.3 1.9 16.7 .478 .539  .439 .874 .656 .612   G    SR
81             Rick Yudt  16.7 27 1992-93              Austin Peay 27 27 34.7  5.7 13.1  3.9  8.6 1.8  4.5 3.6         4.3  5.4 0.9 0.8 0.1 2.3 2.0 16.7 .432 .448  .402 .821 .551 .501   F    SO
82          Ricky Minard  16.7 27 2000-01           Morehead State 27 27 31.4  5.7 11.6  3.4  5.8 2.3  5.7 3.0 3.8 1.5 3.3  4.8 2.1 1.8 0.4 2.4 2.8 16.7 .494 .586  .400 .786 .625 .593   F    FR
83            Josh Heard  16.6 27 1998-99           Tennessee Tech    27 35.4  5.0 13.5  1.4  3.8 3.6  9.7 3.0 3.7 0.4 2.1  2.6 1.2 1.3 0.1 1.9 2.4 16.6 .371 .363  .374 .792 .544 .505   G    JR
84             Kyle Hill  16.6 29 1998-99         Eastern Illinois 29 22 29.4  6.0 13.6  3.9  7.7 2.2  5.8 2.3 3.2 1.7 2.6  4.3 2.7 1.8 0.3 3.0 2.0 16.6 .445 .500  .373 .713 .548 .525   G    SO
85        Dewayne Powell  16.5 27 1993-94                UT Martin 27 27 34.0  5.4 13.1  2.6  5.7 2.8  7.4 2.8         3.3  2.4 2.6 2.6 0.1 3.4 1.7 16.5 .414 .461  .378 .852 .561 .521   G    SO
86         Robert Taylor  16.5 27 1991-92         Middle Tennessee 27 26 29.8  5.0 13.2  3.1  7.3 1.9  5.9 4.7         5.6  3.4 2.0 0.6 0.1     3.1 16.5 .376 .423  .319 .829 .520 .448   G    JR
87         Jason Johnson  16.4 27 1996-97          Tennessee State    27 34.8  6.5 15.1  6.2 13.7 0.3  1.3 3.1         4.5  6.9 0.9 1.0         0.6 16.4 .432 .453  .222 .694 .478 .442   F    SO
88         DeMarkus Doss  16.4 27 1995-96         Eastern Kentucky 27 27 32.8  5.6 12.5  3.7  7.6 1.9  4.9 3.3         4.6  4.7 2.9 2.0 0.3 2.9 3.0 16.4 .447 .481  .394 .710 .557 .524   F    SR
89          Shawn Fields  16.4 27 2001-02         Eastern Kentucky 27 25 30.5  5.7 15.4  3.7  9.1 2.0  6.3 2.9 3.9 1.8 3.6  5.4 2.3 1.0 0.3 2.2 2.9 16.4 .370 .404  .322 .752 .474 .436   G    JR
90          LaMonte Ware  16.3 29 1990-91              Austin Peay 29 29 33.9  6.4 11.4  6.2 10.7 0.2  0.7 3.4         5.9  6.4 2.9 1.8 1.7     3.6 16.3 .561 .579  .286 .570 .576 .570   F    JR
91       Tyrone Boardley  16.3 27 1994-95           Morehead State 27 27 32.8  6.0 11.5  5.4  9.7 0.5  1.8 3.9         5.2  9.2 1.4 1.1 0.7 3.0 3.3 16.3 .518 .559  .292 .750 .584 .540   F    SR
92          Larrie Smith  16.3 29 2000-01           Tennessee Tech 29 29 33.5  5.9 10.2  5.9 10.0 0.1  0.3 4.4 5.7 3.8 5.0  8.8 2.1 1.9 0.0 2.8 2.2 16.3 .579 .588  .250 .770 .630 .582   C    SR
93        Damien Kinloch  16.3 32 2002-03           Tennessee Tech 32 32 30.8  5.6  9.6  5.6  9.6 0.0  0.0 5.0 7.4 3.1 5.5  8.6 1.9 1.0 1.0 3.3 3.0 16.3 .586       .586 .679 .621 .586   C    SR
94        Damien Kinloch  16.2 34 2001-02           Tennessee Tech 34 33 27.7  5.5  9.3  5.5  9.3 0.0  0.0 5.2 7.8 3.2 5.2  8.5 1.2 1.1 1.3 2.8 2.4 16.2 .589 .590  .000 .669 .622 .589   C    JR
95        Jermall Morgan  16.1 27 1994-95 Southeast Missouri State 27 27 33.8  5.7 10.8  5.4  9.9 0.3  0.9 4.6         7.4  7.0 1.9 1.0 0.7 2.3 2.5 16.1 .526 .547  .292 .618 .565 .538   C    SR
96          Marcus Jones  16.1 20 1993-94             Murray State 20  0 19.1  5.3 11.1  3.4  6.9 1.9  4.2 3.8         4.7  2.4 1.8 0.9 0.0 2.0 2.6 16.1 .475 .493  .446 .798 .606 .559   G    SR
97          Shawn Fields  16.1 27 2002-03         Eastern Kentucky 27 24 28.9  5.1 12.0  3.8  8.6 1.3  3.4 4.4 5.7 1.4 3.5  4.9 1.7 1.2 0.3 2.5 3.6 16.1 .429 .442  .396 .779 .546 .485   G    SR
98           Robert West  16.1 28 1992-93           Tennessee Tech 28 28 35.9  5.7 13.8  2.5  5.3 3.2  8.4 1.5         2.0  4.8 3.6 0.8 0.6 2.4 2.5 16.1 .413 .463  .381 .764 .547 .530   G    JR
99            Doug Bentz  16.1 29 1991-92           Morehead State         29  5.8 11.6  5.8 11.3 0.0  0.2 4.4         6.4  9.9 1.8 1.7         0.9 16.1 .503 .514  .000 .688 .549 .503   C    JR
100            Tim Britt  16.0 26 1992-93                UT Martin 26 26 34.3  5.7 10.3  5.6  9.8 0.2  0.5 4.4         6.2  9.5 1.9 1.3 1.0 3.6 3.2 16.0 .558 .571  .308 .719 .608 .566   C    SR
101        DeMarkus Doss  16.0 28 1994-95         Eastern Kentucky 28 28 34.4  5.9 13.4  4.7  9.9 1.3  3.5 2.9         4.3  5.5 2.1 1.5 0.3 3.3 3.5 16.0 .441 .471  .357 .683 .518 .488   F    JR
102         Earl Bullock  16.0 28 2002-03                UT Martin 28 28 32.4  5.3 13.8  1.8  3.9 3.5  9.9 1.9 2.3 0.9 2.1  2.9 1.6 1.1 0.2 1.9 2.0 16.0 .386 .472  .353 .800 .537 .513   G    JR
103        Isaac Spencer  16.0 33 1998-99             Murray State    33 32.3  6.2 11.7  5.9 10.9 0.3  0.8 3.3         4.7  7.1 2.5 1.1         0.9 16.0 .527 .537  .385 .708 .573 .540   F    SO
104          Joey Walker  16.0 26 2002-03                UT Martin 26 25 31.9  6.2 10.8  5.8  9.7 0.4  1.1 3.1 4.3 2.5 4.7  7.2 2.5 1.2 1.0 2.7 2.9 16.0 .577 .603  .345 .730 .622 .594   F    SR
105         Kyle Rolston  15.9 28 2001-02          Tennessee State 28 15 26.5  5.9 10.7  4.1  6.3 1.8  4.4 2.4 2.9 1.1 2.3  3.4 2.1 1.9 0.4 2.5 3.3 15.9 .552 .653  .407 .805 .660 .635   F    SR
106       Corey Hemphill  15.9 27 1998-99           Tennessee Tech    27 37.7  4.4 11.9  2.0  5.9 2.4  6.0 4.7 6.2 0.6 2.7  3.4 5.0 1.1 0.0 3.5 1.4 15.9 .370 .346  .393 .766 .536 .469   G    JR
107          Tyrone Beck  15.9 26 1993-94              Austin Peay 26 25 31.1  5.3 10.0  5.3 10.0 0.0  0.0 5.3         7.9  8.8 1.4 1.5 0.8 2.7 2.4 15.9 .529       .529 .673 .578 .529   F    SR
108         Carlos Floyd  15.8 31 1993-94           Tennessee Tech 31 31 33.0  6.4 15.1  5.0 10.6 1.4  4.5 1.6         3.2  6.8 1.6 1.2 0.2 2.2 2.7 15.8 .424 .471  .312 .520 .477 .470   G    SO
109       Nick Stapleton  15.8 25 1999-00              Austin Peay 25 25 30.8  6.2 13.0  4.4  8.4 1.8  4.6 1.7 2.2 0.5 1.4  1.9 3.3 0.8 0.0 2.6 1.5 15.8 .474 .522  .388 .750 .562 .543   G    SO
110      Doug Wyciskalla  15.8 27 1996-97           Morehead State    27 31.3  5.5 14.0  3.2  7.1 2.3  6.8 2.6         3.4  3.7 3.1 1.5         0.3 15.8 .393 .451  .332 .742 .506 .473   G    SR
111       Ryan Demichael  15.7 26 1998-99                UT Martin    26 37.7  5.9 11.8  4.7  8.4 1.2  3.4 2.7 3.9 1.7 7.2  8.8 2.8 1.6 1.9 4.1 2.1 15.7 .498 .553  .364 .703 .576 .550   F    SR
112         Justin Smith  15.7 15 2003-04                UT Martin 15 13 29.7  5.4 12.9  3.0  5.8 2.4  7.1 2.5 2.7 0.6 1.7  2.3 1.4 0.9 0.0 1.9 1.7 15.7 .418 .517  .336 .902 .550 .510   G    SO
113           Sam Hoskin  15.7 26 1999-00         Eastern Kentucky 26 24 28.8  6.0 11.6  6.0 11.3 0.0  0.2 3.7 5.3 3.8 4.2  8.0 1.2 0.5 0.6 2.3 2.2 15.7 .518 .529  .000 .693 .556 .518   F    FR
114         Larrie Smith  15.6 28 1999-00           Tennessee Tech 28 28 34.0  5.5  9.4  5.4  9.0 0.1  0.4 4.6 6.1 3.8 4.8  8.5 2.0 1.4 0.1 2.1 1.8 15.6 .580 .595  .250 .754 .634 .585   C    JR
115           John Allen  15.6 27 1993-94         Eastern Kentucky 27 27 29.9  5.7 11.7  4.3  7.3 1.5  4.4 2.6         3.3  6.9 1.8 1.5 0.6 2.0 3.0 15.6 .492 .587  .336 .798 .589 .556   F    SR
116       Curtis Fincher  15.6 27 1995-96         Eastern Kentucky 27 26 33.9  5.5  9.1  5.5  9.1 0.0  0.0 4.6         7.1 10.8 0.8 1.1 0.7 2.3 2.9 15.6 .604       .604 .646 .625 .604   C    SR
117            Matt Witt  15.6 29 2003-04         Eastern Kentucky 29 29 33.5  5.4 12.9  3.0  6.9 2.4  6.1 2.2 3.2 0.4 1.5  1.9 5.5 1.0 0.1 4.2 2.2 15.6 .421 .442  .398 .691 .537 .515   G    SO
118       Adrian Henning  15.5 31 2002-03              Austin Peay 31 31 32.1  5.7 10.1  4.9  8.3 0.7  1.8 3.4 5.3 2.1 5.0  7.0 1.6 0.9 1.1 2.3 3.0 15.5 .561 .595  .404 .634 .611 .597   F    JR
119       Roshaun Bowens  15.4 27 2002-03          Tennessee State 27 22 27.8  5.1 11.3  5.0 11.0 0.1  0.2 5.1 7.1 2.5 4.2  6.7 1.5 1.0 0.3 3.5 3.1 15.4 .454 .456  .333 .724 .528 .457   F    SO
120         Brad Cleaver  15.4 20 1998-99           Morehead State    20 34.0  5.0 11.1  2.3  4.6 2.7  6.5 2.8 3.3 0.6 2.6  3.2 4.8 1.9 0.0 2.5 2.2 15.4 .448 .495  .415 .862 .611 .570   G    JR
121        Cameron Crisp  15.4 28 2003-04           Tennessee Tech 28 28 31.1  5.6 13.5  3.6  7.6 2.0  5.9 2.0 2.5 0.7 2.1  2.8 2.3 1.1 0.2 1.6 1.9 15.4 .418 .474  .345 .803 .522 .493   G    SR
122      Maurice Houston  15.4 31 1993-94           Tennessee Tech 31 30 34.0  5.4 13.5  4.0  9.4 1.4  4.1 3.1         4.4  3.6 5.5 1.5 0.3 3.9 2.5 15.4 .402 .426  .346 .711 .494 .455   G    SR
123         Leon Johnson  15.4 20 1991-92          Tennessee State 20 16 29.7  5.7 12.4  4.3  8.5 1.4  3.9 2.7         3.1  2.9 0.7 1.5 0.2 2.2 2.7 15.4 .457 .503  .359 .869 .556 .514   G    SO
124        Robert Taylor  15.3 29 1990-91         Middle Tennessee         29  4.9 12.7  2.2  5.5 2.7  7.2 3.0         3.9  2.6 2.0 0.4         0.1 15.3 .383 .403  .368 .768 .528 .488   G    SO
125   William (Bud) Eley  15.3 29 1998-99 Southeast Missouri State    29 28.3  5.9  9.9  5.9  9.8 0.0  0.1 3.6 5.2 3.3 7.4 10.7 2.2 0.9 2.6 2.4 3.4 15.3 .594 .599  .000 .695 .622 .594   C    SR
126       Fernando Ortiz  15.3 28 1999-00         Middle Tennessee 28 28 28.2  5.1 11.5  3.3  5.9 1.8  5.6 3.3 4.2 0.9 2.8  3.7 3.1 2.1 1.0 2.8 2.3 15.3 .444 .567  .316 .788 .567 .522   F    JR
127         Derek Winans  15.3 30 2002-03 Southeast Missouri State 30 30 35.5  5.2 11.9  2.8  6.2 2.4  5.7 2.5 3.3 0.5 2.5  2.9 3.6 1.3 0.2 2.2 2.6 15.3 .436 .457  .413 .776 .567 .535   G    SO
128         Kevin Howard  15.3 27 1990-91          Tennessee State 27 27 34.9  5.8 15.0  4.9 11.4 0.9  3.6 2.7         3.5  5.1 4.7 1.5 0.7 3.7 3.3 15.3 .387 .427  .258 .787 .458 .417   G    JR
129      Cuthbert Victor  15.3 29 2002-03             Murray State 29 28 29.3  5.9  9.8  5.5  8.6 0.4  1.2 3.2 4.8 3.8 4.2  8.0 2.1 1.7 1.3 1.9 2.8 15.3 .596 .639  .306 .662 .631 .616   F    JR
130       Justin Burdine  15.3 29 2000-01             Murray State 29 12 28.0  5.2 12.0  2.7  5.6 2.6  6.4 2.2 3.1 0.6 2.7  3.2 2.4 1.5 0.2 2.4 2.7 15.3 .438 .478  .403 .711 .568 .546   G    JR
131            Van Usher  15.3 29 1991-92           Tennessee Tech 29 29 36.0  5.3 12.7  3.7  7.7 1.6  5.0 3.0         4.3  4.2 8.8 3.0 0.1 3.0 2.0 15.3 .418 .478  .326 .698 .518 .482   G    SR
132       Curtis Shelton  15.2 27 1993-94 Southeast Missouri State 27 24 27.9  4.3 10.4  1.1  3.3 3.2  7.0 3.5         3.9  2.5 1.0 0.9     0.0 2.2 15.2 .411 .322  .453 .887 .621 .564   G    SR
133       Dewayne Powell  15.1 27 1994-95                UT Martin 27 27 36.9  4.9  9.9  2.0  3.3 2.9  6.6 2.5         3.3  3.4 3.6 2.5 0.1 3.3 2.3 15.1 .489 .600  .433 .764 .656 .632   G    JR
134           Nod Carter  15.1 27 1995-96         Middle Tennessee 27 26 31.6  4.6 10.7  2.7  5.6 2.0  5.0 3.9         4.4  3.3 2.0 0.7 0.1 1.7 2.3 15.1 .434 .474  .390 .881 .591 .526   F    JR
135        Mark Kinnaird  15.0 27 1994-95           Morehead State 27 22 32.3  4.3  9.9  2.0  4.3 2.4  5.6 4.0         4.6  2.3 3.9 1.0 0.1 2.6 1.6 15.0 .438 .461  .421 .864 .622 .558   G    JR
136          Warren Kidd  15.0 26 1992-93         Middle Tennessee 26 26 36.1  6.4 10.2  6.4 10.2 0.0  0.0 2.2         3.8 14.8 1.5 1.3 2.0     2.9 15.0 .630       .630 .571 .626 .630   C    SR
137   William (Bud) Eley  15.0 11 1997-98 Southeast Missouri State    11 27.3  5.5 10.8  5.5 10.6 0.0  0.2 3.9         5.9  6.8 2.3 1.2 1.5     2.0 15.0 .513 .521  .000 .662 .550 .513   C    JR
138       Michael Stokes  15.0 30 2000-01 Southeast Missouri State 30 30 35.9  5.0 11.2  4.1  8.4 1.0  2.8 3.9 4.8 0.5 3.5  4.0 4.8 1.2 0.1 2.6 1.3 15.0 .449 .484  .345 .825 .556 .493   G    SR
139       Jerome Jackson  15.0 27 1998-99              Austin Peay    27 31.1  6.0 11.0  6.0 11.0 0.0  0.0 3.0 5.4 2.4 2.7  5.1 0.8 1.4 0.7 2.6 2.5 15.0 .540       .540 .566 .551 .540   F    SR
140      Lorenzo Coleman  15.0 27 1994-95           Tennessee Tech 27 27 27.0  6.2 10.0  6.2 10.0 0.0  0.0 2.5         4.5 10.2 0.2 0.7 4.5 3.1 3.3 15.0 .622       .622 .562 .617 .622   C    SO
141      James Singleton  14.9 29 2002-03             Murray State 29 28 32.9  5.3  9.8  4.8  8.6 0.5  1.2 3.9 4.8 3.4 7.6 11.0 1.9 1.2 1.8 2.3 2.9 14.9 .541 .554  .441 .800 .619 .567   F    SR
142       Ryan Demichael  14.9 26 1997-98                UT Martin    26 34.0  6.2 12.1  6.1 11.9 0.1  0.2 2.5         3.7  9.8 1.8 1.4         2.0 14.9 .510 .510  .500 .688 .539 .513   F    JR
143        Jamie Roberts  14.9 29 1997-98          Tennessee State    29 33.1  5.0 12.2  2.1  4.3 3.0  7.9 1.9         2.3  4.4 1.9 1.5         0.1 14.9 .414 .480  .377 .818 .562 .535   G    FR
144         Derek Winans  14.9 27 2001-02 Southeast Missouri State 27 27 34.8  5.3 11.8  3.3  6.4 2.0  5.4 2.3 2.9 0.3 4.3  4.6 3.0 1.6 0.1 1.9 2.3 14.9 .450 .520  .366 .797 .565 .533   G    FR
145      Maurice Houston  14.9 26 1992-93           Tennessee Tech 26 26 36.3  4.6  9.2  3.2  5.9 1.4  3.3 4.3         5.5  4.1 6.8 1.3 0.1 3.7 2.7 14.9 .504 .549  .424 .771 .632 .580   G    JR
146         Brian Miller  14.8 28 1990-91           Morehead State    28 32.9  5.3 12.0  4.3  8.8 1.0  3.3 3.3         4.3  6.4 4.0 1.6         0.6 14.8 .438 .486  .308 .775 .528 .479   F    SR
147         Aubrey Reese  14.7 33 1998-99             Murray State    33 35.6  4.9 11.1  3.5  7.2 1.4  3.9 3.6         4.9  5.0 4.9 1.8         0.0 14.7 .439 .487  .349 .735 .547 .500   G    JR
148           Tim Horton  14.7 28 1991-92          Tennessee State 28 28 35.0  5.1 13.1  3.2  8.0 1.9  5.1 2.6         3.9  4.2 2.5 1.2 0.1 3.3 2.9 14.7 .391 .402  .373 .670 .493 .463   G    FR
149      Arlando Johnson  14.7 27 1993-94         Eastern Kentucky 27 27 31.6  5.0 11.5  3.7  8.2 1.4  3.3 3.3         3.7  2.6 3.1 1.1 0.0 2.0 2.5 14.7 .437 .448  .411 .880 .554 .497   G    JR
150        William Moore  14.7 30 1994-95             Murray State 30 29 27.9  4.7 10.5  2.2  4.2 2.5  6.3 2.7         3.3  3.2 3.3 1.6 0.1 1.6 1.7 14.7 .451 .520  .404 .810 .608 .571   G    SR
151          Roni Bailey  14.7 31 1996-97         Middle Tennessee    31 30.5  5.7 11.5  4.6  8.4 1.1  3.2 2.2         2.9  6.1 2.7 1.6         0.1 14.7 .494 .552  .343 .736 .567 .542   F    SR
152          Frank Allen  14.6 30 1989-90             Murray State 30 29 37.3  4.5 12.6  2.7  7.6 1.8  5.0 3.7         4.3  3.2 3.6 1.1 0.0 3.8 2.6 14.6 .358 .352  .367 .868 .499 .431   G    FR
153      Cuthbert Victor  14.6 34 2003-04             Murray State 34 34 30.2  5.6  8.9  5.3  8.1 0.3  0.8 3.1 4.5 3.8 6.4 10.2 1.9 1.4 1.7 1.3 2.4 14.6 .629 .661  .321 .693 .661 .644   F    SR
154      Kelvin Hammonds  14.6 27 1991-92         Middle Tennessee 27 25 28.3  5.5 12.0  4.1  8.9 1.4  3.1 2.1         2.7  3.4 3.0 1.6 0.4     3.1 14.6 .461 .463  .458 .781 .549 .520   G    SR
155        Brett Roberts  14.5 22 1990-91           Morehead State    22 34.5  5.6 12.2  5.0 10.1 0.7  2.0 2.6         3.3  9.0 2.0 1.3 0.2 2.7 2.1 14.5 .463 .489  .333 .781 .529 .491   F    JR
156       Curtis Wiggins  14.5 28 1996-97           Tennessee Tech    28 31.0  5.8 10.1  5.6  9.8 0.1  0.3 2.9         4.4  7.3 1.7 1.0         0.3 14.5 .567 .575  .333 .667 .594 .572   F    SR
157         Geoff Herman  14.5 28 1990-91              Austin Peay 28 11 27.2  5.3 12.3  3.4  7.0 2.0  5.3 1.9         2.6  2.6 1.6 1.3 0.1     1.6 14.5 .432 .480  .369 .750 .537 .512   G    FR
158         Derek Winans  14.5 27 2003-04 Southeast Missouri State 27 27 33.3  5.3 11.2  2.9  5.6 2.3  5.6 1.7 2.1 0.4 2.1  2.5 1.5 1.4 0.1 1.6 2.5 14.5 .470 .523  .417 .804 .596 .575   G    JR
159         Donald Tivis  14.5 29 1990-91              Austin Peay 29 27 31.4  4.4 11.4  1.9  4.7 2.5  6.7 3.2         4.1  3.0 2.2 2.4 0.2     2.4 14.5 .385 .397  .376 .788 .544 .495   G    SR
160         Cory Johnson  14.5 27 1997-98 Southeast Missouri State    27 34.7  4.3 10.0  0.8  1.9 3.5  8.1 2.3         2.6  2.8 2.3 0.7         0.1 14.5 .433 .431  .434 .873 .644 .609   G    JR
161            Greg Bibb  14.4 27 1994-95           Tennessee Tech 27 26 28.0  4.6 10.4  3.1  6.6 1.4  3.7 3.9         4.3  6.9 1.6 0.9 0.4 2.3 3.3 14.4 .439 .475  .376 .906 .581 .507   F    JR
162         Jared Newson  14.4 28 2003-04                UT Martin 28 16 28.6  4.9 10.6  4.0  8.4 0.9  2.2 3.9 5.5 2.4 3.6  5.9 1.7 1.3 0.6 2.1 2.4 14.4 .458 .475  .393 .701 .546 .498   F    SO
163          Marc Polite  14.3 29 1998-99         Eastern Illinois 29 29 27.8  5.1 11.8  2.5  5.5 2.6  6.3 1.7 2.0 1.3 2.0  3.3 1.1 1.1 0.5 1.6 1.3 14.3 .429 .459  .402 .842 .562 .536   F    JR
164         Byron Benton  14.3 29 1999-00                UT Martin 29 29 29.6  5.4 12.0  5.4 12.0 0.0  0.0 3.5 5.4 2.8 2.1  4.9 1.1 1.4 0.3 3.7 3.0 14.3 .450 .451  .000 .647 .490 .450   C    JR
165           Tim Horton  14.3 27 1994-95          Tennessee State         27  4.6 12.4  3.5  8.4 1.1  4.0 3.9         5.0  4.3 6.4 1.4         0.0 14.3 .372 .414  .284 .778 .482 .418   G    SR
166          Tim Gaither  14.2 26 1994-95         Middle Tennessee 26 26 34.9  4.6 12.5  3.3  8.6 1.3  3.9 3.7         4.5  4.5 4.3 1.5 0.0 2.7 2.1 14.2 .369 .390  .324 .828 .485 .420   G    JR
167          Tim Gaither  14.2 27 1995-96         Middle Tennessee 27 25 33.1  4.5 10.4  2.8  5.8 1.7  4.6 3.4         4.7  4.4 2.9 1.2 0.1 1.7 1.8 14.2 .433 .484  .368 .738 .560 .514   G    SR
168      Josh Cooperwood  14.2 26 2002-03          Tennessee State 26 24 28.3  5.3 11.2  3.7  6.8 1.6  4.3 2.0 2.5 1.0 1.8  2.8 1.7 1.1 0.2 3.0 2.5 14.2 .474 .545  .363 .797 .572 .545   G    SR
169      Randolph Taylor  14.2 13 1989-90         Eastern Kentucky         13  5.8 11.8  5.8 11.8 0.0  0.0 2.5         3.2  9.9 0.3 0.5         0.5 14.2 .494       .494 .780 .530 .494   F    SR
170        Daniel Sutton  14.1 25 1996-97         Eastern Kentucky 25 23 32.5  5.6 12.4  4.9 10.3 0.7  2.2 2.2         3.8  7.3 2.4 1.5 0.3 2.8 2.8 14.1 .450 .479  .315 .589 .496 .477   F    JR
171        Brett Roberts  14.1 29 1989-90           Morehead State    29 32.6  5.2  9.8  4.7  8.5 0.5  1.3 3.3         4.4  9.1 1.4 1.3 0.5 2.3 3.3 14.1 .530 .553  .378 .748 .596 .555   F    SO
172     Roderick Johnson  14.1 31 1999-00 Southeast Missouri State 31 31 31.5  5.3  8.7  5.3  8.5 0.0  0.2 3.6 5.0 3.5 5.1  8.6 1.3 1.5 1.3 2.3 2.9 14.1 .604 .615  .000 .716 .636 .604   F    SR
173          Frank Allen  14.1 33 1990-91             Murray State 33 32 33.6  4.2 12.2  2.6  7.3 1.7  4.9 3.9         4.6  2.0 3.5 1.4 0.0 3.1 1.6 14.1 .347 .353  .337 .850 .488 .415   G    SO
174   Garrett Richardson  14.1 28 2001-02          Tennessee State 28 26 34.6  5.0 11.9  3.6  7.3 1.4  4.7 2.7 3.5 0.7 2.8  3.4 4.5 2.5 0.4 3.4 2.2 14.1 .419 .498  .298 .765 .518 .478   G    SO
175         Brian Foster  14.1 29 2001-02                UT Martin 29 28 30.2  5.6 11.7  5.6 11.7 0.0  0.0 2.9 4.3 2.4 4.1  6.5 1.8 1.2 0.2 2.0 1.5 14.1 .479       .479 .667 .513 .479   F    SR
176     Johnnie Williams  14.0 27 1993-94           Morehead State 27 22 30.5  4.8 11.3  4.0  9.0 0.8  2.3 3.7         5.1  4.4 3.1 0.7 0.3 3.7 2.4 14.0 .423 .439  .361 .717 .511 .459   G    JR
177        Anthony Davis  14.0 31 2002-03              Austin Peay 31 30 29.4  5.2 12.4  4.2  8.8 1.0  3.5 2.6 3.6 1.6 3.1  4.7 2.4 1.6 0.4 2.5 2.5 14.0 .419 .471  .291 .708 .496 .461   G    SO
178      Arlando Johnson  14.0 27 1992-93         Eastern Kentucky 27 27 33.9  4.8 10.9  3.9  7.9 0.9  3.0 3.4         4.1  3.0 4.5 1.1 0.2 2.2 2.3 14.0 .441 .491  .309 .838 .544 .483   G    SO
179          Tim Gaither  14.0 26 1993-94         Middle Tennessee 26 24 33.8  5.0 11.2  4.4  9.3 0.6  1.8 3.5         4.3  4.7 3.4 2.0 0.0 2.9 1.6 14.0 .445 .469  .319 .805 .530 .471   G    SO
180         Chris Turner  14.0 27 1994-95           Tennessee Tech 27 27 33.0  4.5 11.3  2.9  6.9 1.6  4.4 3.3         4.7  4.5 3.3 0.9 0.0 2.0 2.1 14.0 .399 .417  .370 .706 .515 .471   G    SO
181         Joe Williams  13.9 32 2000-01              Austin Peay 32 32 33.9  5.4  9.4  5.4  9.4 0.0  0.0 3.1 4.5 3.3 4.7  8.0 1.3 0.8 1.7 2.4 2.7 13.9 .578       .578 .685 .604 .578   C    SR
182        Kevin Wallace  13.9 26 1989-90         Middle Tennessee         26  5.1 12.1  3.8  8.8 1.3  3.3 2.4         3.1  6.5 1.3 0.7         0.3 13.9 .422 .430  .400 .765 .512 .476   F    SR
183            John Best  13.9 25 1990-91           Tennessee Tech    25 22.1  5.1  9.3  5.0  8.9 0.0  0.4 3.7         4.9  5.3 0.2 0.9 0.1 2.2 2.4 13.9 .547 .565  .111 .754 .598 .550   C    SO
184              JC Howe  13.9 28 2002-03                UT Martin 28 25 29.3  5.1 10.1  4.0  7.1 1.1  3.0 2.5 4.2 1.9 4.3  6.2 2.4 2.1 0.4 2.5 3.6 13.9 .507 .566  .369 .607 .575 .562   F    JR
185          Warren Kidd  13.9 27 1991-92         Middle Tennessee 27 27 28.7  5.8  8.7  5.8  8.7 0.0  0.0 2.3         3.9 10.8 1.4 0.6 2.3     2.3 13.9 .664       .664 .585 .655 .664   C    JR
186        Isaac Spencer  13.8 33 1997-98             Murray State 33 33 30.5  5.2  8.2  5.2  8.2 0.0  0.0 3.5         5.5  8.3 2.1 0.8 1.5 2.6 2.9 13.8 .633 .636  .000 .635 .642 .633   F    FR
187         Brian Foster  13.8 28 2000-01                UT Martin 28 22 29.8  5.8 11.1  5.8 11.0 0.0  0.1 2.2 4.2 1.9 3.0  4.9 1.8 0.8 0.0 2.0 1.5 13.8 .522 .528  .000 .517 .526 .522   F    JR
188        Mark Kinnaird  13.8 27 1995-96           Morehead State    27 28.4  4.6 11.6  1.9  4.9 2.7  6.7 2.0         2.3  2.4 2.6 1.1         0.2 13.8 .397 .397  .398 .855 .546 .513   G    SR
189        Chad Townsend  13.8 33 1997-98             Murray State 33 33 32.4  4.7 10.5  3.7  7.8 1.0  2.7 3.4         4.5  4.2 5.2 1.4 0.3 1.9 2.1 13.8 .449 .475  .375 .762 .548 .497   G    SR
190         Mark Johnson  13.8 21 1994-95 Southeast Missouri State 21 19 26.7  4.9 10.8  2.3  4.7 2.6  6.1 1.3         1.8  3.7 2.0 1.0 0.3 1.5 1.9 13.8 .454 .485  .430 .737 .590 .575   G    SR
191         Jeremy Kelly  13.8 28 2003-04                UT Martin 28 27 32.1  4.9 11.7  3.5  6.9 1.4  4.9 2.5 4.0 1.0 3.1  4.1 2.9 1.8 0.0 2.4 3.2 13.8 .421 .516  .287 .631 .506 .480   G    JR
192           Greg Coble  13.7 33 1990-91             Murray State 33 32 35.7  4.9 11.2  3.4  6.8 1.5  4.4 2.4         2.8  4.5 3.6 1.8 0.2 2.8 1.7 13.7 .440 .502  .345 .840 .549 .508   G    SR
193     Johnnie Williams  13.7 27 1994-95           Morehead State 27 27 32.0  5.0 12.8  3.7  8.4 1.3  4.4 2.4         3.1  4.1 2.7 1.1 0.3 2.4 2.5 13.7 .391 .436  .305 .771 .481 .443   G    SR
194       Adrian Henning  13.7 32 2003-04              Austin Peay 32 32 31.3  5.0 11.3  4.3  9.1 0.8  2.2 2.9 4.3 1.4 4.9  6.3 1.7 0.6 0.6 2.5 2.6 13.7 .446 .472  .338 .676 .515 .479   F    SR
195           Brett Hale  13.7 29 2002-03 Southeast Missouri State 29 28 30.0  4.8 10.2  2.9  5.9 1.9  4.3 2.2 2.4 0.6 2.1  2.7 2.0 0.3 0.1 2.0 1.1 13.7 .468 .497  .429 .914 .600 .559   G    SO
196      Tyrone Boardley  13.6 28 1993-94           Morehead State 28 27 27.4  4.2  8.1  4.1  7.9 0.1  0.3 5.2         6.6  9.5 1.5 1.6 0.3 2.4 3.2 13.6 .513 .523  .250 .789 .605 .518   F    JR
197           Josh Gomes  13.6 27 2003-04         Eastern Illinois 27 23 26.7  5.2 10.8  4.3  8.1 0.9  2.7 2.4 3.1 1.4 2.1  3.6 1.9 0.8 0.1 2.2 1.9 13.6 .479 .527  .333 .762 .554 .521   G    SO
198            Matt Witt  13.6 28 2002-03         Eastern Kentucky 28 21 31.4  5.1 13.0  3.2  7.6 1.9  5.5 1.4 1.8 0.5 1.8  2.2 5.1 1.5 0.0 3.1 2.7 13.6 .395 .425  .353 .780 .490 .468   G    FR
199        Cameron Crisp  13.6 32 2002-03           Tennessee Tech 32 31 30.0  4.8 11.3  3.1  6.5 1.7  4.8 2.3 2.8 0.5 3.3  3.8 4.5 1.6 0.3 3.2 2.5 13.6 .428 .478  .359 .800 .540 .504   G    JR
200         Jeff Johnson  13.6 26 1994-95          Tennessee State    26 27.6  5.7 10.2  5.7 10.2 0.0  0.0 2.2         3.7  8.3 0.5 0.7 1.3     2.0 13.6 .558       .558 .588 .567 .558   C    SR
[/code]

Provided by [url=https://www.sports-reference.com/sharing.html?utm_source=direct&utm_medium=Share&utm_campaign=ShareTool]Stathead[/url]: [url=https://www.sports-reference.com/stathead/basketball/cbb/player-season-finder.cgi?utm_source=direct&utm_medium=Share&utm_campaign=ShareTool]Found with Stathead. See Full Results.[/url]
Generated 6/11/2026.