
[code]                                                                                                                                                                                             
                                                                                                                                                                                         Per 
Rk                  Player PTS/G  G  Season                Team  G GS   MP  FG  FGA  2P  2PA  3P  3PA  FT  FTA ORB DRB  TRB AST STL BLK TOV  PF  PTS  FG%  2P%   3P%  FT%  TS% eFG% Pos Class
1          Terrell Brandon  26.6 28 1990-91              Oregon 28 28 39.6 9.8 19.9 8.3 15.6 1.4  4.3 5.7          6.7  3.6 5.0 2.3 0.1 3.6 2.0 26.6 .491 .533  .336 .850 .578 .527   G    JR
2             Harold Miner  26.3 30 1991-92 Southern California 30 30 34.7 8.3 19.0 6.4 13.6 1.9  5.4 7.7          9.5  7.0 1.3 1.1 0.2 2.2 2.0 26.3 .438 .472  .352 .811 .558 .488   G    JR
3              Gary Payton  25.7 29 1989-90        Oregon State 29 29 37.8 9.9 19.7 8.1 14.3 1.8  5.4 4.1          5.9  4.7 8.1 3.4 0.5 3.7 3.6 25.7 .504 .569  .333 .690 .572 .550   G    SR
4               Adam Keefe  25.3 29 1991-92            Stanford 29 29 37.2 9.5 16.8 9.3 16.4 0.2  0.4 6.2  8.3 4.6 7.6 12.2 3.0 1.7 0.5 3.3 2.2 25.3 .564 .566  .455 .746 .610 .569   F    SR
5               Ed Gray Jr  24.8 26 1996-97          California 26 25 31.7 8.6 18.7 7.2 13.8 1.5  4.8 6.1          7.7  4.0 2.2 1.7 0.2 3.3 2.6 24.8 .461 .517  .302 .790 .554 .500   G    SR
6            Lamond Murray  24.3 30 1993-94          California 30 29 34.9 8.7 18.3 7.2 13.7 1.5  4.6 5.3          6.9  7.9 2.1 1.5 1.0 2.8 2.4 24.3 .476 .526  .331 .764 .562 .518   F    JR
7            Khalid Reeves  24.2 35 1993-94             Arizona 35 35 31.8 7.9 16.3 5.5  9.9 2.4  6.4 6.0          7.5  4.3 2.9 1.8 0.1 2.4 2.5 24.2 .483 .549  .379 .799 .608 .557   G    SR
8             Harold Miner  23.5 29 1990-91 Southern California    29 36.2 8.1 17.9 6.1 11.9 2.0  6.0 5.2          6.6  5.5 2.0 1.1 0.3 1.9 2.1 23.5 .453 .512  .337 .800 .559 .510   G    SO
9              Don MacLean  23.0 31 1990-91                UCLA 31 31 32.5 8.4 15.2 8.3 14.7 0.1  0.4 6.2          7.4  7.3 2.0 0.5 0.3 2.5 1.9 23.0 .551 .560  .231 .846 .617 .554   F    JR
10          Eddie House II  23.0 32 1999-00       Arizona State 32 31 37.2 8.2 19.5 5.9 13.2 2.3  6.3 4.3  5.1 1.6 3.9  5.5 3.5 2.3 0.1 2.3 2.1 23.0 .422 .449  .365 .835 .525 .481   G    SR
11        Damon Stoudamire  22.8 30 1994-95             Arizona 30 30 36.4 7.4 15.5 3.7  7.5 3.7  8.0 4.3          5.2  4.3 7.3 1.7 0.0 4.6 2.0 22.8 .476 .489  .465 .826 .634 .597   G    SR
12               Ike Diogu  22.8 27 2003-04       Arizona State 27 27 36.9 6.6 12.5 6.1 11.1 0.5  1.4 9.0 11.0 3.3 5.6  8.9 1.6 0.5 1.7 3.7 2.9 22.8 .530 .548  .378 .815 .641 .550   F    SO
13          Casey Jacobsen  21.9 30 2001-02            Stanford 30 30 35.3 6.8 15.5 4.7  9.8 2.1  5.7 6.1  7.9 1.5 3.0  4.5 3.5 0.6 0.1 2.4 1.8 21.9 .441 .481  .372 .776 .570 .510   G    JR
14       Isaac Fontaine IV  21.9 30 1996-97    Washington State 30 30 34.3 7.3 14.8 4.8  9.1 2.5  5.7 4.7          6.0  4.0 2.5 1.3 0.3 3.1 2.6 21.9 .497 .531  .441 .785 .621 .581   G    SR
15             Jason Terry  21.9 29 1998-99             Arizona 29 29 38.2 7.2 16.3 4.6  9.7 2.6  6.6 4.9          5.8  3.3 5.5 2.8 0.2 4.1 1.4 21.9 .443 .473  .398 .839 .575 .523   G    SR
16              Adam Keefe  21.5 33 1990-91            Stanford    33 36.5 7.6 12.5 7.6 12.4 0.1  0.1 6.2          8.1  9.5 1.8 1.5 0.4 2.8 2.3 21.5 .609 .610  .500 .760 .655 .611   F    JR
17            Tracy Murray  21.4 33 1991-92                UCLA 33 33 32.8 7.3 13.5 4.9  8.8 2.4  4.7 4.5          5.6  7.0 1.8 1.6 0.9 2.1 2.6 21.4 .538 .559  .500 .800 .661 .626   F    JR
18            Tracy Murray  21.2 32 1990-91                UCLA 32 32 31.3 7.7 15.3 5.4  9.4 2.3  5.9 3.5          4.4  6.7 1.3 1.3 1.1 1.9 2.8 21.2 .503 .576  .386 .794 .608 .577   F    SO
19            Luke Jackson  21.2 31 2003-04              Oregon 31 31 34.6 6.8 13.9 4.4  8.5 2.4  5.4 5.3  6.1 1.8 5.4  7.2 4.5 1.3 0.2 3.0 1.7 21.2 .488 .519  .440 .862 .631 .573   G    SR
20     Shareef Abdur-Rahim  21.1 28 1995-96          California 28 28 34.7 7.4 14.2 7.1 13.5 0.3  0.8 6.1          8.9  8.4 1.0 1.9 1.3 3.1 2.1 21.1 .518 .525  .381 .683 .571 .528   F    FR
21             Brent Barry  21.0 27 1994-95        Oregon State    27 37.5 6.7 13.0 4.8  8.1 1.9  4.9 5.7          6.9  5.9 3.9 2.7 0.4 3.2 2.6 21.0 .514 .586  .394 .823 .644 .588   F    SR
22             Jeremy Veal  20.8 32 1997-98       Arizona State 32 31 36.3 7.6 16.5 5.9 12.4 1.8  4.2 3.8          4.8  4.2 3.6 1.5 0.1 2.8 2.0 20.8 .461 .475  .421 .787 .553 .514   G    SR
23             Don MacLean  20.7 32 1991-92                UCLA 32 32 32.3 7.2 14.2 7.0 13.7 0.2  0.5 6.2          6.7  7.8 2.1 0.5 0.2 2.6 2.3 20.7 .504 .510  .353 .921 .595 .511   F    SR
24            Harold Miner  20.6 28 1989-90 Southern California 28 28 34.9 7.4 15.6 5.2 10.5 2.1  5.1 3.8          4.5  3.6 2.1 1.2 0.2 1.6 1.9 20.6 .472 .497  .423 .841 .583 .541   G    FR
25      Antoine Stoudamire  20.5 22 1991-92              Oregon 22 19 34.7 7.0 15.2 4.8  9.8 2.1  5.5 4.5          6.2  4.7 1.7 0.8 0.0 3.2 2.2 20.5 .457 .493  .392 .723 .565 .527   G    JR
26           Ed OBannon Jr  20.4 33 1994-95                UCLA 33 33 34.2 7.5 14.0 5.8 10.2 1.7  3.8 3.8          4.8  8.3 2.5 1.9 0.8 2.5 2.2 20.4 .533 .571  .433 .785 .625 .593   F    SR
27               Joe Shipp  20.4 31 2002-03          California 31 31 35.4 7.8 15.0 6.5 11.4 1.3  3.6 3.5  4.7 1.9 4.2  6.1 2.3 0.9 0.7 1.9 2.0 20.4 .518 .571  .354 .759 .592 .561   F    SR
28             Chris Mills  20.4 28 1992-93             Arizona 28 28 31.1 7.5 14.5 5.5 10.4 2.0  4.1 3.3          3.9  7.9 1.9 1.1 0.5 2.6 2.4 20.4 .520 .534  .483 .836 .622 .589   F    SR
29           Jason Gardner  20.4 34 2001-02             Arizona 34 34 38.2 5.8 13.6 2.7  5.5 3.1  8.1 5.6  7.1 0.8 2.1  2.9 4.6 1.6 0.0 2.8 1.8 20.4 .425 .487  .384 .800 .600 .540   G    JR
30               Ron Riley  20.1 27 1995-96       Arizona State    27 33.3 6.9 17.7 4.7 10.4 2.1  7.3 4.2          5.8  6.1 2.6 1.8 0.6 3.0 2.3 20.1 .389 .457  .293 .720 .491 .450   F    SR
31            Stevin Smith  20.0 27 1992-93       Arizona State 27 25 34.2 6.3 15.0 2.1  3.9 4.2 11.1 3.1          4.0  2.8 3.7 2.6 0.2 1.9 3.1 20.0 .422 .552  .377 .780 .591 .562   G    JR
32              Adam Keefe  20.0 30 1989-90            Stanford    30 35.5 7.0 11.2 7.0 11.2 0.0  0.0 6.0          8.2  9.1 1.4 0.8 0.6 2.4 2.4 20.0 .627       .627 .725 .662 .627   F    SO
33             Don MacLean  19.9 33 1989-90                UCLA 33 33 33.7 7.2 14.0 7.2 13.9 0.0  0.1 5.4          6.4  8.7 1.1 0.5 0.5 1.8 2.6 19.9 .516 .516  .500 .848 .584 .517   F    SO
34          Corey Benjamin  19.8 25 1997-98        Oregon State 25 22 26.9 7.4 13.7 6.2  9.8 1.2  4.0 3.9          5.4  5.0 2.2 1.9 0.7 2.8 3.1 19.8 .539 .639  .293 .713 .608 .582   G    SO
35            Luke Ridnour  19.7 33 2002-03              Oregon 33 33 35.4 6.2 14.2 3.7  7.8 2.5  6.4 4.9  5.6 0.6 2.8  3.4 6.6 1.9 0.1 3.9 2.3 19.7 .432 .473  .382 .880 .582 .518   G    JR
36            Sean Lampley  19.5 31 2000-01          California 31 31 34.6 6.7 13.4 6.5 12.4 0.2  1.1 5.8  7.9 1.5 5.7  7.2 3.3 0.9 0.5 3.6 2.5 19.5 .502 .527  .212 .738 .569 .511   F    SR
37              Doug Wrenn  19.5 28 2001-02          Washington 28 26 32.6 7.4 16.9 6.8 14.5 0.6  2.4 4.1  7.0 2.2 4.2  6.4 2.0 0.7 0.6 2.9 2.9 19.5 .438 .464  .273 .585 .483 .457   F    SO
38           Desmon Farmer  19.4 28 2003-04 Southern California 28 27 35.3 6.1 15.6 3.1  6.7 3.0  8.9 4.3  5.7 1.3 3.3  4.6 1.8 1.2 0.1 2.6 2.8 19.4 .389 .463  .333 .761 .531 .484   G    SR
39              Sam Clancy  19.1 32 2001-02 Southern California 32 31 37.6 7.4 14.9 7.3 14.9 0.0  0.1 4.3  6.9 3.1 6.4  9.4 1.7 1.8 1.5 1.7 3.1 19.1 .494 .494  .500 .624 .524 .495   F    SR
40           Lamond Murray  19.1 30 1992-93          California 30 28 29.9 7.7 14.8 6.5 11.5 1.2  3.3 2.5          4.0  6.3 1.4 1.1 0.8 2.6 2.3 19.1 .517 .561  .364 .628 .569 .557   F    SO
41       J.R. Henderson Jr  19.0 33 1997-98                UCLA 33 32 33.1 6.9 12.9 6.8 12.5 0.1  0.4 5.0          7.9  7.8 1.5 1.2 0.4 2.7 2.6 19.0 .536 .545  .286 .638 .571 .541   F    SR
42               Ike Diogu  19.0 32 2002-03       Arizona State 32 32 32.2 6.5 10.8 6.3 10.0 0.3  0.8 5.6  7.7 3.1 4.7  7.8 0.8 0.3 1.0 2.8 2.9 19.0 .608 .625  .375 .735 .659 .621   F    FR
43          Eddie House II  18.9 30 1998-99       Arizona State 30 30 36.9 6.9 15.9 4.7 10.3 2.2  5.6 3.0          3.8  4.9 3.1 2.0 0.1 2.8 2.9 18.9 .432 .455  .389 .791 .534 .500   G    JR
44             Jeremy Veal  18.9 27 1995-96       Arizona State 27 27 34.2 6.8 15.5 4.4  8.8 2.4  6.7 2.9          3.5  2.8 3.8 1.6 0.2     3.3 18.9 .439 .498  .363 .819 .551 .518   G    SO
45       Michael Dickerson  18.9 34 1996-97             Arizona 34 34 31.7 6.9 16.6 5.2 11.7 1.6  4.9 3.6          5.0  4.5 1.5 1.1 0.1 2.5 2.7 18.9 .412 .446  .331 .712 .497 .461   F    JR
46           Mustapha Hoff  18.8 27 1994-95        Oregon State         27 6.4 13.4 5.7 11.3 0.7  2.1 5.4          7.4  7.5 1.6 1.4         0.3 18.8 .476 .505  .321 .721 .555 .501   F    SR
47           Desmon Farmer  18.7 30 2002-03 Southern California 30 27 32.6 6.1 15.1 4.0  8.6 2.1  6.5 4.5  5.4 2.1 2.6  4.8 1.8 0.9 0.1 2.2 2.2 18.7 .401 .459  .323 .828 .529 .470   G    JR
48             Jeremy Veal  18.7 30 1996-97       Arizona State 30 28 35.9 6.6 14.8 4.7 10.4 1.9  4.4 3.5          4.6  4.3 4.7 1.4 0.1 3.0 1.9 18.7 .448 .450  .443 .774 .552 .514   G    JR
49        Orlando Williams  18.7 28 1994-95              Oregon    28 29.1 5.9 12.9 2.5  5.0 3.4  7.9 3.6          4.8  3.0 1.6 0.5         0.0 18.7 .454 .500  .425 .756 .616 .584   G    SR
50           Mario Bennett  18.7 33 1994-95       Arizona State 33 33 34.3 7.5 12.6 7.2 11.7 0.2  0.9 3.5          7.1  8.2 2.4 1.0 3.5 3.1 2.9 18.7 .592 .618  .267 .491 .584 .602   F    JR
51         Todd MacCulloch  18.7 29 1998-99          Washington 29 29 31.2 7.2 10.9 7.2 10.9 0.0  0.0 4.2          7.1 11.9 0.8 1.0 1.6 1.4 2.6 18.7 .662       .662 .595 .654 .662   C    SR
52            Bryan Bracey  18.6 28 2000-01              Oregon 28 25 30.6 6.3 12.8 5.0  9.6 1.4  3.2 4.6  5.9 2.0 5.2  7.1 1.0 1.0 0.3 2.6 2.4 18.6 .493 .515  .427 .788 .597 .546   F    SR
53      Antoine Stoudamire  18.6 30 1992-93              Oregon 30 30 31.5 6.1 13.8 4.7  9.9 1.4  3.9 5.1          7.1  5.4 2.3 1.0 0.1 2.6 2.7 18.6 .440 .473  .356 .714 .542 .490   G    SR
54              Fred Jones  18.6 35 2001-02              Oregon 35 33 31.5 6.1 11.8 4.7  7.9 1.5  3.9 4.8  5.5 1.9 3.5  5.4 3.2 1.8 0.5 2.3 2.7 18.6 .521 .594  .372 .871 .643 .582   G    SR
55         Todd MacCulloch  18.6 30 1997-98          Washington 30 30 28.3 7.5 11.5 7.5 11.5 0.0  0.0 3.6          5.1  9.7 0.4 0.4 1.3 0.1 2.2 18.6 .650       .650 .704 .666 .650   C    JR
56        Orlando Williams  18.6 27 1993-94              Oregon 27 26 31.7 6.1 14.0 3.1  5.9 3.0  8.1 3.3          4.1  3.6 1.3 0.7 0.0 2.4 2.5 18.6 .440 .538  .370 .786 .582 .548   G    JR
57       Isaac Fontaine IV  18.5 30 1994-95    Washington State 30 30 33.3 6.6 12.6 5.4 10.0 1.2  2.7 4.0          5.2  4.5 2.9 1.7 0.6 3.2 2.5 18.5 .525 .545  .450 .771 .612 .573   G    SO
58            Stevin Smith  18.5 28 1993-94       Arizona State 28 26 38.5 5.7 13.5 2.3  4.3 3.4  9.3 3.7          4.8  3.2 5.1 2.5     0.3 3.4 18.5 .420 .529  .369 .774 .585 .546   G    SR
59             Miles Simon  18.4 23 1996-97             Arizona 23 16 31.7 6.2 13.6 4.2  8.7 2.0  4.8 4.1          5.5  4.1 4.2 1.3 0.2 3.5 2.1 18.4 .455 .483  .405 .754 .570 .527   G    JR
60            Kris Johnson  18.4 29 1997-98                UCLA 29 27 32.5 6.5 12.5 4.9  8.5 1.6  4.0 3.8          4.6  5.1 1.1 0.9 0.2 2.5 3.3 18.4 .519 .571  .409 .833 .628 .584   F    SR
61        Damon Stoudamire  18.3 35 1993-94             Arizona 35 35 33.3 6.2 13.8 3.5  6.3 2.7  7.6 3.2          4.0  4.5 5.9 1.6 0.1 3.2 2.3 18.3 .448 .566  .351 .800 .580 .544   G    JR
62            Marcus Moore  18.2 18 2002-03    Washington State 18 16 33.8 5.6 16.1 3.1  8.3 2.5  7.8 4.5  6.0 0.6 4.8  5.4 4.7 1.7 0.3 3.8 1.9 18.2 .349 .376  .321 .750 .482 .427   G    JR
63           Ed OBannon Jr  18.2 28 1993-94                UCLA 28 28 34.3 6.8 14.1 6.3 12.1 0.6  2.0 4.0          5.3  8.8 2.1 1.2 1.1 2.5 2.1 18.2 .484 .516  .286 .745 .546 .504   F    JR
64          Casey Jacobsen  18.1 34 2000-01            Stanford 34 34 31.7 6.0 11.8 3.5  6.5 2.5  5.2 3.7  4.6 0.8 3.2  4.0 2.3 0.5 0.1 1.9 1.1 18.1 .508 .536  .472 .813 .650 .613   G    SO
65       Isaac Fontaine IV  18.1 29 1995-96    Washington State    29 34.3 6.0 13.0 3.7  8.3 2.3  4.7 3.8          4.7  5.6 2.7 1.3         0.4 18.1 .462 .448  .485 .822 .595 .549   G    JR
66          Teo Alibegovic  18.1 28 1990-91        Oregon State         28 6.4 12.8 5.5 10.3 0.9  2.5 4.3          5.4  4.2 2.6 0.9         0.2 18.1 .503 .533  .377 .789 .588 .539   F    SR
67             Bobby Lazor  18.0 30 1998-99       Arizona State 30 30 36.1 6.1 12.4 5.4 10.0 0.7  2.5 5.1          6.8  8.7 3.0 0.9 0.7 3.2 3.2 18.0 .491 .542  .284 .751 .575 .519   F    SR
68             Alex Austin  18.0 31 1989-90       Arizona State    31 37.9 5.9 15.1 3.3  7.5 2.7  7.6 3.2          4.2  7.7 2.4 1.5         0.3 18.0 .394 .435  .353 .763 .528 .483   F    SR
69       Michael Dickerson  18.0 35 1997-98             Arizona 35 35 28.2 6.9 13.5 5.3  9.5 1.6  4.0 2.6          3.4  4.5 1.8 1.1 0.2 2.2 2.3 18.0 .510 .554  .404 .758 .594 .570   F    SR
70            Scott Haskin  18.0 31 1991-92        Oregon State 31 31 29.3 7.3 11.9 7.3 11.9 0.0  0.0 3.4          4.4  6.5 1.1 0.3 2.2 1.9 2.8 18.0 .612       .612 .779 .643 .612   C    JR
71          Bennie Seltzer  17.9 27 1992-93    Washington State 27 27 36.9 6.3 13.2 3.4  5.8 2.9  7.4 2.5          3.2  4.0 4.7 1.4     0.1 2.8 17.9 .473 .583  .388 .791 .608 .583   G    SR
72           Geno Carlisle  17.9 22 1997-98          California 22 19 34.7 5.9 13.5 3.5  6.8 2.3  6.8 3.9          5.1  3.0 2.3 1.0 0.1 2.5 1.5 17.9 .433 .523  .342 .752 .560 .518   G    JR
73          Toby Bailey Jr  17.9 33 1997-98                UCLA 33 32 35.7 6.2 14.1 4.8  9.7 1.4  4.4 4.0          5.4  5.9 4.1 1.2 0.7 3.2 2.8 17.9 .443 .497  .324 .737 .537 .494   F    SR
74            Rich Manning  17.9 25 1992-93          Washington 25 25 31.0 7.5 13.0 7.4 12.8 0.0  0.2 2.9          3.6  8.4 1.0 0.6 1.2 2.4 2.3 17.9 .575 .579  .250 .800 .608 .577   F    SR
75         Terrell Brandon  17.9 29 1989-90              Oregon    29 36.8 6.6 13.8 5.1 10.6 1.4  3.2 3.3          4.4  3.7 6.0 1.8 0.1 3.5 2.2 17.9 .474 .485  .436 .752 .560 .525   G    SO
76        Brian Scalabrine  17.8 30 1999-00 Southern California 30 30 35.1 6.8 12.7 5.9 10.7 0.8  2.1 3.4  4.8 2.4 3.6  6.0 2.8 1.2 0.8 3.7 2.6 17.8 .531 .556  .403 .715 .593 .564   C    JR
77              Chad Scott  17.8 13 1991-92        Oregon State 13 13 33.4 6.3 12.4 5.3  9.5 1.0  2.9 4.2          5.8  8.3 1.8 0.8 0.7 2.2 1.8 17.8 .509 .561  .342 .720 .587 .550   F    JR
78         Charles OBannon  17.7 32 1996-97                UCLA 32 32 35.3 6.5 11.8 5.7  9.4 0.8  2.3 3.9          4.9  6.9 2.4 1.1 0.7 2.3 2.2 17.7 .551 .601  .347 .791 .626 .585   F    SR
79          Brian Hendrick  17.6 28 1990-91          California         28 6.8 12.1 6.8 12.1 0.0  0.0 4.1          5.4  9.0 1.4 0.6         1.1 17.6 .556       .556 .757 .597 .556   C    SO
80          Ronnie Coleman  17.5 28 1990-91 Southern California    28 33.1 7.8 14.6 7.8 14.6 0.0  0.0 1.9          3.4  8.6 1.3 0.9         1.1 17.5 .537       .537 .558 .542 .537   F    SR
81          Terrence Lewis  17.4 33 1991-92    Washington State 33 32 33.5 6.2 12.8 3.9  7.0 2.2  5.8 2.9          3.5  5.1 2.8 1.5 0.1 2.8 2.2 17.4 .481 .561  .385 .826 .603 .569   G    SR
82              Sam Clancy  17.3 34 2000-01 Southern California 34 33 33.2 6.4 12.9 6.4 12.8 0.0  0.0 4.4  6.6 2.3 5.2  7.5 1.0 1.1 2.4 2.4 2.8 17.3 .501 .500 1.000 .659 .540 .502   F    JR
83              Mike Bibby  17.2 35 1997-98             Arizona 35 35 32.0 6.0 12.9 3.8  7.2 2.2  5.7 3.1          4.1  3.0 5.7 2.4 0.2 2.2 1.6 17.2 .464 .526  .387 .755 .582 .550   G    SO
84            Jason Kapono  17.2 32 2000-01                UCLA 32 31 35.1 5.2 11.8 2.6  6.1 2.6  5.8 4.2  4.8 1.7 4.0  5.7 2.3 1.2 0.1 2.5 2.6 17.2 .441 .426  .457 .869 .610 .551   F    SO
85             David Lucas  17.2 28 2003-04        Oregon State 28 28 29.3 6.6 12.9 6.6 12.8 0.0  0.1 4.0  4.9 3.4 3.5  6.9 0.9 1.0 0.6 2.2 2.8 17.2 .511 .513  .333 .816 .565 .512   F    JR
86             Shon Tarver  17.2 32 1992-93                UCLA 32 32 35.0 6.8 13.0 6.2 10.5 0.7  2.5 2.9          4.5  4.3 2.9 1.7 0.4 3.0 1.7 17.2 .524 .585  .266 .641 .567 .549   G    JR
87             Miles Simon  17.2 35 1997-98             Arizona 35 35 31.4 5.7 12.0 4.1  7.6 1.6  4.4 4.1          5.3  3.5 3.5 1.3 0.1 3.0 1.4 17.2 .476 .540  .368 .778 .592 .544   G    SR
88            Hassan Adams  17.2 30 2003-04             Arizona 30 28 30.5 6.7 12.3 5.4  9.0 1.3  3.3 2.6  3.5 3.3 4.0  7.3 1.6 1.5 1.5 1.9 2.6 17.2 .542 .600  .384 .733 .615 .593   G    SO
89           Trevor Wilson  17.2 33 1989-90                UCLA 33 33 33.5 7.0 14.2 7.0 14.1 0.0  0.1 3.1          6.2  9.1 2.9 1.2 0.4 2.6 2.8 17.2 .495 .496  .333 .507 .502 .496   F    SR
90            Mark Sanford  17.0 28 1996-97          Washington 28 28 33.1 6.6 13.6 5.8 11.1 0.9  2.6 3.0          4.3  8.0 2.2 1.1 0.9 2.8 2.5 17.0 .484 .519  .333 .697 .544 .516   F    JR
91            Chad Prewitt  17.0 29 2001-02       Arizona State 29 29 29.7 5.7 11.0 4.6  8.1 1.2  2.9 4.4  5.9 3.0 4.2  7.3 2.3 0.8 0.4 1.9 3.0 17.0 .520 .559  .410 .738 .615 .574   C    SR
92        Curtis Borchardt  16.9 29 2001-02            Stanford 29 29 30.9 5.9 10.2 5.5  9.3 0.4  0.9 4.8  7.1 3.8 7.7 11.4 2.0 0.6 2.9 2.0 2.8 16.9 .576 .593  .407 .670 .622 .594   C    JR
93            Donald Watts  16.9 30 1997-98          Washington 30 30 33.0 5.2 10.9 4.4  8.3 0.8  2.6 5.7          7.9  3.9 3.6 1.6 0.5 3.4 2.5 16.9 .476 .528  .308 .714 .574 .512   G    JR
94             Lorenzo Orr  16.9 28 1994-95 Southern California 28 27 31.9 6.5 13.0 6.5 13.0 0.0  0.0 3.9          6.2  7.5 1.4 1.0 1.0 2.4 2.8 16.9 .496 .497  .000 .632 .527 .496   F    SR
95              Dion Cross  16.8 29 1994-95            Stanford 29 29 32.3 5.4 12.4 2.6  6.5 2.8  5.9 3.1          3.8  1.8 1.1 0.5 0.1 1.8 1.7 16.8 .437 .399  .480 .827 .592 .552   G    JR
96            Jason Kapono  16.8 29 2002-03                UCLA 29 29 33.4 5.9 12.9 3.7  7.3 2.2  5.6 2.8  3.2 1.8 3.4  5.2 2.0 0.6 0.0 2.1 2.2 16.8 .457 .502  .398 .880 .583 .543   F    SR
97            Rich Manning  16.8 29 1991-92          Washington 29 29 31.6 7.2 12.7 7.2 12.7 0.0  0.0 2.3  3.5 2.6 3.4  6.1 0.8 0.7 0.5 2.2 2.6 16.8 .568       .568 .673 .584 .568   F    JR
98             Bobby Lazor  16.8 32 1997-98       Arizona State 32 31 31.8 6.1 11.0 5.7  9.8 0.5  1.2 4.0          5.2  7.8 1.6 1.0 1.2 2.1 2.8 16.8 .558 .576  .405 .777 .623 .580   F    JR
99            Mike Batiste  16.7 22 1998-99       Arizona State 22 21 32.0 7.0 13.7 6.1 11.3 0.9  2.4 1.9          3.2  6.9 2.4 1.3 0.7 2.5 3.5 16.7 .507 .538  .358 .600 .547 .538   F    SR
100          Ed OBannon Jr  16.7 33 1992-93                UCLA 33 32 33.3 6.3 11.7 5.8 10.5 0.5  1.2 3.5          5.0  7.0 1.7 1.3 1.0 2.6 2.5 16.7 .539 .549  .450 .707 .593 .562   F    SO
101             Jason Kidd  16.7 30 1993-94          California 30 29 35.1 5.5 11.7 3.8  7.0 1.7  4.7 3.9          5.6  6.9 9.1 3.1 0.3 4.3 2.6 16.7 .472 .545  .362 .692 .578 .544   G    SO
102           Scott Haskin  16.7 27 1992-93        Oregon State 27 26 30.9 6.5 12.5 6.5 12.5 0.0  0.0 3.6          5.6  8.1 0.7 0.6 1.9 2.6 3.0 16.7 .521       .521 .645 .549 .521   C    SR
103           Luke Jackson  16.7 35 2001-02              Oregon 35 35 30.5 5.4 11.8 4.1  8.5 1.3  3.3 4.5  5.3 1.6 3.8  5.4 3.3 1.3 0.3 2.0 1.7 16.7 .458 .480  .400 .864 .583 .513   G    SO
104           Sean Lampley  16.6 33 1999-00          California 33 32 33.4 6.4 12.6 6.4 12.1 0.0  0.5 3.8          5.8  7.4 3.1 0.6 0.5 2.9 2.5 16.6 .508 .528  .059 .646 .540 .510   F    JR
105         Ronnie Coleman  16.6 28 1989-90 Southern California 28 28 33.6 7.1 13.3 7.1 13.3 0.0  0.0 2.5          4.7  7.1 0.7 1.2         0.3 16.6 .534       .534 .523 .536 .534   F    JR
106            Keith Smith  16.6 32 1989-90          California 32 32 35.8 6.1 11.3 4.8  8.5 1.3  2.8 3.1          4.4  3.5 6.4 1.2         0.0 16.6 .539 .565  .462 .707 .620 .597   G    SR
107           Marcus Moore  16.6 27 2001-02    Washington State 27 27 35.1 5.5 12.6 3.8  7.4 1.7  5.1 3.9  5.3 0.6 3.4  4.0 4.9 2.0 0.3 3.5 2.5 16.6 .435 .507  .331 .746 .550 .503   G    SO
108          Brevin Knight  16.6 28 1994-95            Stanford 28 28 32.6 5.2 11.5 4.5  9.6 0.7  1.8 5.5          7.3  3.9 6.6 2.8 0.0 3.4 2.8 16.6 .455 .470  .373 .750 .555 .484   G    SO
109           Mark Sanford  16.5 28 1995-96          Washington    28 28.9 6.4 13.9 5.3 10.3 1.1  3.6 2.6          4.0  6.1 1.1 1.4 0.8 3.0 3.0 16.5 .460 .512  .314 .652 .524 .501   F    SO
110           Philip Ricci  16.5 28 2002-03        Oregon State 28 28 31.0 6.2 11.9 6.0 11.2 0.2  0.7 4.0  6.1 3.3 5.0  8.2 1.6 0.8 1.2 2.0 2.2 16.5 .520 .532  .316 .645 .558 .529   F    SR
111       Mark Hendrickson  16.5 23 1995-96    Washington State    23 33.2 5.5  9.7 5.2  8.3 0.3  1.3 5.1          7.2  9.5 1.6 0.9 0.2 2.8 3.0 16.5 .572 .623  .258 .709 .631 .590   F    SR
112            Alex Scales  16.3 30 1999-00              Oregon 30 28 32.0 6.0 13.1 4.2  7.8 1.8  5.3 2.6  3.3 1.0 3.3  4.3 2.5 1.4 0.4 2.9 2.3 16.3 .455 .536  .338 .780 .556 .524   G    SR
113           Isaac Austin  16.3 30 1990-91       Arizona State    30 30.2 6.3 11.0 6.3 11.0 0.0  0.0 3.7          5.9  8.7 1.9 1.0 0.6 2.5 2.8 16.3 .571 .573  .000 .629 .590 .571   C    SR
114       Salim Stoudamire  16.3 29 2003-04             Arizona 29 29 32.0 5.2 11.5 2.5  5.0 2.7  6.5 3.2  4.0 0.6 2.2  2.7 3.0 0.8 0.1 2.1 2.4 16.3 .452 .500  .415 .795 .607 .569   G    JR
115          Brevin Knight  16.3 30 1996-97            Stanford 30 29 32.0 4.6 11.4 3.1  7.7 1.5  3.7 5.5          6.6  3.7 7.8 2.8 0.1 3.4 2.8 16.3 .408 .407  .409 .834 .561 .474   G    SR
116             Sean Rooks  16.3 31 1991-92             Arizona 31 29 28.3 5.8 10.4 5.7 10.3 0.1  0.2 4.5          6.9  6.9 1.7 0.9 1.0 2.2 2.7 16.3 .560 .560  .600 .651 .594 .565   C    SR
117            Chris Mills  16.3 31 1991-92             Arizona 31 31 31.7 6.4 12.6 5.5  9.7 0.9  2.9 2.6          3.3  7.9 2.4 1.2 0.3 1.9 2.6 16.3 .506 .563  .315 .777 .573 .542   F    JR
118           Philip Ricci  16.2 28 2001-02        Oregon State 28 27 31.9 5.8 10.7 5.7 10.3 0.1  0.5 4.6  6.8 1.9 5.1  7.1 2.3 0.8 1.5 2.8 2.4 16.2 .537 .554  .154 .688 .582 .540   F    JR
119      Eldridge Recasner  16.2 26 1989-90          Washington 26 26 37.7 5.5 12.5 4.0  8.6 1.5  4.0 3.8          4.3  3.9 3.4 0.9 0.1 3.0 2.3 16.2 .436 .466  .369 .884 .555 .494   G    SR
120          Mario Bennett  16.2 21 1993-94       Arizona State 21 20 33.6 6.4 10.8 6.1 10.0 0.2  0.8 3.2          6.3  8.6 1.5 1.0 1.0 3.0 3.4 16.2 .593 .614  .313 .508 .589 .604   F    SO
121         Gilbert Arenas  16.2 36 2000-01             Arizona 36 33 29.0 5.8 12.1 3.9  7.4 1.9  4.6 2.7  3.7 0.8 2.8  3.6 2.3 1.8 0.2 2.8 2.3 16.2 .479 .519  .416 .724 .585 .559   G    SO
122       Mark Hendrickson  16.1 30 1994-95    Washington State 30 30 33.0 6.1  9.7 5.6  8.6 0.5  1.1 3.5          4.4  9.0 1.3 0.6 0.3 2.2 3.0 16.1 .627 .655  .412 .794 .683 .651   F    JR
123          Carlos Daniel  16.1 28 1997-98    Washington State 28 28 35.1 5.7 11.9 5.7 11.6 0.0  0.2 4.6          6.9 10.1 1.5 0.6 1.2 2.8 2.9 16.1 .482 .488  .167 .677 .533 .483   F    SR
124           Doug Meekins  16.1 28 1990-91          Washington    28 33.0 6.9 13.1 6.8 12.9 0.1  0.2 2.3          3.6  6.5 1.0 1.0         0.4 16.1 .523 .526  .333 .637 .543 .526   F    JR
125   Rodrigo de la Fuente  16.1 11 1997-98    Washington State 11 11 34.7 5.5 10.7 4.7  8.6 0.8  2.1 4.2          5.0  7.0 3.0 2.6 0.4 3.3 2.6 16.1 .517 .547  .391 .836 .614 .555   G    SR
126          Monty Buckley  16.1 27 1994-95          California 27 27 33.8 5.4 11.6 3.4  6.7 2.0  4.8 3.4          4.9  6.6 2.1 1.4 0.3 2.5 2.7 16.1 .465 .505  .408 .695 .580 .550   F    SR
127         Brian Hendrick  16.1 19 1991-92          California 19 19 30.8 6.1 12.7 6.1 12.6 0.0  0.1 3.9          5.9 10.7 0.9 0.8 0.8 1.5 3.3 16.1 .477 .481  .000 .670 .518 .477   C    JR
128           Luke Jackson  16.0 32 2002-03              Oregon 32 30 31.8 5.4 12.0 4.3  8.8 1.2  3.2 4.1  4.7 2.2 4.8  6.9 3.6 1.7 0.3 2.7 2.0 16.0 .452 .484  .363 .867 .565 .500   G    JR
129           Jason Kapono  16.0 33 1999-00                UCLA 33 33 32.7 5.8 11.2 3.3  5.9 2.5  5.2 2.0  2.9 1.2 3.2  4.4 1.9 1.0 0.1 2.5 2.5 16.0 .519 .559  .474 .684 .640 .630   F    FR
130          Julius Barnes  16.0 33 2002-03            Stanford 33 33 35.1 5.0 13.2 2.6  6.4 2.4  6.8 3.6  4.5 0.4 2.4  2.8 3.8 0.8 0.0 3.2 2.2 16.0 .378 .410  .350 .816 .523 .469   G    SR
131           Jason Kapono  16.0 33 2001-02                UCLA 33 33 34.6 5.2 11.2 2.5  5.4 2.6  5.8 3.1  3.6 1.4 3.7  5.1 2.1 0.6 0.1 1.9 2.0 16.0 .459 .466  .453 .856 .620 .577   F    JR
132              Ron Riley  16.0 33 1994-95       Arizona State 33 31 30.2 5.8 13.2 3.4  6.5 2.4  6.7 1.9          2.6  5.3 1.5 2.1 0.4 1.9 2.5 16.0 .439 .521  .360 .744 .552 .531   F    JR
133          Stais Boseman  16.0 27 1996-97 Southern California 27 26 33.4 5.4 13.0 3.4  7.3 1.9  5.8 3.3          4.7  4.1 3.6 2.2 0.4 3.6 2.9 16.0 .412 .474  .333 .701 .523 .486   F    SR
134              Mike Bush  15.9 17 2000-01    Washington State 17 14 35.8 4.9 12.2 3.6  8.4 1.3  3.9 4.9  6.9 1.4 3.8  5.2 1.5 1.4 0.2 3.2 3.1 15.9 .399 .430  .333 .703 .513 .452   G    JR
135          Geno Carlisle  15.9 33 1998-99          California 33 30 33.7 5.2 13.7 3.9  9.6 1.2  4.1 4.3          5.6  2.5 3.9 0.8 0.2 2.4 1.3 15.9 .378 .409  .306 .773 .487 .424   G    SR
136          Channing Frye  15.9 30 2003-04             Arizona 30 30 30.3 6.4 11.7 6.3 11.6 0.1  0.2 3.0  3.8 3.0 4.4  7.4 1.9 0.6 2.1 1.6 3.0 15.9 .548 .548  .600 .788 .589 .553   C    JR
137         Curtis Millage  15.9 29 2002-03       Arizona State 29 29 33.7 5.7 12.1 4.4  8.3 1.2  3.8 3.4  4.7 0.7 2.2  2.9 2.5 1.6 0.0 1.7 2.5 15.9 .467 .529  .330 .721 .556 .519   G    SR
138            Baron Davis  15.9 27 1998-99                UCLA 27 26 30.7 5.6 11.6 4.3  7.8 1.3  3.8 3.5          5.8  3.6 5.1 2.5 0.4 3.3 3.5 15.9 .481 .548  .343 .599 .555 .537   G    SO
139        Jeff Trepagnier  15.9 29 1999-00 Southern California 29 28 36.3 6.3 12.9 5.2 10.1 1.0  2.7 2.3  3.4 2.4 4.1  6.6 2.1 3.2 1.4 2.2 3.0 15.9 .488 .517  .380 .660 .547 .528   G    JR
140        Deaundra Tanner  15.8 27 1998-99        Oregon State 27 27 36.6 5.3 15.0 3.4  9.0 1.9  5.9 3.4          4.3  5.1 4.7 1.7 0.0 3.4 2.2 15.8 .351 .373  .319 .786 .465 .415   G    SO
141         Chris Stephens  15.8 28 2003-04        Oregon State 28 25 32.1 5.5 13.1 2.8  5.9 2.7  7.2 2.1  2.6 0.9 1.7  2.6 1.4 0.7 0.1 1.4 1.7 15.8 .417 .464  .378 .822 .550 .520   G    SO
142           Chris Crosby  15.8 28 1999-00    Washington State 28 28 34.9 5.0 11.5 2.9  6.1 2.2  5.4 3.5  4.3 1.0 2.9  3.8 0.9 0.4 0.1 1.6 2.8 15.8 .437 .465  .404 .810 .580 .531   F    SR
143          Kenya Wilkins  15.7 28 1996-97              Oregon 28 28 32.9 5.3 10.4 4.2  7.5 1.1  2.8 4.0          4.9  3.2 4.6 2.0 0.0 2.2 1.9 15.7 .510 .555  .392 .825 .620 .564   G    SR
144            Luke Walton  15.7 31 2001-02             Arizona 31 31 36.7 5.6 11.9 5.1 10.0 0.5  1.9 3.9  5.8 1.8 5.5  7.3 6.3 1.6 0.6 3.8 2.0 15.7 .470 .506  .283 .682 .535 .493   F    JR
145           Neil Derrick  15.7 32 1991-92    Washington State 32 32 29.5 5.5 12.4 5.1 10.6 0.5  1.8 4.1          5.0  3.3 2.0 1.7 0.3 2.3 2.3 15.7 .447 .479  .259 .830 .531 .466   G    SR
146         Keith Reynolds  15.7 26 1989-90              Oregon    26 35.0 6.4 12.3 6.2 11.5 0.2  0.7 2.7          3.4  4.6 2.2 1.1         0.1 15.7 .520 .533  .316 .784 .564 .530   F    SR
147         Josh Childress  15.7 23 2003-04            Stanford 23 18 29.8 5.4 11.0 3.9  7.3 1.5  3.7 3.4  4.1 1.9 5.6  7.5 2.7 0.9 1.6 2.2 2.3 15.7 .488 .536  .395 .821 .602 .555   F    JR
148             Ed Gray Jr  15.6 28 1995-96          California 28 12 25.1 5.2 12.1 3.8  7.9 1.4  4.3 3.8          4.8  2.6 1.6 1.5 0.3 2.1 2.5 15.6 .431 .482  .336 .791 .544 .490   G    JR
149         Michael Wright  15.6 36 2000-01             Arizona 36 36 27.9 5.6  9.4 5.6  9.4 0.0  0.1 4.4  5.5 3.3 4.5  7.8 0.3 0.6 0.3 1.8 2.4 15.6 .594 .599  .000 .797 .647 .594   F    JR
150            Loren Woods  15.6 26 1999-00             Arizona 26 25 31.5 5.9 11.0 5.9 10.9 0.0  0.1 3.7  4.9 2.3 5.1  7.5 1.5 0.8 3.9 2.2 1.9 15.6 .538 .542  .000 .758 .584 .538   C    JR
151            Chris Mills  15.6 35 1990-91             Arizona    35 29.3 5.9 11.3 4.7  7.9 1.2  3.5 2.6          3.5  6.2 1.9 0.8 0.5 2.2 2.2 15.6 .519 .596  .344 .746 .599 .572   F    SO
152             Dion Brown  15.5 28 1990-91          Washington    28 36.6 5.8 12.1 5.1 10.0 0.8  2.0 3.1          4.6  7.9 2.6 1.9         0.2 15.5 .482 .505  .368 .682 .545 .513   F    SR
153             Sam Clancy  15.5 20 1999-00 Southern California 20 16 31.6 5.9 12.0 5.9 11.9 0.0  0.1 3.7  6.2 3.0 4.0  7.0 1.7 0.9 1.4 1.3 2.1 15.5 .494 .498  .000 .597 .520 .494   F    SO
154           Luke Ridnour  15.5 35 2001-02              Oregon 35 35 34.5 4.8 10.3 2.2  4.3 2.7  6.0 3.2  3.7 0.3 2.7  2.9 5.0 1.7 0.1 3.1 1.8 15.5 .468 .507  .441 .867 .642 .597   G    SO
155          Brevin Knight  15.5 29 1995-96            Stanford    29 31.6 4.8 11.1 4.2  9.0 0.6  2.1 5.2          6.1  3.8 7.3 2.1 0.1 3.6 2.6 15.5 .433 .466  .295 .848 .551 .461   G    JR
156         Michael Wright  15.5 34 1999-00             Arizona 34 34 31.1 5.6  9.8 5.6  9.8 0.0  0.0 4.3  6.0 2.9 5.9  8.7 0.6 0.6 0.1 2.0 1.8 15.5 .569 .568 1.000 .714 .611 .570   F    SO
157         Jamal Faulkner  15.4 30 1990-91       Arizona State    30 29.0 6.3 12.8 5.4  9.9 0.9  2.9 1.9          2.8  6.2 1.2 1.0         1.1 15.4 .492 .547  .302 .699 .546 .526   F    FR
158         Gilbert Arenas  15.4 34 1999-00             Arizona 34 31 32.1 5.5 12.1 4.4  8.3 1.1  3.8 3.3  4.4 1.1 2.9  4.1 2.1 2.1 0.3 2.6 2.4 15.4 .453 .527  .292 .750 .541 .499   G    FR
159             Deon Luton  15.4 30 1997-98          Washington 30 30 33.7 5.5 13.8 3.0  7.1 2.5  6.8 1.8          2.5  2.3 2.5 0.9 0.5 2.7 1.4 15.4 .400 .429  .369 .730 .512 .490   G    SO
160             Tyus Edney  15.4 28 1993-94                UCLA 28 28 31.8 4.9 10.5 4.0  8.2 0.9  2.3 4.7          5.8  3.4 5.8 1.6 0.3 3.2 2.3 15.4 .466 .491  .375 .820 .580 .507   G    JR
161           Darryl Woods  15.3 29 1989-90    Washington State 29 26 31.2 5.4 12.8 3.4  7.6 2.0  5.1 2.5          3.1  3.6 2.0 1.0 0.1 2.0 3.3 15.3 .424 .443  .396 .791 .538 .504   G    SR
162             A.D. Smith  15.3 29 1999-00              Oregon 29 28 30.4 5.7 10.8 5.1  8.9 0.5  1.9 3.5  4.2 1.9 3.9  5.8 1.9 1.3     0.1 2.4 15.3 .524 .578  .273 .835 .599 .548   F    SR
163          Richard Lucas  15.3 28 1990-91              Oregon 28 28 38.3 6.0  9.8 6.0  9.7 0.0  0.1 3.2          5.9  8.8 1.4 1.0 0.7 2.9 2.8 15.3 .619 .624  .000 .549 .610 .619   C    SR
164           Mike Batiste  15.3 32 1997-98       Arizona State 32 31 30.9 6.2 11.2 5.9 10.1 0.3  1.1 2.5          3.9  7.8 1.0 1.1 1.6 2.8 3.4 15.3 .556 .580  .324 .645 .586 .571   F    JR
165            Brent Barry  15.2 27 1993-94        Oregon State 27 27 35.5 5.3 10.7 3.9  6.9 1.4  3.9 3.1          4.1  5.2 3.5 2.4 0.9 3.4 3.1 15.2 .498 .573  .365 .759 .601 .564   F    JR
166          Carlos Daniel  15.2 29 1996-97    Washington State 29 29 35.1 5.7 11.0 5.7 11.0 0.0  0.0 3.7          5.3  8.3 1.2 0.8 1.6 2.8 2.9 15.2 .519 .520  .000 .706 .560 .519   F    JR
167          Stais Boseman  15.2 30 1995-96 Southern California    30 34.0 5.0 13.2 3.3  7.4 1.7  5.7 3.5          4.9  4.0 3.6 1.9 0.3     3.6 15.2 .380 .448  .291 .714 .489 .443   F    JR
168           Leon Powe Jr  15.1 27 2003-04          California 27 26 29.8 5.3 10.8 5.3 10.7 0.0  0.0 4.6  7.6 3.4 6.1  9.5 0.7 0.7 0.6 2.0 2.3 15.1 .488 .490  .000 .610 .527 .488   F    FR
169          Brian Wethers  15.1 31 2002-03          California 31 30 32.1 6.2 12.6 5.4 10.6 0.8  2.0 2.0  3.1 1.6 2.7  4.4 3.0 0.9 0.1 2.1 1.8 15.1 .488 .506  .397 .653 .538 .520   G    SR
170               Ray Owes  15.1 31 1994-95             Arizona 31 31 30.2 5.6 11.6 5.1 10.6 0.5  0.9 3.5          5.3  8.1 0.5 0.6 0.8 1.8 2.6 15.1 .482 .482  .483 .659 .536 .501   F    SR
171             Dion Cross  15.1 28 1993-94            Stanford 28 28 29.1 5.1 11.6 3.2  7.0 1.9  4.6 2.9          3.6  2.7 1.3 0.5 0.1 1.4 1.8 15.1 .444 .459  .422 .792 .567 .528   G    SO
172             Deon Luton  15.1 30 1999-00          Washington 30 27 32.9 5.2 12.9 3.2  7.6 2.0  5.3 2.7  4.2 0.6 2.9  3.4 1.3 1.0 0.9 2.2 1.9 15.1 .404 .423  .377 .630 .506 .482   G    SR
173         Brian Hendrick  14.9 32 1989-90          California 32 32 31.1 5.5  9.2 5.5  9.2 0.0  0.0 4.0          5.9  7.6 1.2 0.4         1.0 14.9 .593       .593 .681 .622 .593   C    FR
174             Amit Tamir  14.9 31 2002-03          California 31 31 34.1 4.9 12.0 3.0  7.0 2.0  5.0 3.1  3.9 1.2 5.3  6.5 3.0 0.9 0.4 2.5 2.1 14.9 .410 .422  .394 .800 .538 .492   F    SO
175      Carson Cunningham  14.9 27 1996-97        Oregon State 27 26 30.8 4.6 11.1 3.6  8.3 1.0  2.7 4.6          5.7  2.8 4.7 1.3 0.1 4.2 2.0 14.9 .418 .431  .378 .817 .542 .465   G    FR
176         Corey Benjamin  14.9 23 1996-97        Oregon State 23 17 26.1 5.3 12.2 3.7  7.3 1.5  4.8 2.9          4.4  4.0 1.3 1.1 0.5 3.4 3.5 14.9 .432 .509  .315 .653 .523 .495   G    FR
177           Jud Buechler  14.9 32 1989-90             Arizona 32 32 33.5 5.7 10.6 4.9  8.5 0.8  2.1 2.8          3.6  8.3 4.0 1.3 0.4 2.7 2.1 14.9 .538 .577  .379 .765 .607 .575   G    SR
178             Roy Fisher  14.9 32 1989-90          California 32 31 33.8 5.2 10.4 4.6  8.6 0.6  1.8 3.9          5.0  6.3 2.7 1.3         0.4 14.9 .498 .536  .322 .776 .581 .527   F    JR
179         Terrence Lewis  14.8 28 1990-91    Washington State    28 32.2 5.4 11.5 3.2  6.1 2.3  5.4 1.7          2.3  4.7 3.0 1.5         0.1 14.8 .471 .517  .417 .750 .587 .568   G    JR
180              Joe Shipp  14.8 32 2001-02          California 32 31 29.7 5.1 10.4 3.7  6.6 1.3  3.8 3.3  4.3 1.5 3.1  4.7 1.7 0.8 0.6 1.3 1.9 14.8 .486 .564  .352 .781 .595 .551   F    JR
181         Toby Bailey Jr  14.8 31 1995-96                UCLA 31 31 34.3 5.5 12.0 3.5  6.9 2.0  5.1 1.8          2.8  4.3 3.4 0.9 0.4 3.6 2.2 14.8 .458 .505  .395 .644 .555 .542   F    SO
182             Fred Jones  14.8 28 2000-01              Oregon 28 27 31.9 4.9 10.3 3.7  6.4 1.2  3.9 3.9  4.8 1.9 3.8  5.6 3.4 1.1 0.5 3.0 2.9 14.8 .472 .572  .306 .806 .587 .530   G    JR
183          Jason Gardner  14.8 32 2002-03             Arizona 32 32 34.9 4.6 11.6 2.5  5.4 2.1  6.2 3.6  4.6 0.5 3.5  4.0 4.9 1.8 0.0 2.8 1.5 14.8 .392 .462  .332 .776 .534 .481   G    SR
184         Robert Pack Jr  14.7 29 1990-91 Southern California    29 32.4 5.0 10.4 4.5  8.5 0.5  1.9 4.2          5.3  3.2 5.3 1.6         0.0 14.7 .480 .530  .255 .794 .568 .503   G    SR
185            Earl Watson  14.7 32 2000-01                UCLA 32 32 34.8 5.4 10.9 4.2  7.5 1.2  3.4 2.8  4.4 1.3 2.3  3.7 5.2 1.9 0.3 3.4 3.1 14.7 .493 .556  .352 .636 .567 .547   G    SR
186           Joseph Blair  14.7 14 1995-96             Arizona 14 13 30.5 6.4  9.2 6.4  9.2 0.0  0.0 2.0          5.0  8.9 2.1 1.1 2.3 1.6 2.8 14.7 .690       .690 .400 .635 .690   C    SR
187          Bryant Boston  14.7 27 1994-95          Washington 27 27 33.9 6.0 13.5 5.0 10.6 1.0  2.9 1.7          2.5  3.2 2.0 2.5 0.6 2.5 2.6 14.7 .445 .477  .329 .691 .501 .481   G    JR
188             Eddie Hill  14.7 27 1992-93    Washington State 27 27 32.5 5.2 12.0 2.4  5.3 2.9  6.7 1.4          1.8  2.4 1.7 0.8 0.0 1.6 2.7 14.7 .435 .451  .423 .776 .572 .554   G    JR
189           Neil Derrick  14.7 27 1990-91    Washington State    27 26.9 5.4 12.5 4.2  9.0 1.1  3.6 2.8          4.3  2.4 2.0 1.5         0.0 14.7 .429 .471  .323 .661 .506 .475   G    JR
190         Brandon Martin  14.7 30 1995-96 Southern California    30 33.7 5.0 10.8 4.0  8.2 1.0  2.6 3.8          4.5  3.3 1.3 0.7         0.0 14.7 .458 .484  .380 .843 .567 .505   G    SR
191       Brian Scalabrine  14.7 34 2000-01 Southern California 34 33 32.8 5.1 10.6 4.5  8.7 0.6  1.9 3.9  4.9 2.1 3.9  5.9 2.8 0.9 0.9 3.1 2.6 14.7 .478 .517  .303 .801 .566 .506   C    SR
192         Jamal Lawrence  14.6 28 1996-97              Oregon 28 26 27.6 5.0 10.8 2.0  3.9 3.0  6.8 1.6          1.8  2.5 1.4 1.3 0.1 2.5 2.3 14.6 .465 .500  .445 .880 .630 .606   G    SR
193       Brian Scalabrine  14.6 28 1998-99 Southern California 28 28 31.0 5.4 10.2 5.4 10.0 0.0  0.2 3.7          4.6  6.4 2.4 0.8 0.9 3.5 2.9 14.6 .531 .539  .167 .792 .587 .533   C    SO
194           Mark Sanford  14.5 26 1994-95          Washington 26 24 27.3 6.0 13.9 5.0 10.1 0.9  3.8 1.7          2.8  5.7 1.0 1.0 0.7 2.6 3.5 14.5 .428 .498  .242 .603 .476 .461   F    FR
195          Jason Collins  14.5 34 2000-01            Stanford 34 34 26.3 4.9  8.0 4.6  7.2 0.4  0.8 4.3  5.4 2.7 5.1  7.8 1.5 0.8 1.3 1.6 2.3 14.5 .620 .637  .462 .784 .687 .642   C    JR
196         Casey Jacobsen  14.5 31 1999-00            Stanford 31 18 28.5 4.5  9.6 2.1  4.1 2.4  5.5 3.1  4.4 1.0 2.0  3.0 2.3 0.5 0.0 1.8 1.3 14.5 .466 .508  .435 .713 .619 .591   G    FR
197             Dion Cross  14.5 29 1995-96            Stanford    29 32.1 4.6 11.3 2.0  4.9 2.6  6.4 2.8          3.0  2.0 1.8 0.8         0.2 14.5 .401 .401  .401 .920 .566 .515   G    SR
198         Dwayne Fontana  14.5 26 1992-93       Arizona State 26 26 33.0 6.2 11.2 6.2 11.2 0.0  0.0 2.0          4.0  7.1 0.8 0.8 0.7 1.4 1.8 14.5 .559       .559 .500 .554 .559   F    JR
199             Arthur Lee  14.5 35 1997-98            Stanford 35 34 31.6 4.0  9.3 2.2  5.3 1.8  4.0 4.7  5.3 0.3 2.0  2.3 4.6 1.1 0.1 2.4 2.5 14.5 .428 .417  .443 .886 .610 .523   G    JR
200      J.R. Henderson Jr  14.4 29 1995-96                UCLA 29 29 31.1 5.5  9.6 5.4  9.5 0.0  0.1 3.4          5.0  7.0 1.9 1.1 0.4 2.1 2.7 14.4 .572 .575  .333 .678 .602 .574   F    SO
[/code]

Provided by [url=https://www.sports-reference.com/sharing.html?utm_source=direct&utm_medium=Share&utm_campaign=ShareTool]Stathead[/url]: [url=https://www.sports-reference.com/stathead/basketball/cbb/player-season-finder.cgi?utm_source=direct&utm_medium=Share&utm_campaign=ShareTool]Found with Stathead. See Full Results.[/url]
Generated 6/11/2026.