[code]                                                                                                                                                                                
                                                                                                                                                                            Per 
Rk               Player PTS/G  G  Season       Team  G GS   MP  FG  FGA  2P  2PA  3P 3PA  FT  FTA ORB DRB  TRB AST STL BLK TOV  PF  PTS  FG%  2P%   3P%  FT%  TS% eFG% Pos Class
1           Rob Feaster  28.0 28 1993-94 Holy Cross 28 28 35.3 9.3 19.8 7.8 16.1 1.5 3.6 7.9         11.3  6.5 2.1 1.5 0.8 3.5 3.3 28.0 .472 .485  .416 .702 .559 .510   F    JR
2          Tucker Neale  26.6 29 1993-94    Colgate 29 29 35.3 8.6 18.1 5.3  9.9 3.3 8.2 6.1          7.4  4.1 2.9 1.7 0.2 2.9 2.4 26.6 .475 .538  .399 .832 .616 .566   G    JR
3           Rob Feaster  25.0 27 1994-95 Holy Cross 27 27 32.9 8.3 18.6 6.3 12.4 2.0 6.2 6.3          8.4  6.9 2.0 1.6 0.9 3.7 3.2 25.0 .447 .507  .327 .748 .552 .502   F    SR
4       Brett Eppehimer  24.7 27 1997-98     Lehigh    27 34.6 7.2 18.1 3.8  9.5 3.4 8.6 6.9          7.8  2.2 1.5 1.7         0.0 24.7 .400 .401  .398 .877 .567 .494   G    JR
5          Adonal Foyle  24.4 28 1996-97    Colgate    28 37.7 9.9 17.5 9.9 17.3 0.0 0.3 4.5          9.3 13.1 1.9 0.7 6.4 4.2 2.1 24.4 .565 .571  .143 .487 .555 .566   C    JR
6          Mark Lueking  24.4 28 1994-95       Army    28 35.4 7.3 17.8 3.8  9.1 3.5 8.7 6.3          7.2  2.3 2.7 0.8 0.0 3.1 2.0 24.4 .410 .416  .403 .871 .574 .508   G    JR
7          Mark Lueking  23.1 25 1993-94       Army    25 35.2 6.9 17.8 3.8  9.5 3.1 8.4 6.2          7.4  3.3 2.5 0.6 0.0 3.4 2.2 23.1 .386 .401  .368 .843 .540 .472   G    SO
8          Tucker Neale  23.1 30 1994-95    Colgate 30 30 36.2 7.6 17.0 4.8  9.5 2.8 7.5 5.0          6.5  4.6 2.4 1.4         0.2 23.1 .450 .509  .375 .769 .575 .532   G    SR
9       Brett Eppehimer  22.2 10 1998-99     Lehigh    10 34.9 6.2 18.7 4.3 10.5 1.9 8.2 7.9  9.4 0.1 2.1  2.2 2.3 1.0 0.0 1.8 1.8 22.2 .332 .410  .232 .840 .479 .382   G    SR
10         Tucker Neale  21.9 28 1992-93    Colgate    28 34.2 7.2 15.3 4.7  9.5 2.5 5.8 5.0          6.2  7.6 2.3 1.8 0.2     2.9 21.9 .469 .494  .426 .815 .599 .549   G    SO
11           Chuck Penn  21.6 27 1992-93     Lehigh 27 27 35.0 7.7 17.1 6.7 14.2 1.0 2.9 5.1          7.0  4.4 2.8 2.1 1.0 3.6 2.9 21.6 .450 .469  .359 .730 .527 .481   G    SR
12        Chris Simpson  20.5 22 1993-94   Bucknell 22 22 39.2 6.3 15.2 4.8  9.9 1.5 5.3 6.3          7.7  5.0 3.8 1.8     0.4 2.1 20.5 .416 .482  .293 .822 .544 .467   G    SR
13      Brett Eppehimer  20.3 27 1996-97     Lehigh    27 38.2 5.9 15.7 3.3  8.9 2.6 6.8 6.0          6.9  3.6 2.7 1.7         0.0 20.3 .376 .377  .375 .876 .537 .457   G    SO
14             Pat King  20.3 30 1991-92   Bucknell 30 30 37.8 6.7 10.8 6.7 10.6 0.0 0.2 6.8  8.1 3.4 4.2  7.6 0.8 1.2 0.5 2.6 2.3 20.3 .625 .632  .200 .840 .695 .627   F    SR
15         Adonal Foyle  20.2 29 1995-96    Colgate    29 36.6 7.9 15.2 7.9 15.1 0.0 0.1 4.4          9.1 12.6 1.5 0.7 5.7 3.9 2.7 20.2 .517 .521  .000 .489 .516 .517   C    SO
16        Bill Courtney  20.0 31 1990-91   Bucknell 31 31 36.0 6.7 14.2 5.4 10.6 1.3 3.5 5.2  6.5 0.7 2.3  3.0 3.6 1.5 0.2 3.1 2.5 20.0 .476 .511  .373 .788 .578 .523   G    JR
17       Rashawne Glenn  19.5 26 1993-94     Lehigh 26 25 35.6 6.7 15.7 5.5 11.7 1.2 4.0 4.8          6.3  2.4 3.0 1.0 0.0 2.6 1.9 19.5 .429 .472  .305 .768 .523 .468   G    SO
18         Mark Lueking  19.3 27 1995-96       Army 27 26 32.3 6.1 16.1 2.5  6.4 3.7 9.7 3.4          4.2  2.0 2.9 0.7 0.0 3.0 1.4 19.3 .382 .390  .378 .798 .535 .497   G    SR
19       Jonathan Stone  19.2 28 1991-92    Colgate         28 7.6 12.9 7.5 12.5 0.1 0.4 3.8          5.2  7.0 1.3 0.6         0.4 19.2 .591 .603  .250 .733 .624 .595   F    SR
20        Bob Krizansky  18.7 29 1991-92     Lehigh 29 28 32.3 6.5 11.7 5.5  9.0 1.0 2.7 4.7          5.6  6.6 3.9 2.5 0.2 3.7 3.8 18.7 .558 .613  .372 .828 .651 .600   F    SR
21         Keith Brazzo  18.6 24 1993-94  Lafayette 24 23 36.3 6.1 13.1 4.5  9.0 1.5 4.0 4.9          6.3  6.2 2.4 1.6 0.0 1.6 3.0 18.6 .465 .502  .381 .770 .577 .524   G    SR
22       David Ardayfio  18.6 27 1993-94       Army    27 36.3 6.7 10.7 6.7 10.7 0.0 0.0 5.2          8.6  8.6 1.6 1.0 0.2 3.3 3.5 18.6 .623 .625  .000 .610 .628 .623   F    SR
23        Chris Spatola  18.5 28 2000-01       Army 28 28 37.3 5.3 13.1 2.8  7.1 2.5 6.0 5.3  5.9 0.4 2.0  2.4 2.8 0.8 0.0 3.5 2.3 18.5 .406 .392  .423 .898 .581 .503   G    JR
24          Dozie Mbonu  18.5 29 1991-92     Lehigh 29 29 31.3 6.3 11.9 6.3 11.9 0.0 0.0 5.8          8.3  8.7 1.4 1.7 1.4 2.3 2.7 18.5 .535       .535 .694 .584 .535   F    SR
25        Craig Kowadla  18.4 27 1995-96  Lafayette    27 36.6 6.2 13.9 3.2  6.4 3.0 7.5 3.0          3.7  4.0 4.0 1.8 0.0 2.3 1.9 18.4 .448 .500  .404 .808 .590 .557   G    SR
26           Jim Nairus  18.4 30 1990-91 Holy Cross 30      30 6.3 12.8 4.1  8.3 2.2 4.5 3.7          4.7  7.8 2.3 0.6 1.2 2.6 2.9 18.4 .490 .494  .481 .786 .612 .574   F    SR
27        Bill Courtney  18.3 30 1991-92   Bucknell 30 30 37.4 5.8 13.9 3.8  8.6 2.0 5.4 4.7  6.2 0.4 2.2  2.5 3.6 1.0 0.2 3.5 2.4 18.3 .416 .444  .373 .768 .544 .488   G    SR
28        Craig Kowadla  18.3 16 1994-95  Lafayette 16 16 36.2 7.3 15.2 6.0 11.4 1.3 3.8 2.6          3.5  3.7 5.4 1.4 0.0 3.4 1.8 18.3 .477 .525  .333 .732 .543 .519   G    JR
29       Rashawne Glenn  18.3 27 1994-95     Lehigh 27 27 34.6 5.5 13.2 4.3  9.4 1.2 3.9 6.1          8.1  2.9 3.2 0.9 0.1 2.7 2.3 18.3 .417 .462  .308 .752 .536 .462   G    JR
30     Bruce Stankavage  18.2 28 1990-91  Lafayette 28 28 38.0 6.0 13.4 5.0 10.7 1.1 2.8 5.1          6.8  3.3 3.4 1.5 0.0 2.7 2.6 18.2 .449 .465  .390 .743 .546 .489   G    SR
31          J.R. Holden  18.2 28 1997-98   Bucknell         28 6.1 15.1 3.6  7.8 2.5 7.3 3.6          4.6  3.5 4.1 1.5         0.0 18.2 .402 .463  .337 .781 .526 .483   G    SR
32         Brian Ehlers  18.1 30 1998-99  Lafayette 30 30 31.0 6.1 12.3 4.5  8.2 1.6 4.1 4.3          5.2  5.8 2.8 1.4 0.2     2.5 18.1 .493 .545  .390 .828 .611 .558   G    JR
33        Michael Heary  17.9 28 1996-97       Navy    28 28.1 5.4 13.0 3.2  7.2 2.2 5.8 4.8          5.7  3.2 2.4 0.9 0.1 2.4 1.9 17.9 .418 .448  .380 .849 .570 .503   G    JR
34       Chris Williams  17.9 31 2000-01       Navy 31 30 30.5 6.1 13.2 5.5 10.9 0.6 2.3 5.1  7.1 1.9 4.3  6.2 2.5 2.3 0.4 3.9 2.8 17.9 .460 .501  .264 .726 .540 .483   F    SR
35          Fred Herzog  17.9 31 1991-92    Fordham 31 27 31.2 6.5 12.1 6.1 10.8 0.4 1.3 4.4          5.4  6.4 1.1 0.9 1.1 1.8 2.5 17.9 .539 .563  .333 .815 .609 .556   F    SR
36          J.R. Holden  17.8 29 1996-97   Bucknell    29 39.9 6.3 15.5 3.8  8.8 2.5 6.7 2.8          4.2  3.8 3.9 2.1         0.1 17.8 .405 .431  .371 .659 .509 .486   G    JR
37          Rob Feaster  17.7 30 1992-93 Holy Cross 30 30 30.4 6.5 12.9 6.1 11.4 0.5 1.4 4.2          5.4  5.7 1.9 1.9 0.8 2.5 2.6 17.7 .508 .531  .326 .773 .574 .526   F    SO
38          Damon Lopez  17.7 33 1990-91    Fordham 33 32 31.4 6.2 10.1 6.2 10.1 0.0 0.0 5.3          7.1  9.5 1.3 2.0 3.0 3.0 2.8 17.7 .616       .616 .744 .657 .616   C    SR
39         Bryan Bailey  17.7 27 2000-01   Bucknell 27 27 33.0 5.1 11.3 3.9  8.4 1.3 2.9 6.1  8.2 0.9 2.4  3.3 2.9 1.7 0.1 3.0 3.3 17.7 .457 .465  .436 .747 .583 .513   G    JR
40       Seth Schaeffer  17.6 28 1997-98    Colgate         28 6.1 15.0 2.8  6.3 3.3 8.7 2.0          2.4  2.3 1.3 1.6         0.1 17.6 .408 .446  .381 .864 .546 .519   G    SR
41         Keith Brazzo  17.5 27 1992-93  Lafayette 27 27 35.6 6.4 13.2 5.6 10.9 0.8 2.3 3.9          4.9  6.0 2.4 1.9 0.1 2.3 2.9 17.5 .485 .514  .349 .802 .564 .515   G    JR
42         George Tatum  17.5 26 1996-97       Army    26 32.3 5.6 14.8 3.7  9.2 1.9 5.5 4.3          5.4  7.0 2.2 1.5 0.2 3.1 3.6 17.5 .380 .400  .347 .801 .504 .445   G    SO
43         Bryan Bailey  17.4 19 2001-02   Bucknell 19 17 29.9 5.6 13.0 3.5  7.5 2.1 5.5 4.2  5.4 1.8 3.5  5.3 2.2 1.6 0.2 2.9 2.5 17.4 .429 .462  .385 .767 .559 .510   G    SR
44         Walter Brown  17.3 29 1995-96 Holy Cross 29 29 31.2 5.5 11.1 4.9  9.0 0.6 2.1 5.7          8.0  7.6 1.4 0.9 1.0 3.2 2.3 17.3 .497 .548  .279 .719 .583 .523   F    SO
45         Brian Ehlers  17.3 31 1999-00  Lafayette 31 30 31.5 5.5 12.1 3.9  8.2 1.6 3.9 4.5  5.2 1.3 3.4  4.7 3.4 1.7 0.2 2.4 1.4 17.3 .457 .476  .418 .870 .591 .525   G    SR
46       Stefan Ciosici  17.0 27 1997-98  Lafayette 27 27 24.4 5.9 10.1 5.9 10.1 0.0 0.0 5.1          8.0  7.9 1.0 0.5 0.5 2.7 3.1 17.0 .584 .586  .000 .647 .610 .584   C    JR
47         Adonal Foyle  17.0 30 1994-95    Colgate 30 30 35.4 6.9 12.3 6.9 12.3 0.0 0.0 3.2          6.3 12.4 1.2 0.7 4.9 3.3 2.5 17.0 .559       .559 .500 .553 .559   C    FR
48        Chris Simpson  16.9 29 1992-93   Bucknell 29 29 35.9 6.0 12.0 5.1  9.6 0.9 2.4 3.9          5.0  3.2 2.8 1.4     0.4 1.9 16.9 .501 .530  .386 .792 .588 .540   G    JR
49       Sitapha Savane  16.9 29 1999-00       Navy 29 29 30.8 6.2 11.3 6.2 11.3 0.0 0.1 4.6  6.5 2.2 5.0  7.2 1.7 2.1 3.8 2.5 2.4 16.9 .544 .547  .000 .704 .586 .544   C    SR
50        Bob Krizansky  16.9 29 1990-91     Lehigh 29 29 33.9 6.4 11.1 5.9  9.9 0.6 1.3 3.4          4.8  6.9 4.4 2.3 0.6 3.4 3.3 16.9 .579 .594  .459 .710 .629 .605   F    JR
51          Mike Bright  16.8 29 1992-93   Bucknell 29 29 34.5 6.4 14.2 4.3  7.7 2.2 6.4 1.7          2.6  7.5 2.1 3.2 1.6 1.6 1.9 16.8 .455 .554  .337 .667 .545 .532   F    SR
52          Dozie Mbonu  16.6 29 1990-91     Lehigh 29 29 33.6 5.9 10.1 5.9 10.0 0.0 0.0 4.8          6.3  8.0 1.1 1.5 0.7 2.4 2.9 16.6 .586 .588  .000 .760 .635 .586   F    JR
53         Darren Brown  16.6 28 1992-93    Colgate         28 5.7 14.3 4.5 10.9 1.2 3.4 4.0          6.5 11.3 1.8 2.3         0.4 16.6 .398 .414  .347 .624 .478 .440   F    SR
54          Craig White  16.5 25 1991-92  Lafayette 25 25 35.8 6.5 13.3 6.1 12.0 0.4 1.4 3.2          4.4  6.9 3.3 1.6 0.3 2.9 2.8 16.5 .486 .512  .265 .727 .536 .500   F    SR
55        Chris Spatola  16.5 28 2001-02       Army 28 28 36.9 5.0 14.1 2.4  6.9 2.5 7.2 4.0  4.5 0.3 1.9  2.2 2.1 0.6 0.0 2.9 1.6 16.5 .351 .351  .351 .897 .507 .441   G    SR
56          Steve Miles  16.4 30 2002-03   American 30 29 34.0 5.5 13.7 2.7  6.0 2.8 7.6 2.6  3.2 1.1 4.4  5.4 2.3 0.7 0.1 2.6 1.7 16.4 .400 .442  .367 .823 .539 .502   G    SR
57       Justin DeBerry  16.3 29 2002-03  Lafayette 29 29 32.9 5.5 13.3 3.1  7.0 2.4 6.3 3.0  3.5 0.6 2.9  3.6 2.8 1.5 0.0 2.1 2.5 16.3 .411 .443  .375 .861 .545 .500   G    JR
58         Brian Ehlers  16.3 28 1997-98  Lafayette 28 27 29.8 5.5 12.9 4.4  9.1 1.1 3.8 4.3          5.1  5.4 2.7 1.1 0.4 3.0 1.5 16.3 .428 .486  .286 .838 .535 .469   G    SO
59     Charles Woodruff  16.2 25 2001-02       Army 25 23 32.8 6.2 11.6 6.2 11.6 0.0 0.0 3.7  5.1 2.1 3.3  5.4 1.1 1.0 0.9 2.2 2.8 16.2 .540       .540 .724 .578 .540   G    SR
60       Jonathan Stone  16.1 28 1990-91    Colgate 28 28 30.8 6.3 10.9 6.3 10.9 0.0 0.0 3.5          4.6  5.8 0.7 1.1 0.4 1.8 3.4 16.1 .580       .580 .766 .618 .580   F    JR
61        Rick Mashburn  16.1 29 1991-92 Holy Cross 29      29 5.3 11.2 4.5  8.9 0.8 2.3 4.7          6.2  5.9 2.6 1.6 1.3 2.3 3.3 16.1 .474 .506  .353 .760 .571 .511   F    JR
62        James Collins  16.0 26 1990-91       Army    26 34.7 5.2 12.4 4.4  9.9 0.8 2.5 4.7          6.2  4.5 3.5 0.9 0.4 2.7 3.2 16.0 .421 .447  .318 .769 .521 .454   G    JR
63          Bill Walker  15.9 30 1992-93 Holy Cross 30 30 31.7 5.7 12.7 5.0 10.8 0.7 1.9 3.7          5.8  4.1 2.6 1.8 0.2 2.7 2.3 15.9 .451 .466  .368 .640 .514 .479   G    SR
64           Matt Logie  15.8 28 2001-02     Lehigh 28 28 32.9 5.5 12.6 3.0  6.4 2.5 6.3 2.2  2.4 0.4 2.5  2.9 1.5 0.8 0.1 2.0 1.8 15.8 .438 .478  .398 .925 .573 .537   G    JR
65      Sherwin Content  15.7 27 1993-94    Fordham 27 26 33.2 5.8 11.0 5.8 11.0 0.0 0.0 4.1          5.7  7.9 0.9 0.6 1.6 2.0 2.3 15.7 .529       .529 .716 .573 .529   F    SR
66            Dan Bowen  15.7 27 1999-00   Bucknell 27 27 33.1 5.6 10.9 5.3 10.0 0.3 0.9 4.1  5.2 2.1 5.5  7.6 1.7 0.9 1.6 3.1 2.7 15.7 .515 .531  .333 .793 .585 .529   C    SR
67       Rashawne Glenn  15.6 21 1995-96     Lehigh 21 15 26.3 5.5 13.2 3.7  7.9 1.8 5.3 2.8          4.0  1.9 1.8 0.7 0.0 1.4 1.5 15.6 .415 .467  .339 .702 .516 .484   G    SR
68           Matt Logie  15.5 28 2002-03     Lehigh 28 28 30.3 5.1 11.9 3.1  6.1 2.0 5.8 3.3  3.4 0.5 2.8  3.4 1.7 0.6 0.1 1.7 2.0 15.5 .431 .506  .352 .948 .575 .517   G    SR
69       Austen Rowland  15.5 31 2003-04     Lehigh 31 31 31.9 5.4 13.3 3.3  7.7 2.1 5.6 2.6  3.8 1.0 3.2  4.2 4.9 1.9 0.2 3.0 1.6 15.5 .404 .431  .368 .701 .512 .482   G    SR
70             Jon Kerr  15.4 27 1997-98 Holy Cross 27 27 31.2 5.6 12.1 4.5  8.6 1.1 3.4 3.1          4.0  6.2 1.5 0.9 0.4 2.1 2.9 15.4 .463 .524  .312 .787 .551 .508   C    SR
71       David Ardayfio  15.3 26 1992-93       Army    26 34.7 5.7  9.4 5.6  9.3 0.0 0.1 4.0          6.7  8.5 1.2 1.0 0.5 3.3 3.3 15.3 .600 .601  .500 .589 .606 .602   F    JR
72          Brian Burke  15.3 29 2001-02  Lafayette 29 24 27.1 4.6 11.0 3.1  5.9 1.5 5.1 4.5  5.2 0.2 1.7  1.9 4.4 0.9 0.1 3.1 1.4 15.3 .420 .523  .299 .868 .567 .489   G    SR
73         Glenn Stokes  15.2 30 2002-03   American 30 29 33.3 4.9 11.8 2.1  5.0 2.8 6.8 2.5  3.0 0.7 2.1  2.8 2.2 1.5 0.0 2.4 2.1 15.2 .418 .417  .419 .835 .575 .538   C    SR
74          Bill Walker  15.2 29 1991-92 Holy Cross 29      29 5.8 13.3 5.0 10.9 0.8 2.4 2.9          4.3  3.0 1.5 1.3 0.1 2.0 2.3 15.2 .433 .456  .329 .669 .494 .462   G    JR
75       Boakai Lalugba  15.1 29 2002-03   Bucknell 29 29 32.6 5.4 11.0 5.4 10.8 0.0 0.2 4.2  7.6 2.7 6.8  9.5 2.1 1.6 1.1 4.0 2.5 15.1 .494 .500  .167 .557 .518 .495   F    SR
76      Tyson Whitfield  15.1 26 2000-01  Lafayette 26 25 33.7 4.8 12.5 1.8  4.1 3.0 8.4 2.6  3.1 0.8 4.2  5.0 2.2 1.2 0.2 2.0 2.1 15.1 .383 .443  .353 .827 .541 .502   G    SR
77          Ryan Hunter  15.1 27 1994-95    Fordham 27 19 32.9 5.9 11.6 5.1  9.6 0.7 2.0 2.7          3.3  3.4 1.0 1.2 0.5 1.8 1.3 15.1 .503 .535  .352 .818 .572 .533   F    SR
78       Chris Williams  15.0 29 1999-00       Navy 29 29 26.8 5.0 11.4 4.4  9.3 0.6 2.1 4.3  6.1 2.0 4.2  6.1 1.8 1.9 0.7 3.0 2.1 15.0 .442 .478  .283 .712 .525 .468   F    JR
79      Ted Bettencourt  15.0 29 1995-96 Holy Cross 29 28 31.7 5.1 13.3 3.3  7.3 1.7 6.0 3.1          5.4  3.1 4.2 2.6 0.0 2.8 1.1 15.0 .381 .460  .286 .576 .472 .446   G    SR
80       Patrick Doctor  15.0 30 2001-02   American 30 23 28.5 5.5  9.5 5.5  9.4 0.1 0.2 3.8  5.2 1.9 4.1  6.0 0.6 0.6 0.8 2.7 2.9 15.0 .580 .584  .400 .737 .623 .584   G    SR
81          Mike Bright  14.9 28 1991-92   Bucknell 28 26 34.5 5.6 11.8 3.3  5.7 2.4 6.1 1.3  1.9 2.1 5.3  7.4 2.1 2.5 1.1 1.8 2.6 14.9 .477 .575  .386 .667 .586 .577   F    JR
82         Dave Buckner  14.9 31 1992-93    Fordham 31 23 29.8 5.2 12.9 3.0  6.2 2.2 6.7 2.4          3.6  2.4 2.1 1.1 0.1 2.4 1.6 14.9 .400 .482  .325 .667 .510 .485   G    SR
83    Kevin Bettencourt  14.9 29 2003-04   Bucknell 29 28 32.5 4.1 11.6 1.6  3.8 2.5 7.7 4.2  5.1 0.7 2.4  3.0 2.8 1.5 0.1 2.8 1.5 14.9 .355 .423  .321 .819 .532 .463   G    SO
84       Boakai Lalugba  14.9 29 2001-02   Bucknell 29 29 29.7 6.0 10.7 5.9 10.6 0.0 0.1 2.9  5.1 2.3 4.8  7.1 1.6 1.3 0.9 2.9 2.8 14.9 .556 .558  .333 .568 .565 .558   F    JR
85       Justin DeBerry  14.8 28 2003-04  Lafayette 28 28 32.9 4.8 10.6 3.1  6.4 1.7 4.3 3.5  4.1 0.6 2.8  3.4 5.1 1.5 0.0 3.0 2.4 14.8 .450 .480  .403 .861 .588 .530   G    SR
86           Chuck Penn  14.8 29 1991-92     Lehigh 29 29 32.0 5.7 11.9 5.2 10.2 0.5 1.6 3.0          4.3  3.7 2.2 1.9 0.5 2.7 2.7 14.8 .477 .505  .298 .696 .532 .497   G    JR
87         Gordon Mboya  14.8 29 1996-97   Bucknell         29 4.7 10.6 3.0  5.8 1.7 4.8 3.8          5.0  6.2 1.5 1.8         0.0 14.8 .443 .521  .348 .757 .571 .521   G    SR
88       Brian Anderson  14.8 27 1993-94   Bucknell 27 27 32.4 5.4 10.6 5.2  9.8 0.2 0.8 3.9          4.8  7.3 0.9 0.7 1.7 2.3 3.2 14.8 .509 .530  .238 .806 .576 .518   C    SO
89         George Tatum  14.8 27 1998-99       Army    27 27.3 5.3 14.7 4.7 12.0 0.6 2.7 3.5  4.1 1.3 4.0  5.2 2.1 1.6 0.2 3.6 3.5 14.8 .363 .394  .222 .864 .444 .383   G    SR
90       Pat Campolieta  14.8 28 2001-02    Colgate 28 28 32.8 5.0 10.8 4.9 10.1 0.2 0.7 4.5  6.5 2.1 5.1  7.2 2.9 1.7 0.6 2.6 3.1 14.8 .465 .481  .250 .689 .530 .474   F    SR
91        Craig Kowadla  14.6 28 1993-94  Lafayette 28 27 37.4 5.5 12.3 4.1  8.3 1.3 4.0 2.4          3.2  3.7 5.8 1.2 0.0 2.6 1.9 14.6 .445 .502  .327 .753 .531 .499   G    SO
92       Zlatko Savovic  14.6 27 2002-03     Lehigh 27 26 31.6 5.4 12.7 4.3  9.0 1.1 3.7 2.8  4.0 0.5 3.6  4.1 4.1 1.5 0.1 3.3 2.3 14.6 .424 .473  .303 .694 .502 .468   G    SR
93          Mike Bright  14.5 31 1990-91   Bucknell 31 31 34.8 5.6 12.1 4.0  7.7 1.6 4.5 1.8  2.5 1.6 5.0  6.6 2.0 2.2 1.1 1.8 2.0 14.5 .460 .517  .362 .696 .545 .527   F    SO
94       Boakai Lalugba  14.5 29 2000-01   Bucknell 29 29 28.8 5.8 10.7 5.8 10.7 0.0 0.0 2.9  6.2 2.7 5.2  7.9 1.2 1.3 1.0 3.4 3.1 14.5 .540 .542  .000 .464 .529 .540   F    SO
95           Frank Barr  14.5 28 2000-01  Lafayette 28 28 25.4 5.4 11.4 5.3 11.4 0.0 0.1 3.7  5.5 2.8 4.0  6.8 0.9 0.8 2.1 2.7 3.6 14.5 .469 .469  .500 .680 .516 .470   C    SR
96       Pat Campolieta  14.4 28 2000-01    Colgate 28 28 31.0 5.1 10.6 5.0 10.0 0.1 0.6 4.2  6.9 2.0 4.0  6.0 1.6 1.5 0.5 3.4 3.4 14.4 .477 .500  .111 .608 .518 .480   F    JR
97         David Mascia  14.4 27 1993-94    Fordham 27 20 29.4 5.4 11.6 5.3 11.1 0.1 0.5 3.5          4.1  4.6 2.6 1.1 0.0 3.0 1.6 14.4 .466 .480  .154 .855 .531 .470   G    SO
98       Pat Campolieta  14.3 29 1999-00    Colgate 29 29 30.3 5.6 11.2 5.3  9.9 0.3 1.3 2.8  4.4 2.1 4.0  6.1 2.8 2.3 0.7 2.8 3.1 14.3 .502 .540  .211 .641 .539 .514   F    SO
99      Gordon Hamilton  14.3 27 1994-95 Holy Cross 27 27 30.5 4.9 11.4 2.5  5.0 2.4 6.4 2.0          2.9  2.6 3.0 2.2 0.1 2.3 3.1 14.3 .432 .507  .374 .705 .559 .537   G    SR
100       Rick Mashburn  14.2 30 1992-93 Holy Cross 30 30 30.3 4.8 10.3 3.4  6.9 1.4 3.4 3.3          4.5  7.4 2.3 1.3 0.5 2.8 3.0 14.2 .461 .493  .398 .739 .570 .527   F    SR
101       Jean Prioleau  14.2 33 1990-91    Fordham 33 33 29.0 4.8 11.6 2.7  6.0 2.2 5.6 2.3          3.0  3.0 2.3 1.9 0.1 2.5 2.7 14.2 .417 .449  .382 .770 .542 .509   G    JR
102          Ken Widmer  14.1 27 1994-95     Lehigh 27 27 31.4 5.7 12.0 5.6 11.9 0.1 0.1 2.7          4.4  6.0 0.8 0.8 0.9 1.7 2.9 14.1 .472 .470  .667 .617 .501 .475   F    JR
103      Mark Linebaugh  14.1 28 2001-02    Colgate 28 28 32.0 4.5 10.1 3.0  6.0 1.6 4.1 3.5  4.5 0.8 2.4  3.1 2.2 1.8 0.0 1.6 2.5 14.1 .449 .491  .386 .778 .578 .527   G    SO
104          Matt Logie  14.1 29 2000-01     Lehigh 29 29 29.6 4.6 11.1 1.9  4.6 2.7 6.6 2.3  2.5 0.4 1.7  2.1 1.2 0.8 0.0 2.2 1.9 14.1 .413 .417  .411 .917 .576 .534   G    SO
105         Josh Sankes  14.1 28 1999-00 Holy Cross 28 28 35.2 4.8 10.3 4.8 10.3 0.0 0.0 4.4 10.1 4.1 7.8 11.9 0.6 0.7 2.5 3.5 3.1 14.1 .467       .467 .438 .465 .467   C    JR
106         Brian Burke  14.0 15 2000-01  Lafayette 15  1 24.2 3.6  8.4 1.8  3.5 1.8 4.9 5.0  5.7 0.4 1.5  1.9 4.9 1.1 0.1 2.3 1.5 14.0 .429 .519  .365 .872 .629 .536   G    JR
107       Jordan Harris  13.9 29 1999-00    Colgate 29 29 31.5 5.0 11.0 4.6  9.6 0.4 1.4 3.4  5.0 2.1 4.9  7.0 1.9 1.3 0.3 2.2 1.9 13.9 .456 .482  .286 .685 .519 .475   F    SO
108       Winston Davis  13.8 29 2002-03  Lafayette 29 29 35.1 4.7 10.3 2.7  5.1 2.0 5.3 2.5  3.7 1.0 3.6  4.6 1.7 1.0 0.6 2.3 1.8 13.8 .450 .524  .379 .667 .569 .547   G    JR
109        Joe Marshall  13.8 28 1993-94  Lafayette 28 26 31.2 5.3 12.8 3.8  8.4 1.5 4.4 1.6          2.4  4.1 1.0 1.0 0.4 1.9 2.6 13.8 .416 .455  .341 .672 .494 .475   F    SO
110       Jason Fichter  13.7 27 1993-94     Lehigh 27 26 30.0 5.0 10.1 4.8  9.5 0.2 0.6 3.5          4.3  6.6 1.2 1.0 0.4 2.4 3.2 13.7 .496 .504  .375 .812 .566 .507   C    JR
111      Chris Williams  13.7 26 1998-99       Navy    26 26.7 5.2 10.7 4.3  8.6 0.8 2.1 2.6  3.9 1.7 2.7  4.3 1.5 2.0 0.3 3.1 1.9 13.7 .482 .500  .407 .663 .548 .522   F    SO
112      Stefan Ciosici  13.7 28 1996-97  Lafayette    28 23.5 5.0 10.5 5.0 10.5 0.0 0.0 3.7          6.6  7.5 1.1 0.5         0.7 13.7 .475       .475 .562 .501 .475   C    SO
113           T.J. Hall  13.7 28 1993-94       Navy 28 19 23.5 4.4  9.7 3.1  6.4 1.3 3.3 3.7          5.0  3.2 2.3 1.8 0.2 2.6 2.6 13.7 .452 .492  .376 .741 .568 .517   G    JR
114         Howard Blue  13.7 23 2003-04    Colgate 23 19 25.9 5.1  9.4 4.9  8.9 0.2 0.5 3.3  4.5 2.3 3.4  5.7 1.4 1.2 0.4 2.2 3.2 13.7 .542 .554  .333 .740 .593 .551   F    SR
115      Pat Campolieta  13.7 28 1998-99    Colgate    28 27.9 5.5 11.4 5.3 10.9 0.2 0.5 2.6  4.5 2.4 3.0  5.4 1.6 1.3 0.4 3.0 2.9 13.7 .481 .485  .385 .567 .506 .489   F    FR
116        Andre Ingram  13.6 31 2003-04   American 31 31 31.0 4.7 11.9 2.2  5.5 2.5 6.4 1.8  2.3 0.9 3.1  4.0 1.1 0.7 0.1 1.8 1.5 13.6 .393 .390  .396 .786 .526 .499   G    FR
117       Michael Heary  13.6 28 1994-95       Navy         28 4.0  9.6 2.2  4.6 1.8 5.0 3.8          4.3  2.6 1.8 0.4         0.0 13.6 .422 .481  .367 .875 .588 .517   G    FR
118          Tim Szatko  13.6 33 2001-02 Holy Cross 33 32 31.8 4.5 10.7 3.9  8.7 0.6 2.0 4.0  5.8 2.1 4.6  6.7 1.2 0.8 0.3 1.8 1.8 13.6 .423 .449  .308 .684 .507 .452   F    JR
119       Michael Heary  13.6 30 1997-98       Navy         30 4.1 12.0 2.7  7.2 1.3 4.8 4.2          4.8  3.8 3.0 0.9         0.0 13.6 .340 .381  .278 .862 .478 .396   G    SR
120         Chris Rojik  13.6 29 1995-96 Holy Cross 29 20 28.6 5.0  9.7 3.7  6.6 1.3 3.1 2.3          3.8  6.2 2.2 0.7 0.2 2.4 2.7 13.6 .516 .568  .407 .624 .593 .582   F    JR
121         Chris Rojik  13.6 27 1996-97 Holy Cross 27 27 34.8 5.0 11.7 3.7  7.7 1.2 3.9 2.4          3.7  5.9 2.6 1.3 0.1 3.5 3.2 13.6 .425 .483  .311 .650 .505 .478   F    SR
122          John Young  13.5 28 1993-94 Holy Cross 28 28 29.8 4.1 10.1 2.9  7.1 1.2 3.1 4.0          5.4  8.1 1.5 0.6 1.8 2.2 3.4 13.5 .408 .414  .395 .737 .531 .468   C    SR
123       Larry Spigner  13.5 28 1991-92  Lafayette 28 28 34.1 4.8 12.2 2.9  7.1 1.9 5.1 2.0          2.4  2.8 1.7 1.0 0.3 2.5 2.1 13.5 .393 .402  .380 .833 .506 .472   G    JR
124      Allan Campbell  13.4 23 1993-94     Lehigh 23  4 21.6 4.3  9.5 2.1  4.6 2.2 4.9 2.6          4.0  4.7 0.9 1.0 0.3 2.0 2.2 13.4 .454 .457  .451 .659 .591 .571   G    JR
125      Brian Anderson  13.4 28 1995-96   Bucknell 28 28 29.0 4.5  9.5 4.1  8.6 0.4 0.8 4.0          5.6  6.8 1.1 0.6 0.7 2.3 2.3 13.4 .475 .475  .478 .713 .552 .496   C    SR
126       Winston Davis  13.4 28 2003-04  Lafayette 28 28 33.0 4.4  9.9 2.4  4.9 2.0 5.0 2.7  3.9 0.9 3.5  4.4 2.0 1.0 0.4 2.2 2.0 13.4 .442 .482  .403 .688 .572 .543   G    SR
127        Keith Brazzo  13.3 28 1991-92  Lafayette 28 26 33.5 4.6  9.0 3.7  7.2 0.9 1.8 3.3          4.1  3.9 3.9 1.9 0.0 2.2 2.7 13.3 .508 .510  .500 .807 .609 .558   G    SO
128         Alex Morris  13.3 26 1992-93       Army    26 35.2 4.1 11.2 1.9  5.6 2.2 5.5 2.8          3.9  3.7 3.6 0.9 0.2 3.6 2.8 13.3 .369 .336  .403 .725 .511 .469   G    FR
129        Frank Powell  13.2 30 1992-93 Holy Cross 30  0 28.4 4.4  8.7 2.8  5.1 1.6 3.6 2.9          3.6  5.3 1.3 1.2 0.3 1.5 2.2 13.2 .504 .553  .435 .815 .638 .594   F    SR
130         Craig White  13.1 28 1990-91  Lafayette 28 28 35.6 4.6  8.6 4.4  8.3 0.2 0.4 3.6          5.0  6.3 1.8 1.2 0.9 3.0 3.0 13.1 .537 .534  .600 .723 .596 .550   F    JR
131        George Tatum  13.1 25 1997-98       Army    25 26.4 4.3 12.0 3.3  8.2 1.0 3.8 3.6          4.8  4.4 2.8 1.5         0.0 13.1 .358 .402  .263 .736 .460 .400   G    JR
132      Mark Linebaugh  13.1 26 2002-03    Colgate 26 19 29.0 4.5 10.7 2.8  6.2 1.7 4.5 2.3  2.9 0.7 3.0  3.8 2.3 1.3 0.2 1.8 2.2 13.1 .426 .453  .388 .800 .545 .507   G    JR
133      Seth Schaeffer  13.1 30 1995-96    Colgate    30 29.2 4.3 10.0 1.5  3.1 2.8 6.9 1.7          2.1  3.2 1.5 0.8 0.0 1.5 1.5 13.1 .429 .484  .404 .823 .595 .568   G    SO
134          John Haase  13.0 27 1991-92       Navy         27 4.8 11.0 3.2  6.4 1.6 4.6 1.7          2.7  3.0 2.3 1.0         0.0 13.0 .438 .497  .355 .622 .527 .512   G    JR
135       Jean Prioleau  12.8 31 1991-92    Fordham 31 28 30.1 4.4 11.2 3.1  7.0 1.3 4.1 2.8          3.5  2.6 3.4 2.4 0.1 2.5 2.2 12.8 .390 .440  .305 .807 .499 .447   G    SR
136          Jared Hess  12.8 28 1998-99     Lehigh    28 32.1 4.3 11.7 2.3  6.8 2.0 5.0 2.3  2.8 1.0 2.2  3.1 1.3 0.8 0.1 1.8 0.9 12.8 .363 .339  .396 .823 .490 .447   F    JR
137         Alex Morris  12.8 27 1993-94       Army    27 35.6 4.3 11.5 2.3  5.7 2.0 5.9 2.2          3.3  3.9 4.4 1.3 0.2 3.0 3.2 12.8 .373 .412  .335 .667 .488 .458   G    SO
138           Jay Hipps  12.8 29 1991-92     Lehigh 29 27 30.3 4.9 10.2 4.9  9.8 0.1 0.4 2.8          3.7  4.2 1.4 0.8 0.2 1.6 3.1 12.8 .485 .498  .167 .766 .535 .488   F    SR
139         Josh Sankes  12.8 29 2000-01 Holy Cross 29 28 29.6 4.3  7.7 4.3  7.7 0.0 0.0 4.2  7.3 3.2 6.4  9.6 0.4 0.2 2.3 2.3 2.8 12.8 .554       .554 .578 .571 .554   C    SR
140      Mark Linebaugh  12.8 29 2003-04    Colgate 29 29 34.6 4.1 11.9 2.2  6.2 1.9 5.7 2.8  3.4 0.7 2.4  3.1 2.9 1.2 0.2 1.9 2.0 12.8 .341 .356  .325 .808 .471 .419   G    SR
141     Sherwin Content  12.7 31 1992-93    Fordham 31 26 30.2 4.8  9.4 4.8  9.3 0.0 0.1 3.1          4.9  5.7 0.8 1.1 1.5 2.5 1.5 12.7 .517 .521  .000 .621 .545 .517   F    JR
142      Sitapha Savane  12.7 24 1998-99       Navy    24 29.6 5.2  9.3 5.2  9.3 0.0 0.0 2.3  3.9 3.2 5.3  8.5 1.6 1.1 1.7 2.5 2.1 12.7 .558       .558 .591 .569 .558   C    JR
143     Tyson Whitfield  12.7 31 1999-00  Lafayette 31 29 28.4 4.2  9.7 1.3  2.8 2.9 6.9 1.3  1.6 0.6 3.5  4.1 2.2 1.7 0.1 1.7 2.3 12.7 .435 .455  .427 .784 .604 .586   G    JR
144         Alex Morris  12.6 27 1994-95       Army    27 32.2 3.6  8.9 1.6  3.6 2.0 5.2 3.5          4.7  2.6 4.5 1.1 0.4 2.2 3.1 12.6 .406 .449  .376 .734 .569 .517   G    JR
145         Sekou Hamer  12.6 28 1995-96   Bucknell 28 25 27.9 4.0  9.4 2.5  4.9 1.5 4.5 3.1          4.2  3.5 3.3 1.6 0.0 2.4 1.8 12.6 .422 .500  .336 .746 .552 .502   G    SR
146          Jared Hess  12.6 27 1999-00     Lehigh 27      27 4.3 11.4 2.3  6.1 2.1 5.3 1.8          2.3  3.1 1.2 1.1         0.1 12.6 .381 .370  .394 .803 .505 .472   F    SR
147            Pat King  12.5 31 1990-91   Bucknell 31 31 33.4 4.3  6.4 4.3  6.4 0.0 0.0 4.0  5.2 3.2 4.5  7.7 1.5 1.0 0.1 1.8 2.0 12.5 .670       .670 .776 .711 .670   F    JR
148         Howard Blue  12.5 26 2002-03    Colgate 26 25 26.4 4.8  9.3 4.5  8.6 0.3 0.7 2.5  3.6 2.2 4.4  6.6 1.4 1.4 0.5 2.3 3.3 12.5 .519 .527  .421 .710 .568 .535   F    JR
149        Devin Hughes  12.5 28 1990-91    Colgate 28 28 31.3 4.3  9.6 2.4  4.9 1.8 4.8 2.2          3.2  6.0 1.6 1.3 0.0 1.5 2.7 12.5 .441 .496  .383 .689 .561 .535   F    SR
150       Hassan Booker  12.5 29 1996-97       Navy    29 30.7 5.4  9.7 5.2  8.9 0.2 0.8 1.4          2.5  8.5 1.8 2.0 0.2 2.6 3.0 12.5 .560 .589  .250 .562 .573 .571   F    JR
151          Wes Cooper  12.5 29 1994-95       Navy    29 30.8 5.1  8.4 5.1  8.4 0.0 0.0 2.3          4.2  7.5 0.4 0.8 0.4     1.4 12.5 .604       .604 .554 .600 .604   C    SR
152        Frank Powell  12.5 29 1991-92 Holy Cross 29       0 4.3  8.9 3.1  5.8 1.2 3.1 2.6          3.3  5.2 1.1 0.9 0.4 1.4 3.0 12.5 .486 .542  .385 .781 .594 .554   F    JR
153     Patrick Whearty  12.4 31 2002-03 Holy Cross 31 31 23.8 4.5  8.0 4.5  8.0 0.0 0.0 3.4  4.4 2.9 3.7  6.6 0.8 0.5 1.4 1.6 3.5 12.4 .565 .563 1.000 .759 .615 .567   C    SR
154         Fred Herzog  12.4 33 1990-91    Fordham 33 33 31.2 4.8 10.0 4.4  8.6 0.4 1.4 2.3          2.9  5.9 1.5 0.9 0.5 2.0 2.5 12.4 .482 .512  .289 .794 .542 .502   F    JR
155         Bill Walker  12.3 30 1990-91 Holy Cross 30      30 5.0 11.8 4.3  9.4 0.7 2.4 1.7          2.7  2.2 1.7 0.7 0.1 1.9 2.6 12.3 .421 .452  .296 .630 .471 .451   G    SO
156       Jason Fichter  12.3 27 1994-95     Lehigh 27 26 30.5 4.4  9.3 3.8  7.7 0.6 1.7 2.9          3.7  7.3 1.2 1.0 0.6 2.4 3.1 12.3 .472 .493  .378 .772 .555 .506   C    SR
157       Jay Armstrong  12.3 26 1990-91    Colgate 26 25 29.8 4.9 11.3 4.7 10.8 0.2 0.5 2.4          2.8  2.7 2.3 0.8 0.0 2.0 2.2 12.3 .432 .438  .308 .838 .486 .439   G    SR
158        David Mascia  12.3 27 1994-95    Fordham 27 22 31.1 4.3 11.5 3.4  9.6 0.9 1.9 2.7          4.0  3.5 2.0 1.9 0.2 2.4 1.6 12.3 .377 .360  .462 .679 .459 .416   G    JR
159      Brian Anderson  12.2 26 1994-95   Bucknell 26 26 30.0 4.2 10.3 4.0  9.3 0.2 1.0 3.6          4.7  6.1 1.1 0.5 0.8 2.3 2.2 12.2 .408 .426  .240 .777 .490 .419   C    JR
160     Ryan Serravalle  12.2 33 2001-02 Holy Cross 33 33 33.5 3.8 10.3 2.6  6.5 1.2 3.8 3.3  4.2 0.7 3.6  4.3 2.6 1.2 0.0 2.4 2.1 12.2 .371 .402  .317 .791 .495 .429   G    SR
161        Damion Ezell  12.1 27 1996-97 Holy Cross 27 26 29.8 3.9 10.6 2.1  5.0 1.8 5.6 2.4          4.3  4.3 1.7 1.2 0.3 2.8 2.3 12.1 .371 .425  .322 .560 .478 .456   G    SR
162       Chris Spatola  12.1 28 1999-00       Army 28 28 35.9 3.6 11.1 1.8  5.5 1.8 5.6 3.1  3.7 0.4 1.8  2.2 3.3 0.8 0.1 3.8 2.5 12.1 .325 .333  .316 .827 .469 .405   G    SO
163         Chris Glowe  12.0 26 1996-97       Army    26 24.5 4.5  8.8 4.5  8.6 0.0 0.2 3.1          4.3  5.9 0.7 1.0 0.8 2.7 3.3 12.0 .509 .518  .000 .730 .557 .509   F    SR
164        Seth Barrett  12.0 27 1998-99       Army    27 26.4 4.7  9.5 4.7  9.5 0.0 0.0 2.6  3.7 1.7 3.6  5.3 0.9 1.3 0.8 2.6 3.3 12.0 .496       .496 .717 .536 .496   F    SO
165       Hassan Booker  12.0 30 1997-98       Navy         30 5.1  8.7 5.0  8.4 0.1 0.3 1.8          3.1  7.8 1.4 1.8         0.2 12.0 .580 .591  .300 .587 .590 .586   F    SR
166        Darren Brown  12.0 28 1991-92    Colgate         28 4.2 10.8 2.8  6.0 1.4 4.8 2.2          3.5  8.2 2.4 1.4         0.1 12.0 .387 .458  .299 .639 .483 .454   F    JR
167       Nick Marusich  12.0 22 1991-92       Navy         22 4.5  8.0 4.4  8.0 0.0 0.0 3.0          4.8  5.8 0.9 0.5         1.0 12.0 .554 .551 1.000 .638 .582 .556   C    SR
168      Seth Schaeffer  12.0 27 1996-97    Colgate    27 33.5 4.0 11.0 1.6  3.5 2.5 7.5 1.4          1.8  2.6 1.9 1.0         0.0 12.0 .368 .447  .332 .796 .507 .481   G    JR
169        Jehiel Lewis  12.0 27 2001-02       Navy 27 22 28.3 3.7  8.7 2.6  5.8 1.1 2.9 3.5  4.7 2.6 2.6  5.2 2.1 1.8 0.3 3.2 3.3 12.0 .419 .439  .380 .748 .545 .483   G    SR
170     Martin Gilliard  12.0 26 1997-98   Bucknell    26 31.7 4.0  8.4 3.0  5.8 1.0 2.6 2.8          4.5  4.6 1.5 1.3         0.6 12.0 .479 .513  .403 .632 .566 .541   G    JR
171         Ben Wandtke  11.9 28 1997-98    Colgate    28 28.8 4.2  9.6 3.0  6.2 1.2 3.4 2.3          2.9  6.9 0.9 0.9         0.4 11.9 .437 .489  .344 .790 .540 .498   F    JR
172      Jack Ehretsman  11.9 28 1991-92    Colgate         28 3.8  8.4 1.9  4.0 1.9 4.4 2.5          3.3  3.4 2.0 1.0         0.1 11.9 .449 .468  .431 .761 .600 .562   G    SR
173     Ted Bettencourt  11.9 28 1993-94 Holy Cross 28 21 28.8 3.7 10.5 2.2  5.8 1.5 4.7 2.9          4.0  2.7 3.8 1.8 0.1 3.0 1.4 11.9 .355 .379  .326 .726 .480 .428   G    SO
174         Sekou Hamer  11.9 27 1993-94   Bucknell 27 26 28.9 4.5 11.0 3.3  6.9 1.3 4.1 1.6          2.2  3.3 2.8 2.4 0.1 2.9 2.9 11.9 .411 .471  .309 .712 .492 .468   G    SO
175        Keith Fenton  11.8 31 1990-91   Bucknell 31 31 26.3 3.4  8.4 1.4  3.5 1.9 4.8 3.2  4.1 0.6 1.3  1.9 2.3 0.7 0.1 1.5 1.9 11.8 .402 .404  .400 .780 .575 .517   G    SR
176        Dave Buckner  11.8 33 1990-91    Fordham 33 29 27.3 4.0  8.8 1.5  3.1 2.5 5.7 1.4          2.0  2.4 1.2 1.0 0.1 1.3 1.4 11.8 .455 .505  .429 .692 .608 .595   G    SO
177        Chad Wiswall  11.8 28 1997-98    Colgate    28 24.6 4.0  9.6 3.1  6.5 0.9 3.1 2.9          4.5  4.3 1.5 1.5         1.0 11.8 .415 .475  .287 .648 .501 .461   F    JR
178         Steve Miles  11.8 30 2001-02   American 30 29 35.2 3.9  9.9 2.0  4.6 1.9 5.3 2.2  2.6 1.0 4.6  5.5 2.6 1.0 0.1 2.3 1.8 11.8 .391 .438  .350 .844 .529 .485   G    JR
179            Ted Cole  11.8 30 1998-99  Lafayette 30 29 24.5 3.7  7.5 3.4  6.3 0.4 1.1 3.9          5.8  5.3 1.2 0.6 0.7     1.6 11.8 .500 .532  .324 .678 .576 .525   F    SR
180    Charles Woodruff  11.8 25 2000-01       Army 25 21 29.0 4.0  6.8 4.0  6.8 0.0 0.0 3.8  5.3 1.9 2.7  4.6 1.1 0.7 0.7 2.2 2.7 11.8 .579       .579 .722 .628 .579   G    JR
181       Jason Fichter  11.7 27 1992-93     Lehigh 27 24 28.2 4.6  8.6 4.6  8.5 0.0 0.1 2.4          3.0  6.4 1.3 0.9 0.5 2.8 3.4 11.7 .541 .546  .000 .815 .586 .541   C    SO
182           Jay Hipps  11.7 29 1990-91     Lehigh 29 28 28.4 4.3  8.7 4.3  8.7 0.0 0.0 3.0          3.9  4.0 1.1 1.1 0.2 2.3 2.7 11.7 .498 .500  .000 .763 .552 .498   F    JR
183     Sanford Jenkins  11.7 31 1991-92    Fordham 31 29 27.5 5.1 10.4 5.1 10.3 0.0 0.0 1.5          2.3  8.7 1.1 1.3 1.4 1.6 3.2 11.7 .492 .494  .000 .639 .510 .492   F    SR
184         Sekou Hamer  11.7 27 1994-95   Bucknell 27 27 29.9 4.3  9.1 3.2  6.4 1.1 2.7 2.1          3.0  2.7 3.6 2.1 0.0 2.9 2.4 11.7 .466 .494  .397 .691 .552 .524   G    JR
185          Mike Homer  11.6 28 1996-97  Lafayette    28 27.9 3.8 10.4 1.6  4.0 2.2 6.4 1.8          2.6  3.1 1.5 1.1         0.2 11.6 .368 .402  .346 .694 .501 .474   G    FR
186        Jose Olivero  11.6 30 2003-04     Lehigh 30 18 24.6 3.6  9.6 1.9  5.2 1.7 4.4 2.6  3.4 0.7 1.6  2.3 1.4 0.9 0.1 2.6 2.3 11.6 .378 .374  .383 .767 .516 .467   G    FR
187     Ryan Serravalle  11.6 20 1998-99 Holy Cross 20 20 33.1 3.6 10.0 2.1  6.0 1.5 4.1 3.0  3.9 0.2 2.3  2.5 2.9 1.3 0.0 2.7 1.9 11.6 .355 .345  .370 .769 .489 .430   G    FR
188       Kihlon Golden  11.6 27 1993-94   Bucknell 27 25 31.4 4.6  8.6 4.6  8.6 0.0 0.0 2.4          3.8  9.1 0.5 0.8 1.3 2.0 3.1 11.6 .534       .534 .621 .555 .534   F    SO
189        Brian Wilson  11.5 31 2002-03 Holy Cross 31 31 30.1 4.1  8.6 2.5  4.7 1.7 3.9 1.6  1.8 0.7 1.9  2.6 1.6 0.9 0.1 1.8 2.1 11.5 .481 .524  .430 .893 .612 .579   G    SR
190      Justin Johnson  11.5 13 1997-98       Army         13 4.3  9.1 3.5  7.1 0.8 2.0 2.1          2.8  4.8 1.2 1.1         0.5 11.5 .475 .489  .423 .730 .553 .521   F    SR
191    Chris McNaughton  11.5 29 2003-04   Bucknell 29 25 23.6 4.9  7.4 4.9  7.4 0.0 0.0 1.7  2.9 2.1 3.3  5.5 0.4 0.7 0.5 1.7 3.3 11.5 .660 .664  .000 .595 .655 .660   C    FR
192    Jernavis Draughn  11.5 31 2003-04   American 31 31 28.3 4.6  8.5 4.6  8.5 0.0 0.0 2.2  4.4 2.4 4.1  6.5 1.6 0.8 0.6 2.8 2.5 11.5 .545       .545 .493 .540 .545   F    SR
193          Alvin Reed  11.4 29 2003-04    Colgate 29 29 32.3 3.8 10.1 1.9  5.0 1.8 5.0 2.1  2.8 0.7 2.2  3.0 3.3 1.3 0.1 2.8 2.4 11.4 .373 .384  .363 .744 .502 .464   G    SO
194      Justin DeBerry  11.4 29 2001-02  Lafayette 29 26 26.6 4.1  9.5 2.1  4.1 2.1 5.4 1.1  1.6 0.3 2.6  3.0 3.1 1.6 0.2 2.8 2.7 11.4 .435 .504  .382 .711 .558 .543   G    SO
195         Juan Pegues  11.4 27 1998-99 Holy Cross 27 27 30.3 3.9  9.2 3.5  7.4 0.4 1.8 3.3  4.8 2.6 4.1  6.8 0.8 1.3 0.7 2.9 3.1 11.4 .423 .472  .224 .677 .499 .446   F    SO
196      Stefan Ciosici  11.4 27 1995-96  Lafayette    27 22.6 4.2  8.4 4.2  8.4 0.0 0.0 3.0          4.8  7.6 0.7 0.4 1.2 3.4 4.1 11.4 .504       .504 .623 .537 .504   C    FR
197          Tim Szatko  11.4 31 2002-03 Holy Cross 31 31 29.4 3.6  9.3 3.0  7.2 0.6 2.1 3.5  4.9 1.7 4.7  6.4 1.4 0.5 0.6 1.8 1.8 11.4 .391 .422  .288 .712 .489 .424   F    SR
198          Tim Szatko  11.4 28 1999-00 Holy Cross 28 22 30.8 3.5  8.0 2.2  5.1 1.3 2.9 3.2  4.3 2.0 3.9  5.9 1.4 0.4 0.4 3.1 2.2 11.4 .433 .430  .439 .736 .567 .513   F    FR
199          Tim Szatko  11.4 30 2000-01 Holy Cross 30 16 28.3 3.5  7.9 2.7  5.3 0.8 2.6 3.5  4.7 2.2 4.3  6.5 1.4 0.6 0.3 2.1 2.4 11.4 .445 .503  .325 .757 .564 .498   F    SO
200        Bryan Bailey  11.4 28 1999-00   Bucknell 28 28 29.4 3.8  7.7 3.2  6.0 0.6 1.7 3.2  4.4 1.0 1.7  2.7 2.8 1.3 0.3 2.6 2.8 11.4 .491 .530  .354 .718 .578 .530   G    SO
[/code]

Provided by [url=https://www.sports-reference.com/sharing.html?utm_source=direct&utm_medium=Share&utm_campaign=ShareTool]Stathead[/url]: [url=https://www.sports-reference.com/stathead/basketball/cbb/player-season-finder.cgi?utm_source=direct&utm_medium=Share&utm_campaign=ShareTool]Found with Stathead. See Full Results.[/url]
Generated 6/11/2026.