
[code]                                                                                                                                                                                            
                                                                                                                                                                                        Per 
Rk                  Player PTS/G  G  Season              Team  G GS   MP   FG  FGA   2P  2PA  3P  3PA  FT FTA ORB DRB  TRB AST STL BLK TOV  PF  PTS  FG%  2P%   3P%  FT%  TS% eFG% Pos Class
1       Mahmoud Abdul-Rauf  27.8 32 1989-90   Louisiana State    32 37.6  9.5 20.7  6.8 13.0 2.8  7.7 6.0         6.6  2.5 3.2 1.6 0.0 3.7 2.1 27.8 .461 .522  .358 .910 .584 .527   G    SO
2          Shaquille ONeal  27.6 28 1990-91   Louisiana State    28 31.5 11.1 17.8 11.1 17.8 0.0  0.0 5.4         8.4 14.7 1.6 1.5 5.0 3.5 2.8 27.6 .628       .628 .638 .636 .628   C    SO
3              Joe Harvell  25.0 28 1991-92          Ole Miss 28 28 32.8  9.5 19.2  6.7 12.8 2.8  6.4 3.1         4.0  5.9 1.3 0.7 0.1 2.3 2.1 25.0 .497 .525  .441 .775 .593 .571   F    JR
4             Gerald Glass  24.1 30 1989-90          Ole Miss 30 30 36.9  9.5 19.3  7.9 15.3 1.5  4.1 3.6         4.9  7.6 4.0 2.3 1.0 3.1 3.5 24.1 .490 .520  .377 .736 .556 .529   G    SR
5          Shaquille ONeal  24.1 30 1991-92   Louisiana State    30 32.0  9.8 15.9  9.8 15.9 0.0  0.0 4.5         8.5 14.0 1.5 1.0 5.2 3.4 2.9 24.1 .615       .615 .528 .603 .615   C    JR
6            Allan Houston  23.7 34 1990-91         Tennessee 34 34 35.6  7.8 16.2  4.9  9.4 2.9  6.8 5.2         6.0  3.1 3.9 1.1 0.5 3.8 2.0 23.7 .482 .520  .429 .863 .623 .572   G    SO
7         Ronnie Henderson  23.3 27 1994-95   Louisiana State 27 27 36.2  8.1 18.9  5.6 11.1 2.5  7.9 4.6         6.3  5.3 2.2 1.3 0.6 2.9 2.6 23.3 .429 .505  .321 .734 .533 .495   G    SO
8                 Todd Day  22.7 22 1991-92          Arkansas 22 22 32.3  7.9 15.8  5.3  9.7 2.6  6.0 4.4         5.8  7.0 3.2 2.5 0.8 2.8 2.5 22.7 .499 .542  .429 .764 .614 .581   G    SR
9            Allan Houston  22.3 30 1992-93         Tennessee 30 30 35.8  7.0 15.1  4.3  8.5 2.7  6.6 5.5         6.3  4.8 3.1 0.9 0.3 2.8 2.2 22.3 .465 .504  .414 .878 .616 .555   G    SR
10           Wesley Person  22.2 28 1993-94            Auburn    28 35.9  7.8 16.0  4.4  8.5 3.3  7.5 3.4         4.6  6.4 2.8 1.0 0.4 3.0 1.6 22.2 .484 .521  .443 .734 .610 .588   G    SR
11              Dan Langhi  22.1 30 1999-00        Vanderbilt 30 29 34.4  7.4 15.5  5.5 10.7 1.9  4.8 5.4 6.2 1.6 4.5  6.0 0.8 0.4 0.3 1.8 1.9 22.1 .477 .511  .403 .871 .600 .540   F    SR
12        Ronnie Henderson  21.8 23 1995-96   Louisiana State 23 21 31.2  8.0 17.3  5.8 10.9 2.1  6.3 3.8         5.5  4.7 1.4 1.7 0.6 2.6 3.0 21.8 .461 .534  .336 .685 .549 .523   G    JR
13          Jamal Mashburn  21.3 36 1991-92          Kentucky 36 36 32.7  7.8 13.7  6.1 10.0 1.6  3.7 4.2         5.9  7.8 1.4 1.8 0.6 2.3 3.4 21.3 .567 .614  .439 .709 .647 .626   F    SO
14                Ron Slay  21.2 29 2002-03         Tennessee 29 29 34.2  7.3 15.0  5.8 11.0 1.5  4.0 5.2 6.7 1.6 6.2  7.8 2.1 0.7 0.1 3.7 3.0 21.2 .486 .527  .374 .782 .586 .536   F    SR
15           Allan Houston  21.1 34 1991-92         Tennessee 34 34 36.4  6.6 14.5  4.1  8.7 2.4  5.8 5.6         6.6  5.3 3.2 0.9 0.4 2.8 2.0 21.1 .453 .476  .418 .840 .599 .537   G    JR
16            Alec Kessler  21.0 29 1989-90           Georgia    29 33.4  6.8 13.9  6.3 12.7 0.5  1.2 6.9         9.1 10.3 1.3 0.7 0.5 3.5 3.1 21.0 .491 .497  .429 .757 .578 .510   C    SR
17          Jamal Mashburn  21.0 34 1992-93          Kentucky 34 34 32.6  7.6 15.5  5.7 10.2 1.9  5.3 3.8         5.7  8.4 3.6 1.5 0.4 3.0 2.7 21.0 .492 .558  .367 .670 .578 .555   F    JR
18           Aaron Swinson  20.7 28 1993-94            Auburn    28 35.4  8.4 13.3  8.4 13.2 0.0  0.1 4.0         5.8  8.1 1.1 0.5 0.2     2.1 20.7 .631 .634  .000 .689 .647 .631   F    SR
19          Bill McCaffrey  20.6 32 1993-94        Vanderbilt 32 32 33.4  6.8 14.9  5.0 10.1 1.8  4.8 5.3         5.9  2.6 4.2 1.1 0.1 3.2 1.9 20.6 .456 .494  .377 .889 .583 .517   G    SR
20          James Robinson  20.6 29 1992-93           Alabama 29 27 34.5  7.0 16.6  4.3  8.9 2.7  7.7 4.0 5.9 2.0 2.5  4.5 2.3 1.6 0.7 3.2 2.3 20.6 .420 .479  .351 .682 .532 .501   G    JR
21         Litterial Green  20.6 28 1990-91           Georgia 28 28 31.3  6.7 15.1  4.7  9.7 2.0  5.4 5.2         6.7  2.6 3.5 1.6 0.1 2.7 2.0 20.6 .442 .482  .371 .777 .562 .508   G    JR
22          Bill McCaffrey  20.6 34 1992-93        Vanderbilt 34 34 30.0  7.1 12.8  4.6  8.1 2.4  4.8 3.9         4.5  2.6 3.6 1.3         0.1 20.6 .553 .577  .512 .870 .686 .648   G    JR
23      Corliss Williamson  20.4 34 1993-94          Arkansas 34 34 29.1  8.0 12.8  8.0 12.8 0.0  0.0 4.4         6.3  7.7 2.2 1.1 1.1 2.6 2.3 20.4 .626       .626 .700 .647 .626   F    SO
24           Allan Houston  20.3 30 1989-90         Tennessee 30 30 36.1  6.8 15.5  4.0  9.1 2.8  6.4 4.0         5.0  2.9 4.2 1.2 0.4 3.4 2.3 20.3 .437 .440  .432 .805 .568 .526   G    FR
25           Wesley Person  19.9 27 1991-92            Auburn 27 27 35.4  7.7 15.2  5.1 10.0 2.6  5.2 2.0         2.7  6.8 2.0 1.0 1.1 2.2 1.7 19.9 .506 .515  .489 .726 .604 .590   G    SO
26      Corliss Williamson  19.7 39 1994-95          Arkansas 39 39 31.0  7.3 13.2  7.2 13.1 0.0  0.2 5.2         7.8  7.5 2.3 1.7 0.8 2.4 2.7 19.7 .550 .554  .167 .668 .584 .550   F    JR
27         Litterial Green  19.4 29 1991-92           Georgia 29 27 33.7  6.3 15.4  4.2 10.5 2.1  4.9 4.7         6.8  3.0 4.0 1.1 0.1 2.6 2.3 19.4 .408 .397  .434 .687 .520 .478   G    SR
28          James Robinson  19.4 34 1991-92           Alabama 34 34 35.8  7.0 15.4  4.5  8.6 2.4  6.8 3.1 4.3 2.0 2.1  4.1 2.2 1.1 0.3 3.2 2.3 19.4 .453 .529  .358 .712 .558 .533   G    SO
29          Derrick Miller  19.2 28 1989-90          Kentucky 28 28 34.1  7.1 17.9  3.5  7.6 3.5 10.3 1.5         2.0  3.4 1.3 1.3 0.4 1.9 2.6 19.2 .394 .465  .343 .754 .508 .493   G    SR
30              Tony Watts  19.2 28 1991-92 Mississippi State 28 28 34.8  7.1 14.8  4.9  9.7 2.2  5.1 2.8         3.3  3.1 1.6 1.4     0.6 2.0 19.2 .482 .509  .430 .848 .588 .556   G    SR
31       Dwayne Schintzius  19.1 11 1989-90           Florida    11 32.3  8.2 14.8  8.2 14.1 0.0  0.7 2.7         3.5  9.5 1.4 1.0 2.5 3.4 3.7 19.1 .552 .581  .000 .789 .580 .552   C    SR
32              B.J. McKie  18.8 31 1997-98    South Carolina 31 30 33.1  5.2 11.8  3.3  7.2 1.9  4.6 6.6         8.5  3.5 3.0 1.3 0.1 2.9 2.2 18.8 .438 .453  .415 .782 .597 .519   G    JR
33           Jumaine Jones  18.8 30 1998-99           Georgia 30 29 34.4  6.6 14.8  5.0 10.2 1.6  4.6 4.1         5.6  9.5 1.2 1.1 0.7 2.5 2.4 18.8 .445 .489  .348 .726 .539 .499   F    SO
34           Wesley Person  18.8 27 1992-93            Auburn 27 26 35.4  7.2 12.9  5.0  8.3 2.1  4.6 2.3         2.9  7.1 3.8 0.8 0.6 2.6 1.7 18.8 .556 .607  .464 .772 .656 .639   G    JR
35         Eric Washington  18.6 32 1995-96           Alabama 32 30 34.1  6.3 14.7  2.7  5.9 3.5  8.7 2.6         3.3  6.9 1.0 1.7 0.7 1.9 2.4 18.6 .426 .458  .405 .790 .574 .547   F    JR
36              Ansu Sesay  18.6 29 1997-98          Ole Miss 29 29 33.2  6.2 13.7  5.5 11.6 0.7  2.1 5.4         7.4  7.6 2.8 1.2     0.9 2.9 18.6 .456 .475  .350 .727 .540 .482   F    SR
37            Jarvis Hayes  18.6 29 2001-02           Georgia 29 29 33.8  7.3 16.2  5.6 11.0 1.7  5.2 2.2 2.9 1.2 4.0  5.2 1.6 1.2 0.5 2.1 1.8 18.6 .451 .509  .327 .765 .527 .503   F    SO
38             Justin Reed  18.5 28 2003-04          Ole Miss 28 27 33.5  6.9 14.9  6.4 12.8 0.5  2.1 4.2 5.7 2.8 4.7  7.5 1.5 0.7 0.8 3.0 3.1 18.5 .464 .501  .237 .731 .525 .481   F    SR
39             Matt Freije  18.4 33 2003-04        Vanderbilt 33 33 29.8  5.6 13.5  3.7  8.2 1.9  5.3 5.3 6.7 2.0 3.4  5.4 0.9 0.7 0.6 1.0 1.6 18.4 .415 .452  .356 .788 .550 .484   F    SR
40         Marquis Daniels  18.4 34 2002-03            Auburn 34 34 33.8  7.2 14.0  6.3 11.1 0.9  2.9 3.1 4.7 1.9 4.3  6.2 3.3 2.3 0.2 3.0 2.0 18.4 .513 .566  .306 .673 .567 .544   G    SR
41              D.A. Layne  18.3 30 1999-00           Georgia 30 30 33.7  5.9 14.6  2.8  6.7 3.0  7.9 3.6 4.4 0.5 1.8  2.3 3.0 1.2 0.1 3.9 1.8 18.3 .401 .421  .384 .817 .549 .505   G    SO
42            Jarvis Hayes  18.3 27 2002-03           Georgia 27 27 32.3  6.9 13.6  4.9  8.9 2.0  4.7 2.6 3.3 1.3 3.1  4.4 2.0 1.1 0.4 1.4 2.4 18.3 .503 .544  .425 .784 .602 .576   F    JR
43          Ronnie McMahan  18.3 28 1994-95        Vanderbilt 28 28 33.1  5.9 15.7  3.1  7.8 2.8  7.9 3.7         5.0  4.1 1.9 1.3 0.5 2.2 2.1 18.3 .376 .401  .351 .736 .505 .465   F    SR
44             Steve Hamer  18.2 29 1995-96         Tennessee 29 29 33.0  6.4 11.2  6.4 11.2 0.0  0.0 5.3         8.7  9.4 1.0 0.4 1.3 2.9 2.9 18.2 .575       .575 .615 .595 .575   C    SR
45           Cameron Burns  18.2 30 1989-90 Mississippi State 30 30 33.1  6.9 11.6  6.9 11.6 0.0  0.0 4.4         6.8  7.3 0.9 0.6     0.6 2.5 18.2 .597       .597 .649 .615 .597   F    JR
46            Jamie Watson  18.1 27 1993-94    South Carolina 27 27 34.2  6.9 14.9  5.8 11.3 1.1  3.6 3.4         5.0  7.0 2.4 1.6 0.4 2.2 2.6 18.1 .459 .511  .296 .674 .524 .495   F    SR
47              Ron Mercer  18.1 40 1996-97          Kentucky 40 40 32.5  7.4 15.1  6.2 11.6 1.2  3.5 2.1 2.6 2.3 3.0  5.3 2.4 1.7 0.3 1.7 2.4 18.1 .493 .537  .348 .781 .555 .533   F    SO
48       Vincent Yarbrough  18.1 31 2001-02         Tennessee 31 31 35.4  6.3 14.7  4.3  9.4 1.9  5.4 3.6 5.3 2.3 5.3  7.5 2.8 1.9 0.8 3.0 1.9 18.1 .425 .462  .359 .687 .524 .490   F    SR
49           Darryl Wilson  18.0 34 1995-96 Mississippi State 34 34 36.6  5.2 11.7  2.4  4.8 2.9  7.0 4.7         5.9  4.2 2.8 1.5 0.2 2.5 1.8 18.0 .446 .500  .409 .796 .620 .568   G    SR
50             Larry Davis  18.0 31 1995-96    South Carolina    31 33.3  5.9 13.1  3.4  6.0 2.5  7.1 3.6         4.7  4.7 1.8 1.8         0.3 18.0 .450 .561  .355 .774 .585 .545   G    JR
51               Dan Cross  18.0 30 1994-95           Florida 30 30 36.7  5.6 14.0  3.8  9.3 1.8  4.7 5.0         5.9  3.6 3.5 1.7 0.1 2.7 2.3 18.0 .399 .411  .376 .843 .533 .462   G    SR
52        Anthony Roberson  17.9 30 2003-04           Florida 30 29 31.2  6.0 13.0  2.7  5.2 3.3  7.8 2.6 3.1 0.6 2.4  3.0 3.6 1.1 0.1 2.2 2.1 17.9 .462 .516  .425 .859 .620 .588   G    SO
53             Matt Freije  17.9 29 2002-03        Vanderbilt 29 28 31.1  6.1 13.9  3.9  7.5 2.2  6.4 3.4 4.3 1.3 3.1  4.4 1.1 0.9 0.4 1.7 2.3 17.9 .443 .521  .351 .798 .564 .524   F    JR
54            Stacey Poole  17.8 33 1991-92           Florida 33 32 32.5  7.7 16.3  7.7 16.2 0.0  0.1 2.5         3.6  7.3 1.2 1.2     0.9 2.4 17.8 .473 .476  .000 .675 .496 .473   F    JR
55           Darryl Wilson  17.8 30 1994-95 Mississippi State 30 30 32.2  5.0 11.9  1.9  4.3 3.1  7.6 4.7         5.6  4.7 2.5 1.5 0.1 2.3 2.1 17.8 .420 .431  .414 .834 .612 .552   G    JR
56        Latrell Sprewell  17.8 35 1991-92           Alabama 35 34 36.2  6.5 13.1  4.5  8.3 1.9  4.9 2.9 3.7 2.1 3.1  5.2 2.1 1.8 0.7 2.6 1.8 17.8 .493 .550  .398 .771 .596 .567   G    SR
57               Tony Delk  17.8 36 1995-96          Kentucky 36 36 26.3  6.4 12.9  3.8  7.1 2.6  5.8 2.4         3.1  4.2 1.8 1.9 0.4 1.8 2.0 17.8 .494 .535  .443 .800 .619 .594   G    SR
58          Derek Anderson  17.7 19 1996-97          Kentucky 19 17 25.3  5.8 11.9  3.8  6.9 2.0  4.9 4.1 5.0 1.9 2.2  4.1 3.5 1.9 0.1 1.7 2.1 17.7 .491 .553  .404 .811 .621 .575   F    SR
59             Joe Harvell  17.7 28 1992-93          Ole Miss 28 28 32.8  6.9 14.4  5.4 10.0 1.6  4.4 2.3         3.2  5.4 1.1 0.9 0.1 2.9 3.0 17.7 .481 .538  .355 .711 .556 .536   F    SR
60              Dan Langhi  17.7 29 1998-99        Vanderbilt 29 28 32.9  5.6 13.4  4.0  9.2 1.6  4.2 4.9         5.8  7.3 1.2 0.8 0.2 2.4 1.8 17.7 .418 .432  .385 .844 .548 .478   F    JR
61        Scooter McFadgon  17.6 28 2003-04         Tennessee 28 27 31.3  5.3 13.3  2.9  7.2 2.3  6.1 4.8 5.3 1.3 3.1  4.4 2.0 0.6 0.0 2.3 1.8 17.6 .394 .406  .380 .912 .557 .481   G    JR
62            Dametri Hill  17.6 28 1995-96           Florida 28 28 33.0  6.6 13.4  6.1 11.9 0.5  1.6 3.9         5.9  7.8 0.9 1.1 0.8 2.8 2.9 17.6 .489 .512  .318 .671 .542 .508   C    SR
63         Litterial Green  17.5 28 1989-90           Georgia    28 31.8  5.7 13.7  4.0  9.1 1.8  4.6 4.3         6.1  2.7 4.3 1.3 0.1 2.8 2.7 17.5 .417 .434  .383 .708 .527 .480   G    SO
64         Tayshaun Prince  17.5 32 2001-02          Kentucky 32 32 33.3  6.4 13.8  4.4  7.8 2.0  6.0 2.6 3.7 2.1 4.2  6.3 1.6 1.1 1.3 2.0 1.6 17.5 .467 .564  .340 .703 .563 .541   F    SR
65             Joe Harvell  17.4 28 1990-91          Ole Miss 28 27 31.8  7.1 15.6  5.5 11.3 1.6  4.3 1.7         2.5  5.6 1.2 1.0 0.1 2.4 2.7 17.4 .452 .483  .372 .681 .518 .503   F    SO
66          Scotty Thurman  17.4 31 1992-93          Arkansas 31 31 28.7  6.6 14.2  4.0  8.3 2.6  5.8 1.7         2.1  4.4 2.2 1.6 0.3 1.7 2.2 17.4 .465 .481  .442 .800 .575 .556   F    FR
67              B.J. McKie  17.4 32 1996-97    South Carolina 32 29 31.9  5.1 11.1  3.2  6.3 1.9  4.8 5.2         6.8  3.9 2.7 1.3 0.0 2.3 2.3 17.4 .462 .507  .403 .758 .606 .549   G    SO
68        Ronald Dupree Jr  17.3 29 2000-01   Louisiana State 29 28 34.9  6.3 13.0  5.6 10.8 0.7  2.2 4.0 5.7 3.4 5.4  8.8 1.4 1.3 0.6 3.0 2.8 17.3 .485 .518  .328 .699 .552 .513   F    SO
69              B.J. McKie  17.3 29 1998-99    South Carolina 29 29 33.3  5.0 12.2  3.2  7.5 1.8  4.7 5.5         7.1  3.4 4.0 1.6 0.2 3.3 1.9 17.3 .411 .431  .378 .773 .555 .483   G    SR
70          Brian Williams  17.3 30 1998-99           Alabama 30 28 33.0  5.4 14.2  3.1  7.9 2.3  6.3 4.2         4.9  3.1 2.3 1.2 0.1 3.1 2.1 17.3 .379 .395  .360 .857 .521 .459   G    SR
71          Maurice Carter  17.3 27 1998-99   Louisiana State 27 27 35.2  5.9 13.4  3.3  7.1 2.6  6.3 2.9         4.4  5.7 1.2 1.1 0.3 2.6 2.0 17.3 .438 .458  .415 .642 .555 .536   G    SR
72          Jason Williams  17.1 20 1997-98           Florida 20 17 31.8  5.6 12.7  2.9  6.0 2.7  6.7 3.2         3.8  3.0 6.7 2.7 0.2 4.4 1.5 17.1 .441 .483  .403 .840 .589 .547   G    JR
73           Ronnie Battle  17.0 29 1990-91            Auburn         29  6.3 15.1  4.6 10.9 1.7  4.2 2.6         3.4  2.6 2.1 0.9         0.2 17.0 .420 .424  .410 .768 .509 .477   G    SO
74         Horatio Webster  17.0 30 1997-98 Mississippi State 30 30 33.5  6.7 14.1  6.5 13.4 0.2  0.8 3.3         4.9  5.2 0.8 1.0 0.2 1.8 2.1 17.0 .476 .486  .304 .685 .518 .485   F    SR
75         Kennedy Winston  17.0 33 2003-04           Alabama 33 33 34.3  5.8 13.0  4.4  9.3 1.5  3.7 3.9 5.4 1.6 3.8  5.5 1.9 0.8 0.3 2.2 2.0 17.0 .450 .471  .397 .723 .548 .506   F    SO
76           Ronnie Battle  17.0 31 1989-90            Auburn    31 32.9  6.5 13.4  4.5  8.1 2.1  5.3 1.9         2.6  3.4 2.5 1.2         0.2 17.0 .486 .548  .390 .720 .579 .563   G    FR
77            Rod Grizzard  17.0 36 2000-01           Alabama 36 36 31.8  5.5 13.8  3.5  7.8 1.9  5.9 4.1 5.0 1.7 4.4  6.1 2.1 1.1 1.1 2.5 2.6 17.0 .398 .452  .327 .812 .526 .469   G    SO
78            Keith Bogans  17.0 34 2000-01          Kentucky 34 34 30.9  6.2 13.1  4.0  7.0 2.2  6.0 2.4 3.5 1.9 2.7  4.6 2.4 1.0 0.2 2.6 2.2 17.0 .473 .569  .361 .697 .576 .556   G    SO
79         Tayshaun Prince  16.9 34 2000-01          Kentucky 34 34 32.9  6.1 12.3  4.2  7.0 1.9  5.3 2.9 3.4 1.6 4.9  6.5 2.9 0.7 1.1 1.7 1.6 16.9 .495 .598  .358 .843 .608 .572   F    JR
80           Jaime Lloreda  16.9 22 2003-04   Louisiana State 22 21 34.5  6.4 11.0  6.4 10.8 0.0  0.2 4.2 7.7 4.4 7.2 11.6 1.4 0.5 1.3 3.4 2.8 16.9 .581 .591  .000 .541 .578 .581   F    SR
81            Kevin Anglin  16.9 30 1991-92        Vanderbilt 30 30 32.7  4.9 10.8  3.1  6.2 1.8  4.6 5.2         6.9  4.4 3.8 1.6         0.1 16.9 .457 .497  .401 .749 .599 .542   G    JR
82    Lawrence Roberts III  16.9 30 2003-04 Mississippi State 30 30 32.7  5.8 11.2  5.4  9.9 0.4  1.3 4.8 7.6 3.4 6.7 10.1 1.2 1.4 0.6 2.4 2.3 16.9 .519 .549  .300 .634 .569 .537   F    JR
83           Cameron Burns  16.9 29 1990-91 Mississippi State 29 29 30.7  6.5 12.5  6.5 12.5 0.0  0.0 3.8         6.3  6.1 2.0 0.6     0.2 2.6 16.9 .521 .522  .000 .603 .543 .521   F    SR
84           Udonis Haslem  16.8 31 2000-01           Florida 31 31 28.1  6.1 10.2  6.1 10.2 0.0  0.0 4.7 6.6 2.1 5.4  7.5 1.0 0.8 1.0 2.4 3.2 16.8 .597       .597 .709 .632 .597   C    JR
85         Brandon Wharton  16.8 27 1996-97         Tennessee 27 26 35.6  5.7 13.7  3.5  8.7 2.1  5.0 3.3         4.2  4.0 2.0 1.4 0.5 3.2 2.4 16.8 .412 .403  .430 .796 .535 .491   G    SO
86               Joe Rhett  16.8 16 1991-92    South Carolina 16 16 33.6  7.1 13.1  7.1 12.9 0.0  0.2 2.6         4.4  9.0 1.6 1.1         0.5 16.8 .543 .551  .000 .577 .552 .543   F    SR
87          James Robinson  16.8 33 1990-91           Alabama 33  4 29.4  5.9 12.5  3.9  7.9 1.9  4.6 3.1         4.4  3.9 1.2 1.1 0.5 2.3 3.0 16.8 .470 .500  .418 .699 .574 .547   G    FR
88              D.A. Layne  16.8 31 2000-01           Georgia 31 31 32.8  5.9 13.5  3.8  8.2 2.1  5.3 2.8 3.5 0.4 2.6  3.0 3.5 1.4 0.1 2.9 1.5 16.8 .441 .470  .396 .806 .555 .519   G    JR
89             Drew Maddux  16.8 33 1997-98        Vanderbilt 33 33 35.9  6.0 13.1  3.6  6.5 2.4  6.6 2.4         3.2  4.1 4.1 2.1 0.1 1.7 1.7 16.8 .456 .549  .364 .755 .573 .547   G    SR
90               Tony Delk  16.7 33 1994-95          Kentucky 33 32 29.1  6.3 13.1  3.9  7.2 2.3  6.0 1.8         2.7  3.3 2.0 1.6 0.3 1.5 2.0 16.7 .478 .551  .391 .674 .580 .567   G    JR
91          Marcus Haislip  16.7 25 2001-02         Tennessee 25 24 33.6  6.4 12.4  5.8 10.6 0.6  1.8 3.2 4.4 2.2 4.4  6.7 1.0 0.4 1.8 2.0 3.4 16.7 .518 .551  .326 .721 .573 .542   F    JR
92               Greg Bell  16.6 30 1989-90         Tennessee 30 30 31.4  5.4 12.3  3.2  7.2 2.2  5.1 3.7         5.4  3.2 2.2 1.2 0.1 2.9 3.3 16.6 .438 .442  .431 .685 .561 .527   G    JR
93           Ronnie Battle  16.6 27 1991-92            Auburn 27 27 33.1  6.4 13.0  3.8  7.9 2.6  5.1 1.2         1.7  1.9 2.4 1.3     0.3 2.6 16.6 .491 .479  .511 .696 .601 .592   G    JR
94           Jannero Pargo  16.6 29 2001-02          Arkansas 29 22 27.2  5.7 12.4  2.4  4.8 3.3  7.6 2.0 2.5 0.6 1.8  2.4 3.3 1.7 0.0 2.2 2.3 16.6 .460 .504  .432 .781 .612 .592   G    SR
95           Ezra Williams  16.6 27 2002-03           Georgia 27 27 31.1  5.8 13.5  3.0  6.6 2.9  6.9 2.1 2.9 1.9 3.1  5.0 2.3 1.4 0.2 2.0 1.9 16.6 .431 .449  .414 .731 .559 .537   G    SR
96               Tony Delk  16.6 34 1993-94          Kentucky 34 34 28.1  5.9 12.9  3.1  5.5 2.8  7.5 2.0 3.2 1.2 3.3  4.5 1.7 1.9 0.6 1.7 2.1 16.6 .455 .565  .374 .639 .574 .563   G    SO
97           Ezra Williams  16.5 32 2001-02           Georgia 32 32 32.9  5.4 13.6  2.5  5.8 2.9  7.8 2.8 3.7 2.1 3.3  5.4 2.0 1.6 0.4 2.4 1.9 16.5 .397 .432  .371 .763 .538 .503   G    JR
98           Ronnie Battle  16.5 27 1992-93            Auburn 27 27 34.3  5.9 13.0  4.0  8.0 1.9  4.9 2.9         3.6  1.4 3.2 0.9 0.1 2.6 2.0 16.5 .451 .493  .383 .823 .564 .524   G    SR
99          Melvin Cheatum  16.5 33 1990-91           Alabama 33 33 35.4  6.6 13.6  6.5 13.4 0.1  0.2 3.3         4.6  7.8 0.7 1.2 0.8 1.9 2.5 16.5 .482 .484  .375 .715 .522 .486   F    SR
100           Aaron Harper  16.5 28 2003-04          Ole Miss 28 27 33.4  5.6 12.7  3.3  6.5 2.4  6.2 2.8 4.2 1.1 4.0  5.1 3.3 1.4 0.1 3.0 2.5 16.5 .445 .500  .387 .675 .563 .539   F    SR
101        Jonathon Modica  16.5 28 2003-04          Arkansas 28 23 29.6  5.6 12.1  4.3  8.1 1.3  4.1 4.0 5.1 2.1 2.4  4.5 1.2 0.8 0.1 2.2 2.3 16.5 .462 .531  .325 .782 .567 .516   G    SO
102          Kevin Watkins  16.5 28 1992-93          Ole Miss 28 28 32.1  6.5 14.8  5.3 11.1 1.3  3.7 2.1         3.2  3.5 2.6 1.8 0.1 2.3 2.0 16.5 .441 .471  .350 .674 .505 .484   G    SR
103          Jamie Brandon  16.5 27 1993-94   Louisiana State 27 26 32.3  5.6 12.0  4.6  8.9 1.0  3.1 4.3         6.0  5.7 2.0 1.4 0.1 2.6 2.7 16.5 .466 .519  .313 .722 .555 .506   F    SR
104           Stacey Poole  16.4 27 1992-93           Florida 27 26 31.3  7.1 16.0  7.1 15.9 0.0  0.1 2.2         3.5  6.4 2.0 0.8 0.6 2.4 2.7 16.4 .444 .448  .000 .638 .466 .444   F    SR
105           Keith Carter  16.4 33 1998-99          Ole Miss 33 33 34.0  5.5 12.3  3.2  5.7 2.3  6.7 3.1         4.2  4.6 2.0 1.5 0.2 1.8 1.7 16.4 .447 .561  .350 .732 .573 .542   G    SR
106          Reggie Hanson  16.4 28 1989-90          Kentucky 28 28 31.0  5.9 11.9  4.6  8.4 1.3  3.4 3.4         4.5  7.1 1.6 2.2 1.4 2.3 4.0 16.4 .497 .551  .365 .740 .585 .550   F    JR
107            Mo Williams  16.4 29 2002-03           Alabama 29 29 35.8  5.5 12.8  3.6  6.6 2.0  6.2 3.4 4.0 1.0 2.9  3.9 3.9 1.2 0.2 3.0 2.1 16.4 .431 .539  .317 .838 .557 .508   G    SO
108           Frank Seckar  16.3 32 1995-96        Vanderbilt    32 37.6  5.3 12.7  2.1  4.2 3.2  8.5 2.5         3.4  2.8 5.5 2.0         0.1 16.3 .418 .496  .379 .741 .571 .544   G    SR
109          Darryl Wilson  16.2 29 1993-94 Mississippi State 29 11 27.6  4.6 10.8  2.3  4.6 2.3  6.2 4.8         5.9  3.4 2.5 1.6 0.1 2.2 2.5 16.2 .424 .496  .370 .807 .596 .530   G    SO
110       Ronald Dupree Jr  16.2 34 2001-02   Louisiana State 34 34 35.4  6.5 14.3  5.6 11.1 0.9  3.2 2.4 4.3 2.8 5.8  8.5 2.1 1.0 0.6 3.1 3.4 16.2 .452 .499  .287 .559 .497 .484   F    JR
111           Gerald Fitch  16.2 29 2003-04          Kentucky 29 23 29.8  5.1 11.8  2.4  5.0 2.7  6.8 3.3 4.3 0.8 3.3  4.1 1.4 1.3 0.1 1.7 1.8 16.2 .431 .473  .401 .760 .584 .547   G    SR
112         Stromile Swift  16.2 34 1999-00   Louisiana State 34 33 29.8  6.1 10.1  5.9  9.3 0.2  0.7 3.7 6.1 3.0 5.2  8.2 0.9 1.5 2.8 2.4 2.6 16.2 .608 .634  .280 .617 .625 .618   F    SO
113           Mario Austin  16.1 35 2001-02 Mississippi State 35 35 30.0  6.0 10.7  5.9 10.6 0.0  0.1 4.2 6.3 2.5 5.1  7.6 1.3 0.6 0.7 2.1 2.3 16.1 .557 .562  .200 .658 .588 .559   F    SO
114        Eric Washington  16.1 30 1996-97           Alabama 30 29 31.5  5.6 13.0  3.1  6.3 2.5  6.6 2.5         3.2  6.3 1.2 1.5 0.8 1.9 2.4 16.1 .429 .484  .377 .773 .556 .526   F    SR
115         Brian Williams  16.1 31 1997-98           Alabama 31 31 34.1  5.3 14.6  2.5  6.6 2.7  8.0 2.8         3.5  4.2 2.5 1.1 0.1 2.9 2.4 16.1 .359 .379  .343 .815 .494 .453   G    JR
116        Horatio Webster  16.1 29 1996-97 Mississippi State 29 29 33.9  6.2 13.1  6.1 12.8 0.1  0.3 3.6         5.6  7.3 0.9 0.7 0.1 3.3 2.4 16.1 .470 .474  .300 .652 .509 .474   F    JR
117       Derrick Dennison  16.0 30 1989-90            Auburn    30 29.2  6.1 13.1  5.2 10.4 0.9  2.6 3.0         3.9  4.4 2.4 2.1         0.4 16.0 .464 .495  .342 .761 .536 .499   F    SR
118            Joe Johnson  16.0 23 1999-00          Arkansas 23 14 31.8  6.1 13.1  4.9  9.8 1.2  3.3 2.6 3.4 1.8 3.9  5.7 2.2 2.0 0.5 2.7 1.9 16.0 .464 .496  .368 .759 .542 .510   F    FR
119            Larry Davis  16.0 32 1996-97    South Carolina 32 31 32.3  5.0 10.9  2.7  4.8 2.3  6.1 3.7         4.6  4.1 2.2 1.8 0.4 1.7 2.1 16.0 .456 .552  .379 .804 .609 .562   G    SR
120          Udonis Haslem  16.0 31 2001-02           Florida 31 31 28.3  5.1  9.1  5.1  9.1 0.0  0.0 5.7 8.2 2.7 5.5  8.3 1.6 0.9 1.3 2.4 3.1 16.0 .562 .564  .000 .694 .612 .562   C    SR
121           Chris Porter  16.0 30 1998-99            Auburn 30 28 28.7  6.0 12.7  5.7 12.0 0.3  0.7 3.8         6.0  8.6 1.1 2.1 0.4 2.4 2.5 16.0 .470 .476  .364 .631 .514 .480   F    JR
122       Ronnie Henderson  15.9 27 1993-94   Louisiana State 27  8 25.1  5.3 14.1  2.7  5.7 2.7  8.4 2.6         3.6  3.6 1.1 1.1 0.4 2.0 2.5 15.9 .378 .471  .316 .711 .502 .472   G    FR
123         Scotty Thurman  15.9 34 1993-94          Arkansas 34 34 29.0  5.9 12.6  3.4  6.8 2.5  5.8 1.5         2.1  4.5 3.0 1.4 0.3 1.5 1.4 15.9 .469 .502  .429 .732 .582 .568   F    SO
124        Earnest Shelton  15.8 31 2003-04           Alabama 31 29 33.1  4.7 11.1  2.2  4.0 2.5  7.1 3.9 4.8 1.1 2.7  3.8 1.9 1.2 0.0 2.1 2.1 15.8 .424 .556  .350 .824 .593 .536   G    JR
125           Robert Horry  15.8 35 1991-92           Alabama 35 35 33.9  5.6 11.9  4.4  8.5 1.2  3.4 3.4 4.7 2.5 6.0  8.5 2.5 1.5 3.5 2.9 2.9 15.8 .470 .519  .350 .727 .559 .520   F    SR
126            Emmett Hall  15.8 28 1993-94    South Carolina 28 25 32.4  5.8 11.6  5.5 10.1 0.3  1.5 4.0         5.3  8.8 2.0 1.5 1.1 2.6 3.3 15.8 .497 .546  .167 .757 .559 .508   F    SR
127          Jo Jo English  15.8 27 1991-92    South Carolina 27 25 33.0  5.9 13.7  4.2  8.7 1.7  5.0 2.3         3.7  3.6 1.9 1.5         0.3 15.8 .430 .481  .341 .620 .510 .492   G    SR
128             Katu Davis  15.8 31 1995-96           Georgia 31 31 28.9  5.7 11.7  3.7  6.5 2.0  5.3 2.4         3.2  4.5 3.9 2.3 0.2 2.3 2.4 15.8 .484 .567  .380 .765 .596 .569   G    SR
129             Matt Walsh  15.8 31 2003-04           Florida 31 31 33.1  4.9 11.0  2.9  5.2 2.0  5.9 3.9 4.8 0.6 4.3  4.8 2.8 1.5 0.3 3.0 2.4 15.8 .444 .556  .346 .824 .593 .537   F    SO
130       Ronald Dupree Jr  15.8 32 2002-03   Louisiana State 32 32 33.2  6.2 11.8  5.8 10.6 0.4  1.2 2.9 4.3 2.4 5.4  7.8 2.4 0.7 0.3 2.0 2.5 15.8 .529 .549  .351 .679 .571 .547   F    SR
131        Marquis Daniels  15.7 32 2000-01            Auburn 32 31 30.4  6.4 12.3  6.1 10.8 0.3  1.5 2.5 3.9 2.9 4.1  7.0 1.6 2.2 0.7 2.4 3.3 15.7 .522 .562  .229 .645 .554 .535   G    SO
132              Dan Cross  15.7 37 1993-94           Florida 37 37 32.1  4.8 10.0  3.4  6.7 1.5  3.4 4.5         5.5  3.9 3.9 2.1 0.2 2.9 2.4 15.7 .482 .502  .444 .828 .621 .557   G    JR
133           Keith Bogans  15.7 36 2002-03          Kentucky 36 35 29.7  5.4 11.8  3.2  6.0 2.2  5.8 2.7 3.6 1.1 2.7  3.8 2.7 1.2 0.1 2.2 1.7 15.7 .456 .528  .383 .738 .579 .551   G    SR
134         Melvin Cheatum  15.7 35 1989-90           Alabama 35 35 31.6  6.1 11.9  6.1 11.7 0.0  0.2 3.4 4.5 2.8 3.9  6.7 0.8 0.7 0.6 2.1 2.5 15.7 .518 .527  .000 .752 .560 .518   F    JR
135            Matt Bonner  15.6 31 2001-02           Florida 31 31 28.3  5.9 11.5  4.4  7.5 1.5  4.0 2.4 3.0 2.5 4.8  7.2 1.5 0.7 0.7 1.6 1.9 15.6 .513 .589  .371 .796 .606 .577   F    JR
136            Scott Draud  15.6 35 1989-90        Vanderbilt 35 35 25.9  5.1 11.9  2.5  5.9 2.6  5.9 2.9         3.3  2.0 1.4 1.0         0.1 15.6 .429 .425  .433 .870 .581 .537   G    JR
137          Aaron Swinson  15.6 27 1992-93            Auburn 27 27 32.8  6.8 11.3  6.8 11.3 0.0  0.0 2.0         3.4  7.7 1.0 0.8 0.1 2.4 2.1 15.6 .600 .602  .000 .591 .603 .600   F    JR
138         Ronnie McMahan  15.5 32 1993-94        Vanderbilt 32 29 32.8  5.2 11.8  2.4  4.7 2.7  7.1 2.5         2.9  3.3 3.4 1.6 0.5 1.5 2.1 15.5 .437 .520  .382 .860 .589 .552   F    JR
139           Mario Austin  15.5 25 2002-03 Mississippi State 25 24 32.9  6.0 11.2  5.8 10.7 0.2  0.5 3.4 5.1 2.6 5.0  7.7 1.2 1.1 0.7 2.4 2.0 15.5 .534 .539  .417 .664 .571 .543   F    JR
140        Adam Harrington  15.5 31 2000-01            Auburn 31 21 29.9  5.2 12.7  2.9  5.9 2.3  6.8 2.8 3.9 1.3 3.0  4.3 2.4 1.1 0.2 2.3 3.1 15.5 .410 .489  .341 .713 .533 .501   G    SO
141          Pax Whitehead  15.5 31 1996-97        Vanderbilt 31 30 32.7  5.0 12.5  2.9  6.5 2.2  6.0 3.3         5.0  6.2 2.2 2.1 0.2 2.5 2.8 15.5 .401 .438  .360 .658 .520 .487   F    SR
142           Schea Cotton  15.5 27 1999-00           Alabama 27 20 27.7  5.0 11.7  4.5  9.7 0.5  2.0 4.9 6.8 1.7 2.8  4.5 1.6 0.9 0.2 3.4 2.2 15.5 .429 .466  .255 .717 .517 .451   G    SO
143         Scotty Thurman  15.4 37 1994-95          Arkansas 37 37 32.1  5.6 12.2  2.8  5.7 2.8  6.5 1.5         2.0  3.9 2.3 1.4 0.1 2.0 2.0 15.4 .458 .493  .427 .781 .589 .571   F    JR
144             B.J. McKie  15.4 31 1995-96    South Carolina    31 32.3  4.7 10.2  3.4  6.2 1.4  4.0 4.5         6.0  3.1 2.8 1.2         0.1 15.4 .467 .542  .350 .762 .593 .535   G    FR
145          Wesley Person  15.4 26 1990-91            Auburn    26 33.0  5.9 12.5  4.3  8.0 1.6  4.5 2.0         2.6  5.7 1.8 1.3 1.2 1.9 1.9 15.4 .471 .536  .356 .765 .560 .535   G    FR
146            Greg Carter  15.4 29 1990-91 Mississippi State 29 29 32.5  5.9 10.4  5.5  9.1 0.3  1.2 3.3         4.2  7.8 2.0 1.2     0.3 3.4 15.4 .565 .604  .278 .793 .622 .581   F    SR
147           Orien Watson  15.4 29 1992-93 Mississippi State 29 27 33.2  5.6 12.2  4.1  8.7 1.5  3.5 2.8         3.6  2.1 2.3 0.9 0.0 2.2 2.3 15.4 .456 .470  .422 .779 .554 .517   G    SR
148            Justin Reed  15.4 28 2002-03          Ole Miss 28 26 29.5  5.7 11.6  5.0 10.0 0.7  1.7 3.3 4.5 1.7 3.6  5.3 1.1 1.3 1.0 2.3 3.4 15.4 .488 .498  .426 .730 .557 .518   F    JR
149           Brett Nelson  15.3 31 2000-01           Florida 31 28 31.2  5.2 11.5  2.6  5.8 2.6  5.8 2.3 2.9 0.5 2.2  2.7 4.3 1.9 0.4 2.6 2.6 15.3 .450 .447  .453 .800 .593 .563   G    SO
150          Geert Hammink  15.3 32 1992-93   Louisiana State 32 30 30.3  5.9 11.9  5.9 11.9 0.0  0.1 3.4         4.6 10.2 1.9 0.9 0.9 3.0 2.8 15.3 .497 .500  .000 .730 .539 .497   C    SR
151        Lee Mayberry Jr  15.2 34 1991-92          Arkansas 34 34 34.3  5.3 10.8  3.5  6.1 1.9  4.8 2.7         3.7  2.3 5.9 2.2 0.4 1.6 1.7 15.2 .492 .573  .389 .744 .606 .577   G    SR
152        Brandon Wharton  15.2 29 1997-98         Tennessee 29 28 33.7  4.9 12.6  2.8  7.5 2.2  5.1 3.2         4.4  3.7 3.0 1.4 0.2 2.1 2.3 15.2 .392 .367  .429 .724 .518 .478   G    JR
153            Scott Draud  15.2 30 1990-91        Vanderbilt 30 30 25.6  4.9 11.0  1.5  3.5 3.4  7.5 2.1         2.4  1.8 1.1 0.7 0.0 1.1 1.2 15.2 .441 .425  .449 .875 .624 .594   G    SR
154         Antoine Walker  15.2 36 1995-96          Kentucky 36 35 27.0  6.3 13.7  6.1 12.3 0.3  1.3 2.3         3.6  8.4 2.9 1.7 0.7 2.5 2.4 15.2 .463 .493  .188 .631 .494 .473   F    SO
155            Matt Bonner  15.2 33 2002-03           Florida 33 33 31.4  5.5 10.8  3.6  6.8 1.9  4.0 2.2 3.1 2.1 4.0  6.1 1.5 1.1 0.6 1.6 2.1 15.2 .510 .531  .474 .733 .619 .598   F    SR
156           Erwin Dudley  15.2 35 2001-02           Alabama 35 35 31.2  5.9 10.6  5.9 10.6 0.0  0.0 3.3 4.9 3.5 5.5  8.9 1.2 0.8 0.7 2.1 2.6 15.2 .556 .555 1.000 .678 .586 .558   F    JR
157       Vernel Singleton  15.2 30 1990-91   Louisiana State    30 30.1  5.3 10.2  5.3 10.0 0.0  0.2 4.6         6.3  5.9 1.6 1.4         0.4 15.2 .518 .528  .000 .729 .574 .518   F    JR
158            Matt Freije  15.1 32 2001-02        Vanderbilt 32 32 29.3  5.3 11.5  4.3  8.4 1.0  3.0 3.4 4.4 1.4 3.8  5.1 1.1 0.8 0.3 1.7 2.7 15.1 .466 .511  .340 .768 .557 .511   F    SO
159           Dwayne Davis  15.1 28 1990-91           Florida 28  1 28.8  5.9  9.6  5.9  9.6 0.0  0.0 3.3         5.4  7.4 0.7 2.3     1.2 2.8 15.1 .619       .619 .599 .622 .619   C    SR
160          David Johnson  15.1 27 1993-94          Ole Miss 27 27 28.1  5.4 12.5  5.2 11.1 0.3  1.4 3.9         5.4  4.2 1.9 1.7 0.3 2.9 3.2 15.1 .435 .465  .189 .721 .499 .445   G    JR
161          Duane Spencer  15.1 30 1996-97   Louisiana State 30 29 33.1  5.3 10.8  4.6  9.4 0.7  1.4 3.9         5.2  7.7 1.3 0.9 0.5 2.9 3.5 15.1 .488 .488  .488 .748 .568 .519   F    SR
162           Timmy Bowers  15.0 30 2003-04 Mississippi State 30 30 35.3  5.2 12.9  2.8  6.1 2.4  6.7 2.2 3.0 1.0 2.9  4.0 4.8 1.9 0.5 3.3 1.4 15.0 .404 .462  .351 .742 .524 .496   G    SR
163             Ed Gray Jr  15.0 27 1993-94         Tennessee 27 27 31.4  5.5 15.0  3.7  8.5 1.8  6.5 2.1         3.0  3.6 1.8 1.5 0.2 1.7 2.9 15.0 .368 .437  .278 .704 .455 .428   G    FR
164            Steve Hamer  15.0 25 1994-95         Tennessee 25 24 30.9  5.5 10.4  5.5 10.4 0.0  0.0 3.9         6.1  8.8 0.6 0.2 1.4 2.6 2.6 15.0 .529       .529 .641 .560 .529   C    JR
165       Shandon Anderson  14.9 31 1995-96           Georgia 31 31 28.3  5.7 10.5  5.2  8.9 0.5  1.7 3.0         4.6  5.5 2.7 1.8 0.5 2.5 2.4 14.9 .538 .582  .308 .657 .585 .563   F    SR
166            Pat Bradley  14.8 33 1997-98          Arkansas 33 31 29.4  4.9 12.8  2.1  5.4 2.8  7.3 2.2         2.5  2.7 1.7 1.5 0.0 1.9 2.4 14.8 .382 .380  .384 .902 .532 .493   G    JR
167      Vincent Yarbrough  14.8 33 1999-00         Tennessee 33 33 30.6  5.2 11.2  3.6  6.7 1.6  4.5 2.8 3.8 2.4 4.5  6.9 2.5 1.7 1.0 2.1 1.8 14.8 .467 .541  .358 .736 .572 .539   F    SO
168            Craig Brown  14.8 37 1993-94           Florida 37 37 33.6  5.2 11.3  2.8  5.7 2.4  5.6 2.1         2.5  4.9 3.2 1.5 0.1 2.2 1.9 14.8 .458 .483  .432 .828 .594 .565   G    SR
169             Ansu Sesay  14.8 29 1996-97          Ole Miss 29 29 34.0  5.2 11.3  4.7  9.5 0.5  1.9 3.9         5.2  7.9 2.4 0.9 1.2 2.5 2.6 14.8 .456 .491  .278 .750 .535 .479   F    JR
170          Brandon Crump  14.8 29 2003-04         Tennessee 29 29 31.3  5.4  9.6  5.2  8.8 0.3  0.9 3.6 5.3 2.6 4.3  6.8 1.2 0.8 1.3 2.1 2.5 14.8 .566 .591  .320 .677 .608 .581   F    JR
171           Erwin Dudley  14.8 29 2002-03           Alabama 29 29 34.0  5.6 10.8  5.6 10.7 0.0  0.1 3.6 5.0 3.6 6.0  9.5 1.1 0.4 0.9 2.1 2.6 14.8 .518 .519  .333 .717 .562 .519   F    SR
172               Ron Slay  14.8 14 2001-02         Tennessee 14 11 24.4  5.0 10.2  4.2  7.9 0.8  2.3 4.0 5.3 2.3 4.2  6.5 2.1 0.3 0.0 3.0 2.7 14.8 .490 .532  .344 .757 .581 .528   F    JR
173           Keith Carter  14.8 29 1997-98          Ole Miss 29 29 31.0  5.0 10.1  3.0  4.8 2.0  5.4 2.8         3.7  6.2 1.8 1.4 0.5 2.1 2.8 14.8 .490 .623  .372 .766 .621 .588   G    JR
174          Anthony Evans  14.7 30 1999-00           Georgia 30 30 31.0  5.8 10.0  5.8 10.0 0.0  0.0 3.1 5.0 3.8 4.9  8.7 1.4 0.8 0.4 2.5 2.7 14.7 .582       .582 .631 .598 .582   F    JR
175          Jumaine Jones  14.7 35 1997-98           Georgia 35 34 29.5  5.4 11.9  4.1  8.3 1.3  3.5 2.7         3.5  8.5 0.9 0.9 0.5 1.9 2.2 14.7 .453 .495  .355 .785 .545 .506   F    FR
176           Jamie Watson  14.7 27 1992-93    South Carolina 27 25 33.7  5.9 12.8  5.6 11.0 0.3  1.8 2.6         4.0  5.0 2.7 1.5 0.9 3.0 2.4 14.7 .461 .507  .184 .642 .500 .474   F    JR
177           Dontae Jones  14.7 33 1995-96 Mississippi State 33 32 30.5  6.0 12.7  5.3 10.2 0.7  2.5 1.9         2.6  6.8 1.9 1.1 0.9 2.2 2.8 14.7 .474 .516  .296 .744 .527 .502   F    JR
178          Carlus Groves  14.7 26 1991-92         Tennessee 26  9 25.2  5.8 10.7  5.7 10.3 0.1  0.3 3.0         5.4  4.8 0.7 0.9 0.5 2.0 3.3 14.7 .540 .546  .333 .557 .553 .545   F    JR
179           Brett Nelson  14.6 31 2001-02           Florida 31 29 30.9  5.0 12.7  1.8  4.7 3.2  8.0 1.5 1.8 0.5 1.8  2.3 3.3 1.9 0.5 2.4 2.7 14.6 .392 .386  .395 .842 .540 .517   G    JR
180           Timmy Bowers  14.6 31 2002-03 Mississippi State 31 31 34.0  5.2 11.2  3.0  5.7 2.3  5.5 1.9 2.6 0.7 3.1  3.8 3.0 1.8 0.5 2.5 1.5 14.6 .468 .523  .412 .750 .591 .569   G    JR
181         Rodrick Rhodes  14.6 33 1993-94          Kentucky 33 29 25.7  4.3  9.9  3.3  6.3 1.0  3.5 5.1 6.5 1.3 2.8  4.1 2.8 2.3 0.5 2.2 3.2 14.6 .436 .526  .274 .777 .564 .485   F    SO
182        Clarence Ceasar  14.6 27 1993-94   Louisiana State 27 24 31.1  5.6 12.7  3.9  7.9 1.7  4.9 1.6         2.7  6.3 1.8 3.0 0.4 2.9 3.7 14.6 .443 .495  .359 .603 .523 .512   F    JR
183           Chris Porter  14.6 26 1999-00            Auburn 26 26 29.0  5.4 11.7  5.3 11.0 0.2  0.7 3.6 5.3 3.6 3.7  7.3 1.2 2.0 0.3 2.1 2.7 14.6 .464 .477  .235 .676 .513 .470   F    SR
184            Justin Reed  14.6 31 2001-02          Ole Miss 31 29 28.1  5.4 11.2  5.1 10.3 0.3  0.9 3.6 4.5 2.5 4.1  6.6 1.1 0.8 0.5 2.1 3.3 14.6 .480 .498  .276 .787 .546 .491   F    SO
185     Corliss Williamson  14.6 18 1992-93          Arkansas 18  7 25.2  5.6  9.8  5.6  9.8 0.0  0.0 3.4         5.4  5.1 1.7 0.4 1.2 2.2 2.5 14.6 .574       .574 .622 .591 .574   F    FR
186            Tony Harris  14.6 33 1999-00         Tennessee 33 33 30.2  4.5 11.1  2.3  5.2 2.2  5.8 3.3 4.5 0.4 1.8  2.2 4.1 1.4 0.0 2.6 2.4 14.6 .408 .442  .378 .743 .552 .508   G    JR
187           Erik Daniels  14.5 32 2003-04          Kentucky 32 32 30.0  6.3 10.8  6.1 10.1 0.2  0.7 1.8 2.8 2.3 3.8  6.1 2.8 1.1 0.5 2.1 2.9 14.5 .581 .601  .304 .629 .599 .591   F    SR
188          Erick Dampier  14.5 34 1995-96 Mississippi State 34 34 32.7  5.7 10.4  5.7 10.4 0.0  0.0 3.1         5.0  9.3 2.3 0.5 3.1 2.7 2.5 14.5 .551       .551 .612 .568 .551   C    JR
189           Jason Caffey  14.5 29 1992-93           Alabama 29 29 29.2  5.8 11.2  5.7 10.9 0.1  0.4 2.8 4.5 3.7 5.0  8.7 1.3 0.9 0.7 3.2 2.9 14.5 .518 .527  .273 .615 .543 .523   F    SO
190          John Pelphrey  14.4 28 1990-91          Kentucky 28 28 31.8  4.7 10.8  2.5  5.0 2.2  5.9 2.9         3.6  5.2 3.1 1.5 0.3 2.9 3.2 14.4 .432 .496  .378 .784 .575 .535   F    JR
191            Pat Bradley  14.4 32 1996-97          Arkansas 32 29 30.1  4.7 10.6  1.6  3.4 3.1  7.2 2.0         2.2  2.3 1.8 1.7 0.0 1.8 2.2 14.4 .442 .477  .426 .913 .620 .587   G    SO
192          Tang Hamilton  14.4 30 1999-00 Mississippi State 30 30 29.2  5.4 11.4  3.9  6.7 1.4  4.7 2.2 3.2 1.1 5.1  6.2 0.8 1.0 0.7 1.5 2.1 14.4 .471 .584  .307 .698 .557 .534   F    JR
193         Deron Feldhaus  14.4 28 1989-90          Kentucky 28 27 33.9  4.8  9.8  3.7  6.6 1.1  3.1 3.6         4.8  6.7 2.0 0.8 0.2 1.9 3.0 14.4 .495 .557  .364 .754 .599 .553   F    SO
194          Rashad Wright  14.4 29 2003-04           Georgia 29 29 37.1  4.6 10.9  2.3  5.1 2.3  5.8 2.8 4.1 0.4 2.5  2.9 3.0 1.8 0.4 2.2 1.8 14.4 .424 .456  .396 .683 .559 .530   G    SR
195         Maurice Carter  14.4 27 1997-98   Louisiana State 27 25 32.0  4.9 11.6  3.2  6.7 1.6  4.9 3.0         4.1  3.7 1.6 0.8 0.2 2.7 1.7 14.4 .419 .478  .336 .739 .530 .489   G    JR
196           Erwin Dudley  14.4 36 2000-01           Alabama 36 36 30.6  5.8 11.0  5.8 11.0 0.0  0.0 2.7 4.4 4.1 5.9 10.0 0.7 0.7 0.4 1.6 2.5 14.4 .529       .529 .606 .547 .529   F    SO
197          Reggie Hanson  14.4 28 1990-91          Kentucky 28 28 29.4  5.1  9.8  4.5  8.1 0.5  1.7 3.7         5.2  7.2 1.6 1.5 1.9 2.4 3.2 14.4 .518 .559  .319 .710 .586 .546   F    SR
198       Vernel Singleton  14.3 31 1991-92   Louisiana State    31 32.2  5.2  9.0  5.2  8.9 0.0  0.1 3.8         5.3  6.6 1.8 1.0         0.4 14.3 .581 .581  .500 .721 .621 .582   F    SR
199          Aaron Swinson  14.3 27 1991-92            Auburn 27 26 28.7  5.8  9.9  5.8  9.9 0.0  0.0 2.7         4.7  7.5 1.0 1.1     0.5 2.7 14.3 .588 .590  .000 .567 .590 .588   F    SO
200           Marcus Hicks  14.3 33 1999-00          Ole Miss 33 30 27.8  5.5 11.0  5.1  9.8 0.4  1.2 3.0         4.7  5.9 1.8 1.1 0.8 2.9 3.0 14.3 .496 .519  .308 .643 .540 .512   F    SR
[/code]

Provided by [url=https://www.sports-reference.com/sharing.html?utm_source=direct&utm_medium=Share&utm_campaign=ShareTool]Stathead[/url]: [url=https://www.sports-reference.com/stathead/basketball/cbb/player-season-finder.cgi?utm_source=direct&utm_medium=Share&utm_campaign=ShareTool]Found with Stathead. See Full Results.[/url]
Generated 6/11/2026.