[code]                                                                                                                                                                                             
                                                                                                                                                                                         Per 
Rk               Player PTS/G  G  Season                  Team  G GS   MP   FG  FGA  2P  2PA  3P  3PA  FT  FTA ORB DRB  TRB AST STL BLK TOV  PF  PTS  FG%  2P%   3P%  FT%  TS% eFG% Pos Class
1          Jason Conley  29.3 28 2001-02                   VMI 28 27 34.3 10.2 21.8 7.4 13.3 2.8  8.5 6.1  7.5 2.9 5.1  8.0 2.4 2.9 0.4 3.7 1.9 29.3 .467 .552  .333 .818 .578 .532   G    FR
2             John Taft  27.3 28 1990-91              Marshall 28 28 38.0  9.1 19.3 6.2 12.2 2.9  7.0 6.1          8.8  6.9 3.0 1.4 0.0 2.6 1.6 27.3 .475 .509  .416 .691 .582 .551   G    SR
3          Frankie King  26.9 28 1993-94      Western Carolina 28 28 38.1  9.2 18.8 8.2 15.4 1.0  3.4 7.4 10.0 3.5 4.1  7.5 2.1 2.2 0.4 3.9 2.5 26.9 .490 .531  .302 .737 .569 .517   G    JR
4          Frankie King  26.5 28 1994-95      Western Carolina 28 28 37.0  8.9 18.6 7.0 13.8 1.9  4.8 6.9  8.3 2.8 4.5  7.3 3.4 1.5 0.5 4.0 2.6 26.5 .479 .510  .388 .832 .589 .529   G    SR
5      Anquell McCollum  25.0 30 1995-96      Western Carolina 30      30  8.6 18.9 5.3 10.8 3.3  8.0 4.6  5.5 1.0 4.3  5.3 3.1 1.5 0.3     2.9 25.0 .454 .486  .411 .831 .582 .542   G    SR
6       Kevin Martin Jr  24.9 27 2003-04      Western Carolina 27 27 31.2  7.7 16.3 5.8 10.6 1.9  5.6 7.6  9.3 0.9 3.9  4.8 1.7 1.9 0.3 3.1 1.9 24.9 .474 .547  .336 .817 .602 .532   G    JR
7            Billy Ross  24.4 28 1992-93     Appalachian State 28 28 33.6  8.3 19.1 5.0 10.9 3.3  8.2 4.5          6.1  5.8 1.4 0.9 0.2 3.3 3.4 24.4 .433 .454  .404 .741 .554 .520   F    SR
8            Terry Boyd  23.7 28 1990-91      Western Carolina 28 28 33.8  8.0 17.2 5.7 11.1 2.3  6.1 5.3  6.3 2.7 4.2  6.9 3.2 2.0 0.3 3.1 2.7 23.7 .467 .516  .378 .842 .586 .534   G    JR
9             John Taft  23.4 25 1989-90              Marshall 25 21 33.7  8.2 18.3 6.1 12.6 2.0  5.7 5.0          6.8  6.3 2.6 1.3 0.0 2.4 1.9 23.4 .445 .484  .359 .731 .542 .501   G    JR
10           Terry Boyd  22.8 23 1991-92      Western Carolina 23 23 33.0  7.4 16.3 4.1  8.2 3.3  8.1 4.6  5.6 1.7 4.1  5.8 3.2 1.3 0.7 3.5 2.4 22.8 .457 .500  .414 .828 .604 .560   G    SR
11      Kevin Martin Jr  22.8 24 2002-03      Western Carolina 24 22 31.6  6.7 15.8 4.6  9.2 2.1  6.7 7.3  8.2 1.0 2.8  3.8 1.8 1.4 0.5 3.1 2.5 22.8 .424 .505  .313 .883 .576 .489   G    SO
12      Tyrone Phillips  22.3 26 1992-93              Marshall 26 24 30.5  8.8 16.1 8.8 16.0 0.0  0.2 4.8          6.9  5.9 1.2 2.5 1.0 1.8 3.4 22.3 .544 .549  .000 .694 .576 .544   F    SR
13         Jason Conley  22.2 10 2002-03                   VMI 10  9 33.9  8.1 17.7 6.5 11.6 1.6  6.1 4.4  6.0 2.4 4.9  7.3 1.5 1.7 0.2 2.9 1.9 22.2 .458 .560  .262 .733 .540 .503   G    SO
14      Kevin Martin Jr  22.1 28 2001-02      Western Carolina 28 28 32.6  7.0 14.5 4.4  7.6 2.6  6.8 5.5  6.6 1.0 3.8  4.8 1.5 1.8 0.4 2.6 2.0 22.1 .484 .575  .382 .828 .627 .574   G    FR
15       Julius Jenkins  21.6 27 2002-03      Georgia Southern 27 26 35.0  7.9 17.4 5.1 10.8 2.7  6.6 3.1  4.3 1.8 3.1  4.9 3.4 1.1 0.2 2.4 2.1 21.6 .454 .476  .418 .718 .557 .533   G    SR
16         John Brannen  20.9 29 1996-97              Marshall    29 37.0  7.2 15.1 4.8  8.8 2.4  6.3 4.1          5.1  5.0 1.6 0.8         0.2 20.9 .474 .545  .375 .816 .595 .552   F    SR
17       Patrick Elmore  20.8 25 1989-90           The Citadel         25  8.4 16.2 7.4 14.0 1.0  2.2 3.1          5.0  9.1 1.6 1.3         0.7 20.8 .516 .530  .429 .629 .560 .546   F    SR
18       Damon Williams  20.7 28 1989-90                   VMI         28  7.8 15.6 5.6 10.9 2.1  4.7 3.1          3.9  2.9 2.5 1.4         0.0 20.7 .498 .518  .450 .789 .594 .565   G    SR
19           Shawn Hall  20.5 28 2002-03     Appalachian State 28 28 31.3  6.8 18.6 3.1  7.6 3.7 11.0 3.3  4.0 0.6 2.4  3.0 2.5 1.1 0.2 3.3 0.9 20.5 .363 .406  .333 .821 .499 .462   G    SR
20         Ian Chadwick  20.4 25 2000-01               Wofford 25 25 33.9  6.4 15.3 3.5  6.4 2.9  8.8 4.6  5.9 0.6 2.6  3.2 2.0 1.2 0.1 2.0 1.8 20.4 .419 .540  .330 .784 .563 .514   G    SR
21        Robert Gaines  20.3 26 1992-93      Western Carolina 26 23 33.8  7.7 16.1 5.3  9.3 2.4  6.8 2.7  3.7 2.3 3.6  5.9 1.9 1.2 0.6 2.3 2.6 20.3 .475 .568  .348 .719 .569 .549   F    SR
22      Junior Braswell  20.3 28 1996-97     Appalachian State 28 28 35.5  6.9 14.9 4.1  8.3 2.8  6.6 3.7          4.5  3.6 4.2 1.8 0.4 3.0 2.0 20.3 .463 .494  .424 .817 .595 .556   G    SR
23        Derrick Kirce  20.1 28 1989-90           Chattanooga 28 28 32.6  7.6 16.1 6.9 13.7 0.7  2.4 4.3          6.2  7.6 1.4 1.6 0.4 2.9 3.0 20.1 .470 .501  .294 .690 .528 .492   F    JR
24        Chad Copeland  20.1 30 1993-94           Chattanooga 30 28 34.1  5.3 13.5 2.6  6.4 2.7  7.1 6.9  7.7 0.8 2.0  2.8 3.5 1.6 0.1 2.0 2.2 20.1 .394 .411  .377 .896 .588 .493   G    SR
25       Keith Jennings  20.1 33 1990-91  East Tennessee State 33 33 33.8  6.7 11.2 4.2  6.9 2.5  4.3 4.1          4.6  3.9 9.1 3.3 0.1 3.5 1.8 20.1 .596 .598  .592 .895 .747 .709   G    SR
26         Keith Nelson  20.0 29 1990-91           Chattanooga 29 29 30.7  7.1 13.3 7.1 13.2 0.0  0.1 5.8  9.1 3.2 5.9  9.1 0.7 1.2 1.2 2.9 2.5 20.0 .535 .538  .000 .639 .569 .535   F    JR
27          Shawn Moore  19.9 27 1994-95              Marshall 27 27 32.2  7.1 15.3 5.6  9.7 1.4  5.6 4.3          5.4  6.9 2.5 1.9 0.9 4.1 2.5 19.9 .462 .578  .260 .782 .555 .510   F    SR
28          Keith Veney  19.8 29 1996-97              Marshall    29 35.8  6.6 15.8 2.1  4.8 4.5 11.0 2.2          3.2  3.2 1.7 0.9         0.0 19.8 .417 .442  .406 .677 .573 .559   G    SR
29        Robert Gaines  19.8 28 1991-92      Western Carolina 28 28 31.7  7.2 14.4 5.3  9.5 1.9  4.9 3.5  4.4 1.7 3.3  5.0 1.0 1.7 0.5 2.1 2.8 19.8 .501 .558  .390 .789 .600 .567   F    JR
30          Greg Dennis  19.7 34 1989-90  East Tennessee State    34 30.9  7.4 14.9 6.3 12.3 1.0  2.6 3.9          4.9  6.5 1.5 0.4         1.6 19.7 .494 .516  .393 .812 .572 .529   C    JR
31          Keith Veney  19.6 28 1995-96              Marshall 28 19 28.1  6.0 13.6 2.1  4.9 4.0  8.7 3.6          4.8  2.3 1.5 1.1 0.1 2.5 2.6 19.6 .444 .423  .455 .754 .618 .589   G    JR
32         Karim Souchu  19.5 31 2002-03                Furman 31 23 31.1  7.2 14.1 5.4  8.8 1.8  5.3 3.3  4.7 1.8 2.6  4.5 1.5 1.3 0.5 2.2 1.7 19.5 .509 .609  .341 .699 .595 .573   F    SR
33        Jonathan Penn  19.3 28 1991-92                   VMI 28 28 33.9  6.4 14.8 4.5 10.0 1.9  4.7 4.6          5.9  3.1 2.4 0.5 0.0 2.6 1.3 19.3 .433 .452  .394 .777 .548 .496   F    JR
34           Jason Bell  18.9 26 1998-99                   VMI    26 30.0  6.9 14.7 5.7 11.6 1.2  3.1 3.9          5.3  3.2 1.9 3.0         0.1 18.9 .467 .487  .395 .734 .548 .509   G    SR
35         Karim Souchu  18.9 26 2000-01                Furman 26 25 35.0  7.3 16.0 5.5 10.4 1.8  5.5 2.5  4.2 1.8 3.5  5.3 1.5 1.7 0.4 2.1 1.9 18.9 .458 .531  .319 .591 .525 .513   F    SO
36        Derrick Kirce  18.9 29 1990-91           Chattanooga 29 28 32.9  6.8 15.0 6.0 12.6 0.8  2.4 4.5  5.9 2.3 4.4  6.8 2.5 1.2 0.7 3.8 3.1 18.9 .453 .478  .319 .771 .530 .478   F    SR
37       Ramon Williams  18.6 29 1989-90                   VMI         29  6.8 14.4 4.2  8.3 2.6  6.1 2.4          2.9  3.0 2.1 1.4         0.0 18.6 .472 .504  .429 .824 .590 .564   G    SR
38      Radee Skipworth  18.6 30 2002-03                   VMI 30 27 32.6  6.9 15.0 5.8 11.5 1.1  3.4 3.6  5.5 1.6 4.1  5.8 2.1 1.1 0.3 2.7 3.0 18.6 .463 .506  .320 .665 .530 .500   F    JR
39       Steve Spurlock  18.6 28 1990-91     Appalachian State 28 24 31.9  7.3 14.4 6.9 13.1 0.4  1.2 3.6          5.3  7.7 1.6 0.9 2.0 3.4 2.6 18.6 .507 .524  .324 .678 .550 .521   F    JR
40       Chad McClendon  18.4 29 1994-95     Appalachian State 29 29 31.7  7.1 12.9 7.1 12.8 0.0  0.1 4.2          5.4 10.1 2.1 1.3 1.0 2.7 3.2 18.4 .552 .555  .000 .776 .596 .552   F    SR
41        Johnny Taylor  18.2 27 1995-96           Chattanooga 27 25 29.6  6.7 13.1 5.3  9.4 1.4  3.8 3.3          4.6  7.1 1.8 0.8 0.7 2.9 3.1 18.2 .510 .561  .382 .732 .594 .565   F    JR
42     Brandon Williams  18.2 30 1995-96              Davidson    30 27.8  6.5 13.0 4.8  8.9 1.7  4.1 3.6          4.6  6.0 1.2 1.2         1.0 18.2 .496 .537  .407 .775 .597 .560   F    SR
43          Jeff Bolton  18.2 30 2001-02 College of Charleston 30 30 36.4  6.2 14.9 4.2  9.1 2.1  5.8 3.6  4.5 1.0 3.5  4.5 2.6 1.5 0.4 2.2 1.9 18.2 .419 .458  .358 .807 .534 .489   G    SR
44      Ashley Champion  18.1 30 2003-04           Chattanooga 30 30 31.9  6.2 11.2 5.2  8.3 1.1  2.9 4.6  6.1 2.2 4.9  7.0 2.3 1.0 0.0 2.8 2.7 18.1 .555 .620  .368 .750 .641 .602   F    SR
45      Brendan Winters  17.8 29 2003-04              Davidson 29 29 33.6  5.4 12.8 2.8  6.1 2.6  6.7 4.4  5.3 1.7 3.4  5.1 2.3 0.9 0.1 2.7 1.7 17.8 .422 .463  .385 .837 .581 .523   G    SO
46     Anquell McCollum  17.8 28 1994-95      Western Carolina 28 27 35.0  6.0 13.4 3.0  5.2 3.0  8.2 2.8  3.6 0.8 2.6  3.4 2.8 1.3 0.2 2.7 2.4 17.8 .448 .586  .361 .775 .588 .559   G    JR
47          Janko Narat  17.7 30 1993-94              Davidson         30  5.6 10.9 4.4  7.8 1.1  3.1 5.4          6.6  6.0 2.2 1.1         0.1 17.7 .512 .568  .370 .819 .631 .564   F    SR
48            Tim Smith  17.7 32 2003-04  East Tennessee State 32 31 35.7  6.4 15.3 5.4 11.8 1.0  3.5 3.8  5.1 1.2 3.3  4.4 4.5 2.6 0.1 4.0 1.6 17.7 .420 .456  .297 .753 .500 .454   G    SO
49     Dimeco Childress  17.5 28 2001-02  East Tennessee State 28 28 33.4  6.4 14.0 4.6  8.9 1.8  5.1 3.0  3.8 1.0 3.0  4.0 2.7 0.8 0.3 2.5 2.1 17.5 .455 .516  .350 .802 .556 .519   G    SR
50            Ted Mosay  17.5 28 1990-91           The Citadel 28 28 31.9  6.7 12.5 5.5  9.9 1.1  2.6 3.0  4.0 2.9 4.3  7.1 1.9 0.8 0.3 2.3 3.8 17.5 .536 .562  .438 .752 .610 .582   F    SR
51       Rodney English  17.5 31 1991-92  East Tennessee State 31 31 32.1  6.5 12.6 6.0 11.3 0.4  1.3 4.2          6.0  7.5 2.6 2.0 1.1 2.8 2.8 17.5 .513 .534  .325 .694 .567 .529   F    SR
52         Brent Conley  17.3 12 1996-97                   VMI    12 28.8  6.7 14.9 5.7 11.7 1.0  3.3 3.0          4.1  9.2 0.9 1.9         0.2 17.3 .447 .486  .308 .735 .514 .480   F    SO
53           Greg Fittz  17.3 28 1990-91                   VMI 28 28 33.1  7.3 15.4 6.3 12.4 0.9  3.0 1.9          2.7  6.8 0.9 0.6 0.7 2.3 2.6 17.3 .471 .510  .310 .697 .519 .501   F    SR
54         Brandon Born  17.3 29 1994-95           Chattanooga 29 29 33.5  5.6 11.3 4.0  7.3 1.6  4.0 4.7          5.3  6.4 2.3 2.1 0.5 2.2 3.2 17.3 .492 .547  .391 .871 .627 .561   F    SR
55          Shawn Moore  17.3 26 1993-94              Marshall 26 24 30.3  6.4 14.8 5.5 11.4 0.9  3.4 3.6          4.9  6.8 1.2 1.9 0.3 3.7 1.9 17.3 .434 .485  .261 .727 .505 .464   F    JR
56       Trazel Silvers  17.3 30 1993-94  East Tennessee State 30 29 30.8  6.8 14.4 6.1 11.1 0.8  3.3 2.8          4.7  6.3 2.3 2.6     0.4 3.1 17.3 .476 .548  .232 .599 .520 .502   F    SR
57        Greg Stephens  17.2 26 1997-98  East Tennessee State    26 33.4  5.4 11.7 4.2  8.4 1.2  3.3 5.2          6.8  4.6 5.1 1.7         0.1 17.2 .459 .495  .368 .763 .574 .511   G    JR
58        Chuck Vincent  17.2 29 1997-98                Furman 29 29 33.1  6.1 10.6 6.1 10.5 0.0  0.0 5.0  6.8 2.9 5.0  7.9 1.4 1.3 0.4 3.8 2.9 17.2 .575 .577  .000 .745 .624 .575   F    SR
59       Chad McClendon  17.1 27 1993-94     Appalachian State 27 27 32.6  6.4 11.9 6.4 11.8 0.0  0.1 4.4          6.2  8.9 1.2 1.4 0.9 2.1 3.2 17.1 .536 .539  .000 .702 .576 .536   F    JR
60       Charlton Young  17.1 28 1992-93      Georgia Southern 28 28 35.7  6.0 12.9 2.6  4.9 3.3  8.0 1.9          2.5  2.9 5.1 1.9 0.1 2.9 2.1 17.1 .463 .544  .413 .754 .608 .591   G    SR
61         Jarvis Hayes  17.1 28 1999-00      Western Carolina 28 26 28.0  6.4 15.0 4.4  9.7 1.9  5.3 2.5  3.2 1.6 3.8  5.4 1.0 1.6 0.5 1.7 2.6 17.1 .424 .458  .362 .767 .518 .488   F    FR
62         Jody Lumpkin  17.1 29 2000-01 College of Charleston 29 29 34.1  6.2 10.8 6.2 10.6 0.0  0.1 4.6  5.9 2.9 5.1  7.9 1.3 1.9 2.7 1.7 2.3 17.1 .580 .584  .250 .782 .631 .582   C    SR
63           Jay Joseph  17.0 28 2003-04        UNC Greensboro 28 27 33.0  5.9 14.0 3.3  6.8 2.6  7.2 2.6  3.1 1.2 3.1  4.3 1.4 1.2 0.3 2.1 2.1 17.0 .422 .479  .368 .839 .552 .517   G    SR
64       Bobby Phillips  16.9 27 1997-98      Western Carolina 27 27 33.4  6.1 13.3 5.9 12.4 0.3  0.9 4.4  5.6 2.7 4.1  6.9 1.1 1.2 0.2     2.6 16.9 .460 .470  .304 .789 .530 .469   F    SR
65      Tyrone Phillips  16.9 22 1991-92              Marshall 22 16 25.2  6.4 12.0 6.3 12.0 0.0  0.0 4.1          5.7  6.4 1.3 1.5 1.5 1.9 3.8 16.9 .530 .529 1.000 .722 .574 .532   F    JR
66        Sean Peterson  16.9 28 2001-02      Georgia Southern 28 28 34.4  6.5 14.4 5.3 10.2 1.3  4.2 2.6  3.8 0.8 2.9  3.7 6.6 1.9 0.2 3.3 2.3 16.9 .453 .516  .299 .695 .522 .496   G    SR
67         Ian Chadwick  16.8 27 1998-99               Wofford    27 33.4  5.3 12.7 2.4  5.9 2.9  6.7 3.3          4.0  4.0 2.2 1.1         0.1 16.8 .421 .413  .429 .807 .576 .535   G    SO
68         Brandon Born  16.8 30 1993-94           Chattanooga 30 29 31.3  5.5  9.6 3.3  5.1 2.2  4.5 3.5  4.0 1.4 4.0  5.4 1.4 1.4 0.5 1.8 3.0 16.8 .574 .643  .496 .875 .728 .690   F    JR
69         Ian Chadwick  16.8 30 1999-00               Wofford 30 30 31.2  5.3 14.4 2.4  6.0 2.9  8.4 3.3  4.1 0.7 2.6  3.3 1.5 0.8 0.1 1.7 1.9 16.8 .369 .400  .347 .803 .514 .470   G    JR
70       Julius Jenkins  16.7 28 2000-01      Georgia Southern 28 28 34.7  5.7 15.4 3.9  9.4 1.9  6.0 3.4  4.2 1.2 3.0  4.2 2.5 1.8 0.1 2.2 2.3 16.7 .370 .409  .310 .814 .479 .431   G    SO
71         Keith Nelson  16.7 28 1991-92           Chattanooga 28 28 28.9  5.8 11.5 5.8 11.5 0.0  0.0 5.1          7.4  9.3 0.9 1.5 0.5 3.0 2.7 16.7 .502 .503  .000 .688 .554 .502   F    SR
72       Calvin Talford  16.7 34 1989-90  East Tennessee State    34 30.9  5.9 11.7 3.9  6.9 1.9  4.8 3.0          3.8  4.0 1.3 1.2         0.2 16.7 .504 .573  .405 .783 .619 .587   F    SO
73        Lewis Preston  16.7 27 1992-93                   VMI 27 26 30.1  6.6 13.0 6.6 12.9 0.0  0.1 3.6          4.4  7.1 0.3 0.6 1.8 1.6 3.2 16.7 .504 .509  .000 .800 .551 .504   F    SR
74      Travis Cantrell  16.6 29 2001-02           The Citadel 29 29 33.6  5.0 13.6 1.4  4.2 3.5  9.4 3.2  3.6 0.5 2.4  2.9 2.9 1.0 0.2 2.8 2.9 16.6 .365 .344  .374 .893 .543 .494   G    SR
75        Johnny Taylor  16.5 35 1996-97           Chattanooga 35 35 30.6  6.1 12.6 5.3  9.8 0.8  2.8 3.5          5.3  7.3 2.1 1.2 0.8 2.1 2.9 16.5 .486 .542  .289 .665 .548 .518   F    SR
76       Rashun Coleman  16.5 29 1999-00           Chattanooga 29 25 35.5  5.4 11.4 2.8  4.9 2.7  6.6 2.9  4.3 2.1 4.0  6.1 1.3 1.2 0.6 1.9 1.4 16.5 .476 .563  .411 .677 .611 .593   G    SR
77           Tim Brooks  16.5 33 1992-93           Chattanooga 33 33 32.9  5.8 12.2 4.2  8.2 1.7  4.1 3.2  4.1 0.7 3.5  4.2 6.3 2.2 0.4 2.7 1.6 16.5 .475 .507  .410 .776 .581 .543   G    SR
78          Bruce Evans  16.4 28 1991-92                Furman 28 28 31.5  6.0 10.8 6.0 10.7 0.1  0.1 4.3  6.4 3.0 3.5  6.4 1.9 1.0 0.4 2.1 2.7 16.4 .561 .559 1.000 .670 .596 .565   F    SR
79          Rufus Leach  16.4 32 1999-00     Appalachian State 32 32 25.7  5.5 12.3 2.3  4.8 3.2  7.5 2.2  2.6 0.9 0.8  1.8 2.2 1.7 0.1 1.8 1.8 16.4 .448 .480  .427 .843 .607 .579   G    JR
80    Lawrence Gullette  16.4 27 1994-95                   VMI         27  6.4 15.7 4.4  9.4 2.0  6.3 1.4          2.0  6.5 1.1 1.3         0.5 16.4 .409 .469  .322 .736 .491 .474   F    JR
81           James Maye  16.3 29 2002-03        UNC Greensboro 29 29 34.0  6.1 13.8 4.4  9.6 1.7  4.1 2.5  3.3 1.7 4.7  6.4 1.9 0.9 0.2 2.1 1.8 16.3 .444 .462  .400 .758 .534 .504   F    SR
82           Tiras Wade  16.3 18 2002-03  East Tennessee State 18 17 28.0  5.7 12.1 4.3  9.2 1.3  2.9 3.6  4.4 1.9 3.7  5.6 1.6 1.3 0.2 3.3 1.7 16.3 .468 .473  .453 .813 .572 .523   G    SO
83       LeVert Threats  16.3 29 1991-92           Chattanooga 29 29 33.0  5.6 12.9 2.7  5.6 3.0  7.3 2.1          3.1  6.6 1.1 0.6 0.2 1.5 2.7 16.3 .436 .472  .408 .659 .566 .551   F    SR
84           Jason Bell  16.3 27 1997-98                   VMI    27 29.7  6.1 15.0 5.0 11.6 1.1  3.5 2.9          4.0  3.8 2.4 2.9         0.2 16.3 .406 .433  .319 .738 .480 .443   G    JR
85       Calvin Talford  16.2 30 1991-92  East Tennessee State 30 30 31.1  5.3 11.2 3.1  5.8 2.2  5.4 3.4          4.0  5.5 1.7 1.0 0.4 2.4 3.0 16.2 .473 .532  .411 .835 .618 .573   F    SR
86          Greg Dennis  16.2 31 1991-92  East Tennessee State 31 31 30.7  5.6 11.7 4.5  9.1 1.2  2.6 3.7          4.7  6.5 1.6 0.6 1.6 2.4 2.7 16.2 .483 .493  .450 .789 .581 .533   C    SR
87        Chuck Vincent  16.2 27 1996-97                Furman 27 27 34.4  6.1 12.3 6.1 12.3 0.0  0.0 4.0  6.5 3.8 6.0  9.7 1.3 0.9 0.7 2.6 2.8 16.2 .497       .497 .608 .526 .497   F    JR
88          Bruce Evans  16.2 29 1990-91                Furman 29 28 30.9  6.4 10.9 6.3 10.7 0.1  0.2 3.3  5.4 3.0 3.8  6.8 1.7 0.9 0.3 1.8 2.4 16.2 .584 .590  .286 .618 .599 .587   F    JR
89        Jason Stewart  16.1 27 1996-97                Furman 27 26 32.5  6.0 15.5 3.9  8.0 2.1  7.5 2.0  2.5 1.6 2.7  4.3 1.1 0.8 0.5 1.9 2.3 16.1 .387 .491  .276 .809 .482 .453   F    SO
90          Jeff Bolton  16.1 29 2000-01 College of Charleston 29 29 34.1  5.6 12.7 3.8  7.8 1.7  4.9 3.3  3.9 1.5 3.3  4.8 2.5 1.1 0.5 1.7 1.9 16.1 .436 .491  .350 .833 .552 .504   G    JR
91      Jackson Atoyebi  16.1 30 2003-04                  Elon 30 27 31.5  5.9 10.6 5.9 10.5 0.0  0.1 4.2  5.7 3.6 4.1  7.8 0.9 1.3 0.8 2.6 3.2 16.1 .562 .565  .000 .738 .606 .562   F    JR
92        Greg Stephens  16.1 27 1998-99  East Tennessee State    27 33.4  5.2 11.3 4.0  8.3 1.1  3.0 4.6          5.9  5.8 4.9 1.8         0.0 16.1 .459 .487  .383 .774 .570 .510   G    SR
93      David Donerlson  16.1 28 1989-90      Western Carolina 28 28 32.9  5.4 12.7 3.1  7.6 2.3  5.1 3.1          3.6  3.0 3.2 1.1 0.2 2.5 2.5 16.1 .421 .406  .444 .843 .556 .511   G    SO
94         Maleye Ndoye  16.0 29 2003-04                Furman 29 29 30.9  5.7 11.9 3.7  7.3 2.0  4.6 2.7  3.4 1.1 4.2  5.4 1.2 1.0 0.4 1.8 2.0 16.0 .480 .507  .436 .770 .594 .564   F    SR
95           Billy Ross  15.9 29 1991-92     Appalachian State 29 27 28.0  5.8 12.2 3.8  7.8 2.0  4.4 2.4          3.7  3.9 1.0 1.0 0.4 1.9 2.9 15.9 .473 .489  .445 .664 .572 .554   F    JR
96    Marshall Phillips  15.9 29 1998-99     Appalachian State    29 28.5  5.3 10.0 4.8  8.3 0.6  1.7 4.8  6.9 2.7 4.2  6.9 1.7 2.2 0.4 2.6 2.9 15.9 .531 .570  .333 .693 .601 .559   F    SR
97    Lawrence Gullette  15.9 28 1995-96                   VMI         28  6.0 13.3 3.8  7.4 2.2  5.9 1.7          2.2  4.5 1.3 0.8         0.2 15.9 .450 .507  .378 .787 .555 .534   F    SR
98     Stephen Marshall  15.9 28 1999-00              Davidson 28 28 26.2  5.8  9.8 5.3  8.4 0.6  1.4 3.6  5.3 2.6 3.6  6.3 0.7 0.7 0.2 2.0 3.1 15.9 .593 .623  .410 .694 .644 .622   C    SR
99         Karim Souchu  15.8 29 1999-00                Furman 29 29 32.6  6.2 11.5 5.6  9.5 0.7  2.0 2.8  4.2 2.1 5.3  7.4 1.5 1.9 0.6 2.1 3.0 15.8 .541 .585  .328 .656 .587 .569   F    FR
100        Cory Largent  15.8 31 2000-01      Western Carolina 31 31 34.6  5.6 13.3 3.5  8.0 2.0  5.3 2.6  3.5 1.6 3.9  5.6 1.5 0.6 0.3 2.5 2.7 15.8 .420 .444  .384 .757 .529 .496   F    JR
101       Lewis Preston  15.8 27 1991-92                   VMI 27 26 29.1  7.0 12.9 7.0 12.9 0.0  0.0 1.8          2.5  7.6 0.6 0.9 2.4 1.4 3.2 15.8 .545       .545 .706 .562 .545   F    JR
102      Narcisse Ewodo  15.8 27 1996-97              Davidson    27 31.0  5.9 12.0 5.1  9.9 0.7  2.1 3.3          4.9  6.4 2.2 2.0         0.5 15.8 .486 .517  .345 .682 .549 .517   C    SR
103        Steve Harris  15.8 27 1994-95                Furman 27 26 32.7  6.2 13.7 5.4 11.4 0.8  2.3 2.6  4.1 2.2 3.6  5.8 2.2 1.8 0.5 2.5 2.9 15.8 .454 .479  .333 .616 .503 .482   F    SR
104          Keith Gray  15.8 26 1989-90      Western Carolina 26 25 30.2  5.9 12.3 4.5  8.9 1.4  3.4 2.5          3.3  5.2 1.5 0.9 0.6 2.1 2.7 15.8 .481 .511  .404 .759 .567 .538   G    SR
105        Brent Conley  15.8 28 1995-96                   VMI    28 28.4  6.0 13.2 4.9 10.3 1.1  2.9 2.8          4.0  8.4 1.2 1.6         0.2 15.8 .453 .477  .366 .688 .522 .493   F    FR
106         Jeff Bolton  15.8 24 1999-00 College of Charleston 24 24 33.1  5.7 13.4 4.0  8.5 1.6  5.0 2.8  3.5 1.8 2.7  4.5 2.0 1.4 0.3 2.0 2.3 15.8 .422 .478  .328 .788 .522 .483   G    SO
107       Thomas Mobley  15.7 29 2003-04 College of Charleston 29 29 29.8  5.1 10.9 2.7  5.6 2.4  5.3 3.0  3.9 1.2 4.2  5.5 1.9 1.0 0.3 1.7 2.4 15.7 .470 .488  .452 .779 .615 .580   F    SR
108       Elton Nesbitt  15.7 29 2003-04      Georgia Southern 29 28 28.9  5.3 13.1 3.0  6.7 2.3  6.5 2.8  3.5 0.9 2.8  3.8 3.6 2.3 0.1 2.6 2.3 15.7 .404 .451  .356 .784 .530 .492   G    SO
109         Mike Lenzly  15.7 29 2002-03               Wofford 29 29 34.6  5.1 10.5 2.6  4.8 2.5  5.7 3.1  3.9 1.7 3.3  5.0 4.1 1.3 0.5 2.8 2.0 15.7 .482 .536  .436 .788 .634 .600   G    SR
110   Kareem Livingston  15.6 28 1995-96     Appalachian State 28 28 33.4  5.8 10.2 5.8 10.2 0.0  0.0 4.1          5.4  5.2 0.9 0.7 1.4 2.8 2.6 15.6 .565       .565 .763 .613 .565   F    SO
111      Julius Jenkins  15.5 27 1999-00      Georgia Southern 27 27 33.0  5.6 12.9 3.7  7.8 1.9  5.1 2.4  3.1 1.2 1.6  2.8 2.4 1.6 0.1 1.7 2.2 15.5 .433 .476  .367 .786 .539 .506   G    FR
112       Maurio Hanson  15.5 30 1994-95           Chattanooga 30 30 31.5  4.8 11.6 2.6  5.4 2.2  6.2 3.7          5.1  5.8 2.4 1.2 0.4 2.8 2.2 15.5 .414 .485  .351 .737 .553 .507   F    SR
113     Darryl Faulkner  15.4 27 1997-98                   VMI    27 32.7  5.1 12.9 2.3  5.7 2.7  7.1 2.6          3.1  2.9 5.0 1.9         0.1 15.4 .395 .409  .383 .812 .538 .501   G    SR
114      Ronnie Burrell  15.4 27 2003-04        UNC Greensboro 27 26 31.1  5.8  9.9 5.7  9.7 0.1  0.1 3.8  4.7 2.8 4.3  7.0 1.4 1.2 1.0 2.3 2.4 15.4 .584 .586  .500 .803 .635 .588   F    JR
115     Ashley Champion  15.4 30 2002-03           Chattanooga 30 30 25.9  5.7  9.9 4.9  7.7 0.7  2.2 3.3  4.5 2.2 3.6  5.7 1.6 1.2 0.2 2.6 3.0 15.4 .574 .641  .338 .728 .639 .611   F    JR
116           Tim Smith  15.3 31 2002-03  East Tennessee State 31 27 32.5  5.6 12.7 4.4  9.8 1.3  3.0 2.8  3.9 0.9 2.8  3.7 3.7 2.4 0.0 4.1 2.2 15.3 .441 .446  .424 .733 .525 .490   G    FR
117       Frank Bennett  15.3 29 2003-04      Georgia Southern 29 25 29.6  5.6  9.5 5.4  9.0 0.2  0.6 3.8  5.7 2.2 4.2  6.4 0.6 0.9 0.7 2.0 2.9 15.3 .591 .600  .438 .677 .627 .603   F    SR
118        Troy Wheless  15.2 33 2002-03 College of Charleston 33 32 29.9  5.1 11.1 2.0  3.7 3.1  7.4 2.0  2.6 0.6 2.7  3.3 2.3 1.6 0.1 1.6 2.0 15.2 .459 .541  .418 .765 .619 .598   G    SR
119          Sam Gibson  15.2 30 1989-90     Appalachian State 30 30 28.4  6.3 11.8 6.3 11.8 0.0  0.0 2.6          4.5  6.9 1.6 1.1 1.6 2.4 3.4 15.2 .535       .535 .590 .548 .535   C    SR
120       Wayne Bernard  15.1 27 2002-03              Davidson 27 27 30.9  5.0 11.9 2.9  6.4 2.1  5.4 3.1  3.8 0.9 2.4  3.3 5.4 1.7 0.2 4.8 2.7 15.1 .417 .448  .381 .833 .554 .505   G    SR
121         Bruce Evans  15.1 31 1989-90                Furman 31 30 32.3  5.5  9.7 5.3  9.3 0.2  0.4 4.0          6.1  7.3 1.8 0.9 0.3 2.5 2.5 15.1 .567 .567  .545 .654 .602 .577   F    SO
122       Robert Gaines  15.1 28 1990-91      Western Carolina 28 28 29.1  5.9 12.4 4.3  8.5 1.6  3.9 1.8  2.5 1.6 2.6  4.3 1.1 1.2 0.4 2.3 3.1 15.1 .476 .511  .400 .710 .557 .539   F    SO
123        Jody Lumpkin  15.1 30 1999-00 College of Charleston 30 30 35.6  5.8 10.0 5.8 10.0 0.0  0.0 3.5  5.3 2.6 6.4  9.0 1.5 1.7 3.1 1.8 2.4 15.1 .578       .578 .658 .601 .578   C    JR
124       Aaron Nichols  15.0 23 1990-91           The Citadel 23 23 31.5  5.2 12.2 2.1  5.2 3.1  7.0 1.5  2.0 1.0 2.6  3.6 3.4 1.3 0.1 3.4 2.6 15.0 .429 .403  .447 .723 .572 .557   G    SO
125       Chuck Vincent  15.0 27 1995-96                Furman 27 27 30.6  5.5 10.1 5.5 10.0 0.0  0.1 4.0  5.6 3.5 4.7  8.2 1.0 0.7 0.7 2.8 2.6 15.0 .546 .546  .500 .713 .590 .548   F    SO
126       Hal Henderson  15.0 28 1991-92                Furman 28 27 31.9  4.5  9.7 2.5  4.0 2.1  5.7 3.9  4.7 0.9 2.1  3.0 3.5 1.9 0.1 2.5 2.7 15.0 .469 .622  .363 .832 .632 .576   G    SR
127      Jerry Pelphrey  15.0 29 1992-93  East Tennessee State 29 28 32.8  5.1 11.7 3.8  7.8 1.3  3.9 3.4          4.8  6.7 2.1 1.4 0.1 2.5 3.1 15.0 .437 .482  .345 .725 .538 .494   F    SR
128     Maurice Spencer  15.0 27 1996-97                   VMI    27 29.8  5.3 12.0 3.2  5.9 2.1  6.1 2.2          2.9  2.9 2.3 1.6         0.1 15.0 .444 .551  .343 .779 .562 .532   G    SR
129        Detlef Musch  15.0 28 1992-93              Davidson         28  5.8 10.5 5.8 10.4 0.0  0.1 3.3          5.1  6.4 1.4 0.3         0.9 15.0 .554 .557  .333 .648 .580 .556   C    SR
130     Radee Skipworth  14.9 26 2001-02                   VMI 26 25 28.5  5.8 12.3 5.0  9.7 0.8  2.6 2.5  3.4 1.8 3.1  4.9 1.4 1.4 0.4 2.3 3.2 14.9 .473 .522  .294 .730 .536 .505   F    SO
131        Karim Souchu  14.8 31 2001-02                Furman 31 10 28.2  5.8 13.6 4.2  8.3 1.5  5.3 1.7  3.2 1.2 4.2  5.3 1.2 1.7 0.2 1.9 1.6 14.8 .425 .512  .291 .551 .492 .482   F    JR
132         Eric Palmer  14.8 29 1992-93  East Tennessee State 29 29 30.2  5.2 12.3 2.9  6.1 2.3  6.2 2.2          3.1  2.9 3.5 1.0 0.0 2.8 2.8 14.8 .419 .466  .372 .700 .536 .513   G    JR
133      Keith Jennings  14.8 34 1989-90  East Tennessee State    34 33.0  4.9  8.6 3.1  4.8 1.9  3.7 3.1          3.6  3.9 8.7 2.5 0.1 3.0 1.9 14.8 .574 .634  .496 .877 .722 .682   G    JR
134        Zakee Wadood  14.8 33 2003-04  East Tennessee State 33 33 31.0  5.2 12.0 4.4  9.2 0.8  2.8 3.5  5.0 2.2 5.8  8.0 2.8 2.8 2.1 2.7 3.4 14.8 .434 .479  .290 .713 .515 .468   F    SR
135        Andre Harris  14.8 28 1991-92           The Citadel 28 19 26.4  6.0 13.3 5.7 12.1 0.4  1.2 2.4          3.6  3.8 1.6 1.3 0.1 2.7 2.1 14.8 .453 .468  .303 .660 .492 .466   G    JR
136     Darryl Faulkner  14.8 28 1996-97                   VMI    28 29.8  5.1 11.8 2.7  6.1 2.4  5.7 2.1          3.0  2.8 4.0 2.0         0.2 14.8 .432 .439  .425 .723 .559 .535   G    JR
137    Stas Makshantsev  14.8 14 1999-00                Furman 14 11 24.6  5.5  8.6 5.4  8.4 0.1  0.2 3.7  5.2 2.4 3.4  5.7 0.6 0.6 0.2 3.3 2.1 14.8 .642 .650  .333 .712 .669 .646   F    SR
138      Julius Jenkins  14.8 27 2001-02      Georgia Southern 27 27 31.2  5.2 12.2 3.6  7.5 1.6  4.7 2.7  4.0 1.8 2.6  4.3 2.5 1.9 0.3 2.3 2.6 14.8 .427 .480  .344 .670 .523 .494   G    JR
139           Lee Nixon  14.8 29 2002-03               Wofford 29 29 35.0  5.2 12.5 3.2  7.0 2.0  5.5 2.2  3.0 0.7 3.3  4.0 3.0 1.1 0.2 2.4 1.5 14.8 .420 .460  .369 .756 .531 .501   G    SR
140        Zakee Wadood  14.7 29 2002-03  East Tennessee State 29 28 32.5  5.2 10.4 4.8  8.6 0.4  1.8 3.8  5.7 2.7 5.5  8.1 2.2 3.2 2.3 3.1 3.2 14.7 .502 .560  .226 .677 .561 .521   F    JR
141           Dante Gay  14.7 28 1994-95      Georgia Southern 28 17 31.3  4.8 11.9 1.7  4.2 3.1  7.7 2.0          2.5  3.2 1.2 1.3 0.1 1.9 2.4 14.7 .402 .402  .403 .814 .562 .533   G    SR
142       Frank Bennett  14.7 29 2002-03      Georgia Southern 29 29 33.1  5.7  9.8 5.7  9.6 0.0  0.2 3.3  5.1 2.1 5.8  7.9 1.1 0.5 0.9 3.4 3.1 14.7 .581 .594  .000 .644 .600 .581   F    JR
143       Jamie Jenkins  14.7 27 1997-98           The Citadel    27 32.0  5.0 12.1 3.0  6.7 2.0  5.5 2.6          3.2  3.7 1.6 0.9         0.0 14.7 .415 .456  .365 .814 .537 .497   G    SR
144         Derek Waugh  14.6 28 1992-93                Furman 28 28 30.0  4.9  9.8 4.3  8.0 0.6  1.8 4.2  5.0 3.2 4.6  7.8 2.3 1.0 0.1 2.3 3.6 14.6 .505 .543  .340 .842 .605 .537   F    SR
145      Calvin Talford  14.6 31 1990-91  East Tennessee State 31 29 26.9  5.5 10.2 4.1  6.6 1.3  3.5 2.4          3.1  4.4 1.0 0.9         0.2 14.6 .535 .621  .373 .771 .626 .600   F    JR
146   Courtney Eldridge  14.6 31 2000-01        UNC Greensboro 31 31 33.5  4.6 11.5 3.7  8.4 0.9  3.0 4.4  5.9 0.8 2.3  3.1 5.8 2.6 0.1 3.8 2.8 14.6 .406 .441  .309 .739 .512 .446   G    JR
147          Jay Joseph  14.6 29 2002-03        UNC Greensboro 29 29 30.4  5.4 11.9 3.0  5.5 2.4  6.4 1.3  1.9 0.7 2.7  3.4 1.6 1.2 0.2 1.7 2.1 14.6 .456 .547  .378 .722 .572 .558   G    JR
148    Landry Kosmalski  14.6 28 1999-00              Davidson 28 28 32.0  5.2 10.3 4.5  8.0 0.7  2.2 3.5  4.9 2.9 5.9  8.9 2.5 1.5 0.9 1.5 2.7 14.6 .505 .560  .306 .723 .579 .538   F    SR
149       Mark Donnelly  14.6 30 1997-98              Davidson    30 32.4  5.0 12.5 2.7  6.6 2.3  5.9 2.3          3.3  4.5 1.4 1.0         0.2 14.6 .399 .407  .390 .694 .517 .491   G    SR
150    Stas Makshantsev  14.5 28 1998-99                Furman 28 27 26.3  4.6  8.9 4.3  7.8 0.4  1.2 4.9  7.8 2.4 4.1  6.5 1.1 0.8 0.4 4.1 3.5 14.5 .520 .553  .303 .626 .575 .540   F    JR
151      Anthony Thomas  14.5 31 2001-02                Furman 31 31 30.1  5.0 10.5 2.1  4.3 2.8  6.3 1.7  2.2 1.0 1.9  2.8 1.7 1.2 0.1 1.0 1.6 14.5 .471 .500  .451 .806 .627 .606   G    SR
152        David Schuck  14.5 31 2000-01        UNC Greensboro 31 31 33.7  5.0 10.5 4.7  9.6 0.3  0.8 4.3  5.4 3.1 5.2  8.3 1.5 1.6 0.9 2.6 3.3 14.5 .475 .488  .320 .796 .557 .488   F    JR
153       Jason Niblett  14.5 28 1992-93  East Tennessee State 28 27 32.8  5.2 11.6 3.4  6.7 1.8  4.9 2.3          3.0  4.4 3.8 1.0 0.0 2.0 1.6 14.5 .449 .513  .362 .759 .556 .526   G    SR
154        Zakee Wadood  14.5 28 2001-02  East Tennessee State 28 22 29.5  5.5 11.0 4.9  9.3 0.5  1.8 3.0  4.4 3.9 5.3  9.2 1.1 1.7 1.2 2.0 3.3 14.5 .495 .531  .306 .683 .551 .519   F    SO
155    Brandon Williams  14.4 30 1993-94              Davidson    30 29.6  5.0 11.2 3.9  8.0 1.1  3.2 3.2          4.2  6.3 0.9 1.1         0.8 14.4 .451 .490  .354 .776 .549 .501   F    SO
156         Mike Lenzly  14.4 29 2001-02               Wofford 29 29 35.9  4.7 12.0 2.6  5.2 2.1  6.8 2.9  3.8 2.7 4.2  6.8 3.6 1.3 0.8 2.7 1.7 14.4 .391 .487  .316 .764 .522 .480   G    JR
157     Tyson Patterson  14.4 32 1999-00     Appalachian State 32 32 32.2  5.2 11.1 4.6  9.4 0.6  1.7 3.5  5.0 0.5 2.4  2.9 6.8 2.7 0.2 3.2 2.3 14.4 .465 .487  .345 .704 .535 .492   G    SR
158    Andre Cunningham  14.4 28 1990-91              Marshall 28 28 35.3  5.6 12.2 4.9 10.3 0.7  1.9 2.5          3.6  3.6 1.2 0.8 0.3 1.4 2.4 14.4 .459 .478  .358 .686 .516 .487   F    SR
159        John Brannen  14.4 28 1995-96              Marshall 28 28 28.8  4.9 10.6 2.6  4.6 2.4  5.9 2.2          3.1  5.5 1.4 0.8 0.3 1.4 2.8 14.4 .466 .554  .398 .709 .598 .578   F    JR
160      Virgil Stevens  14.4 26 1996-97           The Citadel    26 32.3  5.1 10.3 5.0  9.9 0.0  0.4 4.2          6.3  6.3 2.4 1.2         0.4 14.4 .494 .510  .100 .669 .543 .496   F    SO
161      Steve Spurlock  14.3 29 1991-92     Appalachian State 29 29 30.6  5.4 11.6 5.2 10.9 0.2  0.8 3.2          4.6  8.7 1.6 0.7 1.2 3.4 2.8 14.3 .466 .476  .318 .712 .519 .476   F    SR
162          Tim Brooks  14.2 30 1991-92           Chattanooga 30 30 33.2  4.5 10.4 3.4  7.7 1.1  2.8 4.1          4.7  4.4 6.8 2.8 0.1 3.5 1.9 14.2 .431 .439  .410 .872 .562 .486   G    JR
163           Gary Robb  14.2 33 1992-93           Chattanooga 33 32 32.9  5.2 11.0 4.2  7.6 1.1  3.4 2.7  3.8 1.2 4.8  6.1 4.5 1.1 0.2 2.5 1.4 14.2 .475 .546  .315 .720 .557 .523   G    JR
164    Brandon Williams  14.2 24 1994-95              Davidson    24 31.8  4.8 12.2 3.4  7.4 1.4  4.8 3.1          4.0  5.2 1.1 1.0         0.9 14.2 .397 .463  .296 .771 .504 .455   F    JR
165       Jonathan Penn  14.1 27 1992-93                   VMI 27 25 31.9  5.1 13.1 3.5  7.9 1.6  5.2 2.4          3.4  3.4 1.7 0.8 0.3 2.2 1.6 14.1 .388 .448  .298 .710 .481 .448   F    SR
166      Bobby Phillips  14.1 27 1996-97      Western Carolina 27 25 30.0  5.3 10.5 5.0  9.4 0.4  1.1 3.0  4.3 2.3 2.8  5.0 1.2 1.3 0.1     2.5 14.1 .507 .525  .345 .707 .560 .525   F    JR
167      Tony Patterson  14.1 28 1994-95  East Tennessee State 28 25 23.8  6.0 12.1 6.0 12.1 0.0  0.0 2.1          4.0  6.1 1.1 0.6 0.8 2.4 3.0 14.1 .496       .496 .523 .503 .496   C    SR
168      Trazel Silvers  14.1 29 1992-93  East Tennessee State 29 28 28.7  5.3 11.6 4.7  9.8 0.6  1.8 3.0          4.6  7.9 1.8 2.1     0.7 3.2 14.1 .457 .482  .314 .652 .513 .481   F    JR
169       Jason Stewart  14.0 24 1995-96                Furman 24 14 25.7  4.3 11.7 1.3  4.4 2.9  7.3 2.6  3.3 0.8 2.0  2.8 0.9 0.5 0.4 2.0 1.9 14.0 .363 .305  .398 .785 .527 .488   F    FR
170          John Brown  14.0 28 1995-96              Marshall 28 12 23.8  5.8 10.3 5.8 10.2 0.0  0.1 2.3          4.4  6.9 0.3 0.6 1.3 2.9 3.0 14.0 .564 .566  .333 .528 .564 .566   C    SO
171        Willie Young  14.0 35 1996-97           Chattanooga 35 35 30.1  4.5 10.6 2.7  6.5 1.8  4.1 3.3          4.1  2.9 3.6 1.7 0.1 2.0 2.7 14.0 .423 .420  .428 .786 .557 .507   G    SR
172        Noy Castillo  14.0 25 1995-96           The Citadel 25 24 35.7  4.5 12.0 2.2  4.9 2.3  7.0 2.7          3.3  2.7 2.0 0.6 0.0 2.7 2.1 14.0 .375 .447  .324 .819 .516 .470   G    JR
173         Jason Rogan  13.9 30 2002-03           Chattanooga 30 30 29.4  5.1 11.2 3.7  7.2 1.4  4.1 2.3  3.0 1.3 3.6  4.9 1.8 1.4 0.2 2.3 1.7 13.9 .454 .516  .344 .778 .550 .516   G    JR
174    Landry Kosmalski  13.9 27 1998-99              Davidson    27 27.8  5.4 10.1 4.6  8.2 0.7  1.9 2.4          4.1  8.6 1.2 0.9         0.7 13.9 .529 .563  .385 .586 .574 .566   F    JR
175     Malik Hightower  13.9 24 1993-94              Marshall 24 16 30.1  5.3 10.4 4.3  7.6 1.0  2.8 2.2          2.7  4.1 2.1 0.7 0.3 2.9 2.3 13.9 .512 .566  .368 .800 .593 .562   F    JR
176       Quinn Harwood  13.9 30 1995-96              Davidson         30  5.1  9.4 4.5  7.8 0.6  1.6 3.0          4.3  5.6 1.7 1.5         0.5 13.9 .548 .584  .375 .692 .607 .580   C    SR
177       Peter Anderer  13.8 18 2002-03              Davidson 18 17 31.0  4.4  9.2 1.2  2.2 3.2  7.0 1.9  2.1 0.9 2.2  3.1 2.1 0.9 0.0 2.2 2.6 13.8 .476 .550  .452 .919 .678 .648   G    SR
178          James Maye  13.8 29 2001-02        UNC Greensboro 29 28 29.5  4.7 11.6 2.8  6.4 1.9  5.2 2.6  3.3 1.5 4.4  5.9 1.8 0.8 0.1 2.1 1.6 13.8 .404 .443  .355 .773 .523 .484   F    JR
179      Rodney English  13.8 33 1990-91  East Tennessee State 33  3 23.4  5.7  8.8 5.7  8.8 0.0  0.1 2.3          3.5  5.8 1.2 1.1         1.1 13.8 .647 .651  .333 .664 .657 .649   F    JR
180        Cory Largent  13.8 27 2001-02      Western Carolina 27 25 29.8  5.1 12.7 3.6  7.7 1.5  5.0 2.0  2.6 1.4 3.5  4.9 2.0 0.6 0.1 2.1 2.3 13.8 .404 .469  .304 .771 .494 .464   F    SR
181    Moncrief Michael  13.8 27 1994-95           The Citadel 27 25 30.6  5.0  8.6 5.0  8.5 0.0  0.0 3.7          5.7  6.7 1.4 1.3 0.4 3.6 3.0 13.8 .589 .591  .000 .656 .613 .589   F    SO
182       Sedric Webber  13.8 31 1998-99 College of Charleston    31 32.9  5.6 11.8 5.3 10.6 0.4  1.2 2.2          3.3  7.2 2.1 2.2         0.8 13.8 .478 .498  .297 .657 .516 .493   F    SR
183       Thomas Mobley  13.8 33 2002-03 College of Charleston 33 19 25.5  4.5  9.6 2.5  5.4 1.9  4.2 3.0  3.8 1.3 3.3  4.6 1.0 0.8 0.4 2.5 2.8 13.8 .462 .472  .450 .778 .602 .561   F    JR
184           Dante Gay  13.8 28 1993-94      Georgia Southern 28 11 22.6  4.5 11.2 1.9  4.8 2.6  6.5 2.3          2.9  2.8 0.8 1.0 0.0 1.8 2.3 13.8 .398 .391  .403 .788 .548 .514   G    JR
185        Noy Castillo  13.8 27 1994-95           The Citadel 27 26 33.9  4.5 12.1 1.0  2.0 3.6 10.1 1.2          1.4  2.1 1.9 0.8 0.0 1.7 2.1 13.8 .373 .491  .350 .842 .539 .520   G    SO
186    Howard Wilkerson  13.8 29 2003-04               Wofford 29 29 28.2  5.1  9.0 4.6  7.4 0.6  1.5 2.9  4.5 2.5 5.5  8.0 2.4 1.3 0.9 2.6 2.5 13.8 .573 .616  .364 .654 .620 .604   F    SO
187    Demetrius Cherry  13.7 28 1999-00        UNC Greensboro 28 28 31.4  5.6 10.6 5.1  9.6 0.5  1.0 1.9  2.6 2.8 6.6  9.4 0.6 0.9 0.5 2.4 1.5 13.7 .534 .537  .500 .750 .581 .557   F    SR
188       Wayne Bernard  13.7 21 2000-01              Davidson 21 15 28.8  3.9 10.2 2.4  5.3 1.4  4.9 4.6  6.0 0.7 2.2  2.9 2.8 1.9 0.1 3.0 2.3 13.7 .379 .459  .291 .768 .527 .449   G    SO
189        William Cook  13.7 27 1993-94     Appalachian State 27 18 25.9  5.1 10.9 2.5  5.0 2.6  5.9 0.9          1.3  2.8 1.3 0.8 0.2 1.8 1.7 13.7 .468 .496  .444 .639 .593 .588   G    JR
190     Fernando Daniel  13.6 28 1998-99      Georgia Southern    28 33.5  4.3 10.8 1.5  3.6 2.8  7.3 2.3  2.8 0.6 1.6  2.1 3.3 0.7 0.2 2.3 2.4 13.6 .396 .410  .389 .797 .561 .526   G    SR
191       Sean Peterson  13.6 30 2000-01      Georgia Southern 30 30 33.2  5.0 10.7 4.0  7.8 1.0  2.9 2.7  3.8 1.1 2.7  3.8 6.2 2.4 0.1 3.9 2.5 13.6 .466 .515  .333 .696 .543 .511   G    JR
192         Emeka Erege  13.6 16 2001-02              Davidson 16 13 28.1  4.7  9.3 4.1  7.6 0.6  1.7 3.6  5.1 2.7 3.9  6.6 1.7 1.7 0.3 1.7 2.0 13.6 .507 .545  .333 .716 .582 .537   F    SR
193       Alfred Forbes  13.6 27 1998-99               Wofford    27 30.7  5.0 13.3 4.7 12.1 0.3  1.2 3.3          4.9  5.0 1.7 1.8         1.0 13.6 .375 .387  .250 .667 .433 .386   F    SR
194   Dondrell Whitmore  13.6 29 1998-99      Western Carolina 29 29 33.6  4.8 10.6 4.0  8.0 0.8  2.6 3.2          4.9  7.2 1.4 1.2 0.6     2.8 13.6 .450 .496  .307 .662 .525 .487   F    JR
195       Jerald Fields  13.5 28 2001-02  East Tennessee State 28 28 30.3  4.7  8.2 4.1  7.0 0.5  1.3 3.6  5.3 2.3 5.0  7.2 2.0 1.6 2.0 2.4 3.3 13.5 .570 .595  .429 .685 .630 .602   F    SO
196           Eric Mann  13.5 28 2000-01                   VMI 28 28 29.0  4.6  9.0 4.6  9.0 0.0  0.0 4.2  7.0 4.2 6.3 10.5 1.3 1.6 2.1 2.9 3.4 13.5 .516       .516 .597 .546 .516   C    SR
197    Broderick Parker  13.4 27 1990-91     Appalachian State 27 17 23.4  5.2  8.9 5.2  8.9 0.0  0.0 3.1          5.6  5.7 1.3 0.9 0.1 2.3 2.4 13.4 .581       .581 .553 .581 .581   F    JR
198    Landry Kosmalski  13.4 28 1996-97              Davidson    28 29.8  4.8  9.0 4.3  7.8 0.5  1.2 3.3          4.6  7.6 1.0 0.9         0.3 13.4 .536 .553  .424 .713 .600 .563   F    FR
199       Brian Edwards  13.4 28 1993-94                Furman 28 27 31.0  5.5 10.4 5.5 10.4 0.0  0.0 2.3  3.9 3.4 6.9 10.4 2.0 1.4 0.8 3.4 3.1 13.4 .533 .534  .000 .596 .547 .533   C    SR
200      Jason Williams  13.4 28 1995-96              Marshall 28 28 29.1  5.1  9.9 3.9  6.6 1.3  3.3 1.9          2.5  3.5 6.4 1.8 0.3 2.7 1.8 13.4 .522 .592  .380 .743 .606 .585   G    FR
[/code]

Provided by [url=https://www.sports-reference.com/sharing.html?utm_source=direct&utm_medium=Share&utm_campaign=ShareTool]Stathead[/url]: [url=https://www.sports-reference.com/stathead/basketball/cbb/player-season-finder.cgi?utm_source=direct&utm_medium=Share&utm_campaign=ShareTool]Found with Stathead. See Full Results.[/url]
Generated 6/11/2026.