[code]                                                                                                                                                                                               
                                                                                                                                                                                           Per 
Rk                  Player PTS/G  G  Season                   Team  G GS   MP  FG  FGA  2P  2PA  3P 3PA  FT  FTA ORB DRB  TRB AST STL BLK TOV  PF  PTS  FG%  2P%   3P%  FT%  TS% eFG% Pos Class
1               Eric Kubel  24.3 26 1993-94     Northwestern State 26 26 35.2 9.1 18.7 9.0 18.4 0.0 0.3 6.1          8.1 13.1 1.2 0.8 0.9 3.0 2.8 24.3 .485 .491  .125 .757 .539 .486   C    SR
2            Jesse Ratliff  23.1 26 1992-93            North Texas 26 26 36.6 8.0 19.0 5.7 12.1 2.3 6.8 4.9          6.6 10.3 2.9 1.8 0.5 3.3 3.8 23.1 .420 .467  .337 .743 .523 .481   F    JR
3          Anthony Pullard  22.5 26 1989-90          McNeese State    26 34.9 9.0 16.5 8.5 15.2 0.5 1.3 3.9          5.5  9.1 1.6 0.8 0.2     3.3 22.5 .547 .561  .382 .718 .588 .562   F    SR
4              Larry Terry  22.5 20 1993-94     Northwestern State 20 20 33.9 8.0 17.2 4.8  8.9 3.2 8.4 3.4          4.4  6.1 2.8 1.6 1.3 1.8 2.9 22.5 .462 .537  .383 .770 .583 .555   F    SR
5           Donnell Hayden  22.4 28 1990-91            North Texas 28 28 31.0 8.0 20.4 5.7 12.7 2.3 7.7 4.1          5.2  3.8 4.4 3.1 0.1 3.4 2.9 22.4 .392 .451  .296 .793 .490 .448   G    SR
6       Kenderick Franklin  22.1 26 1996-97         Nicholls State    26 34.5 7.5 16.0 5.4  9.6 2.2 6.4 4.8          6.2  6.2 2.5 0.8 1.5     2.7 22.1 .471 .560  .337 .783 .583 .538   F    JR
7             Tierre Brown  22.0 27 1999-00          McNeese State 27 27 35.6 8.0 17.4 6.9 13.9 1.1 3.5 4.8  6.6 1.4 3.6  5.0 4.5 1.7 0.0 5.0 1.7 22.0 .463 .499  .319 .729 .536 .495   G    JR
8             Maurice Bell  21.9 28 1999-00       Louisiana Monroe 28 27 37.0 8.4 17.4 8.4 17.4 0.0 0.0 5.1  6.4 2.0 4.9  6.9 1.5 0.9 0.4 2.0 2.4 21.9 .482 .483  .000 .793 .534 .482   F    SR
9           Reggie Jackson  21.6 30 1994-95         Nicholls State 30 30 32.1 8.4 14.4 8.4 14.3 0.0 0.1 4.9          7.6 10.8 1.2 1.9 0.4     1.7 21.6 .580 .585  .000 .645 .599 .580   C    SR
10             Gerard King  21.6 28 1994-95         Nicholls State 28 28 30.7 8.5 15.1 8.5 15.1 0.0 0.0 4.6          6.5  7.8 1.1 1.6 1.5 1.9 3.4 21.6 .563 .562 1.000 .703 .594 .564   F    SR
11             Ryan Stuart  21.6 29 1991-92    Northeast Louisiana 29 29 34.2 8.6 15.1 8.3 14.3 0.3 0.7 4.1  6.7 4.3 4.6  8.9 1.9 1.9 0.2 2.5 2.2 21.6 .570 .579  .381 .613 .591 .579   F    JR
12           Paul Marshall  21.3 30 1995-96    Northeast Louisiana 30 30 37.3 7.1 16.5 3.3  7.1 3.8 9.4 3.2  4.2 0.8 2.8  3.6 2.6 2.2 0.1 2.5 1.7 21.3 .433 .465  .409 .776 .578 .550   G    SR
13           Demond Mallet  21.3 31 2000-01          McNeese State 31 31 36.3 7.0 16.2 3.5  7.3 3.5 8.9 3.9  4.9 0.7 2.6  3.3 2.2 2.1 0.2 1.8 2.1 21.3 .431 .482  .389 .796 .576 .538   G    SR
14             Ryan Stuart  21.1 29 1992-93    Northeast Louisiana 29 29 32.0 8.8 14.8 8.7 14.4 0.1 0.4 3.6  6.0 3.8 5.7  9.4 1.0 1.3 0.2 1.9 2.2 21.1 .591 .603  .167 .589 .597 .593   F    SR
15           Anthony Jones  21.1 33 1990-91    Northeast Louisiana 33 30 32.9 7.3 14.1 5.3  9.2 2.0 5.0 4.5  5.3 1.8 3.1  4.9 2.8 2.3 0.3 2.4 2.2 21.1 .517 .576  .409 .835 .633 .589   F    SR
16         Marlon Anderson  20.8 28 1994-95                   UTSA 28 28 33.7 6.9 15.9 3.4  7.8 3.4 8.1 3.6          4.3  7.1 2.9 1.2 0.3 3.3 3.0 20.8 .431 .440  .423 .849 .579 .539   G    JR
17              Eric Kubel  20.7 26 1992-93     Northwestern State 26 26 25.6 7.5 13.7 7.3 13.0 0.2 0.7 5.5          7.4  9.7 1.2 1.2 0.5 2.8 2.1 20.7 .548 .562  .278 .746 .602 .555   C    JR
18           George Conner  20.6 27 1991-92  Southwest Texas State         27 8.1 17.1 6.9 14.4 1.2 2.7 3.2          4.4  7.4 2.2 1.0         0.2 20.6 .471 .478  .432 .737 .535 .505   G    SR
19         Patrick Gusters  20.5 25 1998-99      Stephen F. Austin    25 32.5 7.6 17.0 6.8 14.5 0.8 2.5 4.6  6.3 2.4 5.0  7.4 2.9 2.1 0.7 3.3 2.8 20.5 .446 .470  .306 .732 .513 .468   F    SO
20          Reggie Jackson  20.5 26 1992-93         Nicholls State 26 25 36.0 7.7 12.9 7.7 12.9 0.0 0.0 5.2          7.8 12.5 1.5 2.0 0.7 2.6 2.9 20.5 .592 .594  .000 .663 .616 .592   C    SO
21         Marlon Anderson  20.3 28 1995-96                   UTSA 28 28 30.3 6.8 15.2 3.3  6.8 3.4 8.4 3.4          4.3  6.0 2.1 1.5 0.4 2.5 2.9 20.3 .445 .492  .407 .785 .590 .558   G    SR
22            Tierre Brown  20.1 31 2000-01          McNeese State 31 31 34.3 6.9 16.7 5.2 11.8 1.6 4.9 4.7  5.9 2.1 3.6  5.7 3.6 1.8 0.2 3.2 2.0 20.1 .411 .443  .336 .793 .515 .460   G    SR
23              Mike Smith  20.1 28 1999-00       Louisiana Monroe 28 27 36.1 6.7 15.8 4.0  7.8 2.7 7.9 4.0  5.0 2.5 6.9  9.4 3.4 1.5 0.9 4.3 2.0 20.1 .424 .511  .338 .801 .553 .509   G    SR
24             Devin Brown  19.9 28 2000-01                   UTSA 28 27 32.4 6.6 15.6 5.0 10.0 1.6 5.6 5.0  6.9 2.2 5.4  7.6 2.5 1.7 0.3 3.1 3.1 19.9 .427 .505  .287 .720 .527 .478   G    JR
25            Bobby Kenyon  19.8 29 1990-91           UT Arlington         29 7.7 13.6 7.4 12.7 0.3 1.0 4.1          5.3  7.7 1.9 1.1         0.5 19.8 .565 .586  .286 .773 .612 .575   C    JR
26           Jesse Ratliff  19.7 29 1993-94            North Texas 29 29 34.3 7.2 13.6 6.8 12.3 0.4 1.3 4.9          7.3  8.1 1.6 0.8 0.3 2.8 3.0 19.7 .528 .551  .316 .670 .576 .543   F    SR
27              Adam Smith  19.6 27 1994-95            North Texas 27 27 32.6 6.6 11.9 5.9 10.4 0.7 1.5 5.7          7.2  8.0 1.9 0.6     0.7 3.1 19.6 .556 .571  .450 .795 .641 .584   C    SR
28           Nathan Randle  19.5 28 1991-92      Stephen F. Austin 28 27 32.3 7.1 13.8 5.2  9.7 1.9 4.1 3.5          4.9  6.9 1.5 0.7 0.0 2.7 2.4 19.5 .513 .537  .456 .723 .606 .580   F    SO
29         Carlos Funchess  19.4 33 1990-91    Northeast Louisiana 33 33 33.4 7.4 13.5 6.1 10.4 1.3 3.1 3.2  4.4 2.1 3.6  5.8 2.0 1.7 1.1 2.1 2.0 19.4 .551 .588  .427 .743 .624 .600   F    SR
30              Leroy Hurd  19.4 33 2003-04                   UTSA 33 33 33.9 6.4 13.3 5.1 10.0 1.3 3.4 5.3  6.7 2.3 5.7  8.0 1.7 1.0 0.4 3.4 2.9 19.4 .480 .511  .387 .784 .586 .528   F    SR
31           Jesse Ratliff  19.3 29 1991-92            North Texas 29 29 32.2 6.8 13.8 6.2 11.7 0.7 2.1 5.0          7.1  7.8 1.5 1.0 0.3 3.0 3.0 19.3 .495 .528  .311 .702 .562 .519   F    SO
32            Senecca Wall  19.1 29 2000-01      Sam Houston State 29 27 31.9 5.9 11.0 5.2  9.2 0.7 1.8 6.7  9.1 2.2 4.3  6.5 3.8 3.6 0.6 4.3 3.3 19.1 .536 .571  .358 .735 .624 .566   G    SR
33           Demond Mallet  18.9 26 1997-98          McNeese State    26 35.6 6.4 15.5 2.8  5.6 3.6 9.9 2.5          2.9  2.3 2.6 1.7         0.1 18.9 .414 .503  .364 .853 .561 .531   G    SO
34           Derek Haywood  18.8 29 1991-92          McNeese State 29 22 36.6 6.4 13.7 5.6 10.9 0.9 2.8 5.1          7.6  4.6 1.9 1.6 1.6 3.1 2.1 18.8 .469 .511  .305 .674 .544 .500   G    SR
35        Mceverett Powers  18.8 29 2001-02                   UTSA 29 29 30.0 5.6 11.3 5.6 11.3 0.0 0.0 7.5 11.6 3.7 4.2  7.9 1.6 0.6 1.1 2.2 3.7 18.8 .498       .498 .649 .559 .498   F    SR
36            Donte Mathis  18.6 28 1997-98  Southwest Texas State    28 33.8 6.9 13.9 6.1 12.0 0.8 1.9 4.1          5.3  5.5 2.8 1.5         0.1 18.6 .496 .507  .423 .770 .568 .524   G    JR
37              Larry Carr  18.6 28 1993-94    Northeast Louisiana 28 28 32.0 6.5 12.6 3.5  5.5 3.0 7.1 2.6  3.0 1.9 3.7  5.6 1.2 1.5 0.6 1.9 2.9 18.6 .514 .630  .425 .847 .661 .634   F    JR
38           Steven Barber  18.6 27 2001-02           UT Arlington 27 27 31.5 6.0 14.9 3.9  8.6 2.1 6.3 4.4  5.1 0.5 1.6  2.1 2.7 1.3 0.0 3.9 2.4 18.6 .404 .457  .333 .862 .536 .475   G    SR
39          Reggie Jackson  18.6 26 1993-94         Nicholls State 26 26 34.7 7.2 12.2 7.2 12.2 0.0 0.0 4.2          6.5 12.0 0.9 1.0 0.4 2.1 2.9 18.6 .588       .588 .641 .606 .588   C    JR
40         Derrick Gilliam  18.6 28 1989-90      Sam Houston State         28 7.0 15.2 6.1 11.8 0.9 3.4 3.6          4.9  9.1 2.7 1.5         0.5 18.6 .462 .518  .271 .735 .530 .493   G    SR
41            Lynwood Wade  18.5 32 1993-94  Southwest Texas State         32 7.3 11.1 7.2 11.0 0.0 0.1 4.0          8.1  8.5 1.9 1.4         1.0 18.5 .652 .656  .250 .496 .620 .653   F    SR
42              Mike Smith  18.5 27 1998-99    Northeast Louisiana 27 25 34.3 6.1 14.2 4.1  7.3 2.0 6.9 4.2  5.7 2.0 4.9  6.9 1.9 1.8 0.6 4.4 2.0 18.5 .433 .566  .294 .739 .549 .505   G    JR
43             Devin Brown  18.5 20 1999-00                   UTSA 20 20 32.9 6.5 16.5 5.0 10.8 1.5 5.8 4.2  5.7 2.6 3.9  6.5 3.5 2.2 0.6 3.2 2.4 18.5 .391 .465  .252 .735 .482 .435   G    SO
44            Rosell Ellis  18.5 30 1996-97          McNeese State 30 29 32.2 7.1 10.6 7.1 10.5 0.0 0.2 4.3          6.6  7.6 3.9 2.1 0.7 3.0 2.5 18.5 .668 .675  .200 .646 .672 .669   F    SR
45             Gerard King  18.5 27 1993-94         Nicholls State 27 27 32.3 6.9 13.0 6.9 13.0 0.0 0.0 4.7          7.6  8.9 2.0 2.3 1.0 2.5 3.6 18.5 .530       .530 .620 .556 .530   F    JR
46             Devin Brown  18.3 28 2001-02                   UTSA 28 23 32.3 5.8 14.4 4.2 10.0 1.6 4.4 5.1  7.1 2.2 6.1  8.3 2.8 1.7 0.2 2.8 2.5 18.3 .403 .419  .366 .727 .517 .459   G    SR
47           Nathan Randle  18.2 26 1992-93      Stephen F. Austin 26 24 30.8 6.2 13.3 4.4  9.0 1.8 4.3 4.0          5.3  6.8 1.3 0.7 0.1 3.8 2.3 18.2 .464 .485  .420 .741 .571 .532   F    JR
48         Arthur Haralson  18.1 24 2000-01         Nicholls State 24 24 31.2 6.5 11.8 6.2 11.0 0.3 0.9 4.7  7.7 3.8 4.6  8.3 2.3 1.8 0.2 2.6 4.1 18.1 .553 .567  .381 .605 .584 .567   F    SR
49      Kenderick Franklin  18.1 26 1995-96         Nicholls State    26 34.6 6.2 13.8 4.5  9.5 1.7 4.3 4.0          5.7  4.5 2.0 1.0 0.7     3.4 18.1 .450 .472  .402 .691 .548 .513   F    SO
50            Tarius Brown  18.1 27 1994-95     Northwestern State 27 26 30.4 7.1 15.3 6.6 14.3 0.6 1.0 3.3          5.0  7.6 2.4 0.9 0.1 2.9 2.9 18.1 .465 .459  .556 .659 .511 .483   F    SR
51          Derick Preston  18.0 27 1993-94      Sam Houston State 27 27 32.9 6.8 14.7 4.6  9.4 2.2 5.4 2.3          2.9  5.6 1.1 1.8 0.6 1.9 2.1 18.0 .460 .486  .414 .772 .559 .535   F    SO
52            Willie Brand  18.0 29 1989-90           UT Arlington    29 36.5 6.2 15.6 3.6  9.0 2.7 6.6 3.0          3.9  4.1 2.1 1.0 0.2     2.1 18.0 .397 .395  .401 .768 .517 .482   G    JR
53            Lynwood Wade  18.0 26 1992-93  Southwest Texas State         26 7.0 13.1 7.0 12.8 0.0 0.3 4.1          7.2  9.8 1.8 1.0         1.0 18.0 .532 .544  .000 .564 .545 .532   F    JR
54          Jabari Johnson  17.9 28 2000-01           UT Arlington 28 28 35.0 5.5 13.2 3.1  7.3 2.4 5.9 4.6  5.7 1.0 2.8  3.8 2.3 1.6 0.0 2.6 2.5 17.9 .417 .431  .400 .805 .565 .507   G    SR
55          Damany Hendrix  17.7 29 2001-02                  Lamar 29 29 27.8 5.3 13.0 2.9  6.4 2.4 6.6 4.6  5.5 1.2 3.2  4.5 1.0 1.0 0.5 2.5 2.2 17.7 .411 .459  .365 .843 .568 .504   F    JR
56            Rodney Smith  17.7 27 1993-94                   UTSA 27 26 32.4 6.7 14.0 6.0 12.0 0.7 2.0 3.6          4.9  8.8 2.0 1.8 0.4 2.9 3.3 17.7 .479 .505  .327 .737 .542 .503   F    SR
57            Donte Mathis  17.6 28 1998-99  Southwest Texas State    28 35.2 6.4 14.5 5.2 11.2 1.2 3.3 3.6  4.8 1.8 4.8  6.6 2.8 2.0 0.2 2.6 2.1 17.6 .444 .465  .374 .752 .528 .486   G    SR
58              Leroy Hurd  17.6 22 2002-03                   UTSA 22 21 32.6 6.0 12.0 4.7  8.6 1.3 3.4 4.5  5.9 2.1 5.9  8.0 1.9 0.9 0.8 3.0 3.3 17.6 .498 .545  .378 .754 .597 .551   F    JR
59            Maurice Bell  17.6 22 1998-99    Northeast Louisiana 22 22 34.6 6.7 13.4 6.6 13.4 0.0 0.0 4.2  6.7 3.2 4.9  8.0 1.0 1.2 0.4 2.3 2.3 17.6 .498 .497 1.000 .626 .530 .500   F    JR
60           Demond Mallet  17.6 28 1998-99          McNeese State    28 34.5 5.9 14.1 3.2  6.2 2.7 7.9 3.1  3.6 0.7 2.4  3.0 2.5 2.3 0.0 2.3 2.4 17.6 .419 .520  .339 .853 .556 .514   G    JR
61         Johnny McDowell  17.6 28 1992-93           UT Arlington 28 28 30.0 6.8 11.3 6.7 10.9 0.1 0.3 3.9          6.9 10.0 2.8 1.4 0.9 4.5 3.9 17.6 .603 .611  .333 .562 .604 .608   F    SR
62             Donald Cole  17.5 30 2002-03      Sam Houston State 30 26 28.0 6.4 11.9 5.3  9.1 1.1 2.8 3.7  5.3 2.4 5.8  8.2 1.4 1.0 1.6 2.6 2.4 17.5 .535 .577  .398 .698 .608 .581   C    SR
63            Roderic Hall  17.4 27 1997-98                   UTSA 27 24 33.0 5.6 14.7 3.3  7.3 2.3 7.4 4.0          5.1  4.3 2.3 1.2 0.1 2.1 2.2 17.4 .379 .447  .312 .796 .511 .457   G    SR
64            Kethus Hanks  17.1 16 1990-91      Sam Houston State 16 11 27.9 5.8 13.0 3.3  6.8 2.6 6.3 2.9          3.9  3.9 2.6 2.4 0.3 3.1 2.6 17.1 .447 .481  .410 .746 .576 .546   G    JR
65             Jay Scherer  17.0 28 1990-91     Northwestern State         28 5.6 12.8 2.8  5.9 2.9 6.9 2.9          3.9  3.1 2.4 1.4         0.2 17.0 .443 .473  .417 .745 .583 .555   G    SO
66            Keith Greene  17.0 27 1999-00           UT Arlington 27 27 31.3 6.0 13.0 3.6  7.4 2.4 5.5 2.7  3.5 2.0 2.6  4.5 1.5 1.6 0.2 1.8 2.5 17.0 .460 .483  .430 .768 .581 .551   G    SR
67              Larry Carr  17.0 30 1994-95    Northeast Louisiana 30 29 32.3 5.7 11.7 2.7  4.5 3.0 7.3 2.5  3.1 2.2 3.8  5.9 1.5 0.8 0.6 2.2 2.1 17.0 .489 .612  .413 .806 .642 .616   F    SR
68             Larry Terry  16.9 26 1992-93     Northwestern State 26 26 30.5 5.7 11.9 3.4  5.7 2.2 6.2 3.3          4.2  5.2 2.3 1.5 1.4 2.2 2.8 16.9 .474 .601  .358 .798 .607 .568   F    JR
69               Tony Long  16.8 26 1994-95  Southwest Texas State    26 33.5 6.5 12.8 5.0  9.6 1.5 3.2 2.3          3.5  4.5 1.7 1.1 0.2     3.7 16.8 .509 .522  .470 .678 .584 .568   F    JR
70      Russell McCutcheon  16.8 29 1997-98         Nicholls State         29 6.5 13.5 4.4  7.8 2.0 5.8 1.8          2.2  3.4 2.4 1.7         0.1 16.8 .480 .573  .353 .815 .577 .555   G    SR
71           Robert Palmer  16.8 27 1995-96          McNeese State 27 24 31.6 6.0 13.1 4.4  8.2 1.6 4.9 3.1          4.3  4.6 2.0 1.2 0.4 2.0 2.9 16.8 .462 .541  .328 .724 .555 .523   G    JR
72          Derrick Turner  16.8 24 1990-91          McNeese State 24 16 28.5 6.7 11.1 6.7 11.1 0.0 0.0 3.3          6.3  8.5 0.7 0.6 0.8 2.8 2.7 16.8 .603       .603 .526 .593 .603   F    SR
73      Kenderick Franklin  16.7 28 1997-98         Nicholls State         28 5.4 10.9 4.3  7.8 1.1 3.2 4.7          6.5  5.1 1.8 1.0         0.9 16.7 .497 .558  .348 .729 .596 .547   F    SR
74            Kirby Lemons  16.7 28 2002-03       Louisiana Monroe 28 28 33.9 6.2 13.6 6.1 13.3 0.0 0.4 4.3  7.5 3.9 6.3 10.2 2.5 2.0 0.6 2.1 3.3 16.7 .453 .462  .100 .571 .485 .454   F    SR
75             Devin Brown  16.7 29 1998-99                   UTSA 29 29 30.9 5.5 13.1 3.8  7.7 1.8 5.4 3.9          5.1  6.1 2.2 1.6 0.6     2.3 16.7 .421 .487  .327 .757 .536 .488   G    FR
76        Gibbiarra Outten  16.6 14 1990-91      Sam Houston State 14 13 32.9 6.8 12.6 6.4 11.4 0.4 1.2 2.6          4.1  7.9 2.0 1.6 0.3 2.4 3.2 16.6 .537 .556  .353 .638 .570 .554   G    JR
77               Eric Gore  16.6 29 1990-91           UT Arlington    29 24.9 6.0 13.2 4.5  9.4 1.6 3.8 3.0          3.9  6.9 0.9 1.1 0.6     2.0 16.6 .456 .476  .405 .770 .551 .514   F    JR
78           Terrel Castle  16.6 28 1993-94         Nicholls State 28 27 33.5 5.5 13.8 3.8  8.5 1.8 5.3 3.8          5.6  3.6 3.6 1.9 0.0 3.6 3.1 16.6 .401 .441  .336 .669 .504 .465   G    JR
79          Reggie Jackson  16.4 28 1991-92         Nicholls State 28 25 32.9 6.0 10.7 6.0 10.7 0.0 0.0 4.4          7.2 11.1 0.9 1.8 1.0 2.0 3.0 16.4 .563       .563 .604 .581 .563   C    FR
80        Derrick Obasohan  16.4 29 2003-04           UT Arlington 29 29 31.8 5.6 12.1 4.6  9.6 1.0 2.6 4.3  5.4 1.4 4.5  5.9 1.4 0.6 0.4 3.0 2.6 16.4 .457 .478  .378 .801 .557 .497   F    SR
81           Fred Thompson  16.4 30 1989-90    Northeast Louisiana 30 30 29.2 5.5 11.7 3.0  6.3 2.5 5.4 2.9  3.4 1.0 2.4  3.4 1.5 0.9 0.0 1.8 2.5 16.4 .470 .479  .460 .853 .615 .575   G    SR
82             Donald Cole  16.4 28 2001-02      Sam Houston State 28 21 30.3 5.5 11.4 4.5  8.4 1.0 3.0 4.3  5.6 2.0 8.2 10.3 0.8 0.7 1.3 3.3 2.7 16.4 .481 .532  .341 .771 .580 .527   C    JR
83           Steven Barber  16.4 28 2000-01           UT Arlington 28 26 30.8 5.3 13.4 3.1  7.2 2.2 6.1 3.5  4.5 0.6 2.1  2.7 2.9 1.4 0.1 3.5 3.3 16.4 .398 .436  .355 .792 .528 .480   G    JR
84            Mike Dillard  16.3 25 1997-98      Sam Houston State         25 5.1 12.9 2.8  6.2 2.3 6.7 3.7          4.5  4.8 2.0 1.1         0.2 16.3 .396 .452  .345 .830 .541 .486   G    SR
85         Johnny McDowell  16.3 29 1991-92           UT Arlington 29 28 27.0 6.3  9.9 6.3  9.8 0.0 0.1 3.6          6.2  9.3 2.1 1.3 1.1 3.4 3.5 16.3 .641 .642  .500 .572 .634 .643   F    JR
86           Keith Richard  16.3 26 1996-97         Nicholls State         26 5.8 13.2 4.6  9.7 1.2 3.5 3.3          4.5  3.3 2.4 1.3         0.2 16.3 .443 .478  .348 .750 .531 .490   G    SR
87          Melvin Johnson  16.2 27 1992-93          McNeese State 27 26 31.5 6.2 13.5 5.1 10.3 1.1 3.2 2.8          4.2  4.6 1.0 0.4 0.8 2.0 2.1 16.2 .459 .496  .337 .658 .524 .499   F    SR
88             Roman Banks  16.2 28 1991-92     Northwestern State 28 28 27.1 6.0 12.1 5.0  9.5 1.0 2.6 3.4          5.3  3.7 3.9 2.3 0.2 2.7 2.9 16.2 .493 .526  .370 .646 .555 .532   G    SR
89             David Amaya  16.2 26 1998-99      Sam Houston State    26 29.5 6.1 12.6 5.9 12.0 0.2 0.5 3.7  5.2 2.3 4.5  6.8 1.5 1.0 0.3 2.4 3.4 16.2 .486 .489  .429 .719 .538 .495   F    JR
90           Russell Ponds  16.2 27 1992-93  Southwest Texas State    27 36.9 5.6 12.2 4.5  9.4 1.0 2.8 4.0          4.6  4.1 6.0 1.4 0.0     4.1 16.2 .456 .482  .368 .872 .563 .498   G    JR
91             Keith Horne  16.1 28 1991-92                   UTSA 28 28 30.9 5.5 12.7 3.1  5.5 2.4 7.2 2.9          3.7  4.2 1.9 1.9 0.4 2.3 2.3 16.1 .430 .561  .328 .777 .558 .522   F    SR
92      Alvydas Pazdrazdis  16.0 27 1994-95          McNeese State 27 27 35.3 5.4 11.9 3.4  6.2 2.1 5.7 3.0          4.6  5.4 1.9 2.2 0.4 2.5 3.5 16.0 .459 .545  .366 .661 .570 .547   F    JR
93       Jeremy Burkhalter  16.0 26 1998-99      Sam Houston State    26 33.1 5.8 13.5 3.9  7.5 1.9 6.0 2.3  3.1 1.1 2.9  4.0 1.5 0.9 0.2 2.3 2.4 16.0 .434 .526  .321 .753 .534 .506   G    SO
94       Jeremy Burkhalter  15.9 29 1999-00      Sam Houston State 29 29 34.0 5.8 12.7 3.2  6.2 2.6 6.5 1.9  2.7 0.9 3.1  4.1 1.3 1.7 0.3 2.3 2.3 15.9 .453 .517  .392 .692 .569 .553   G    JR
95             Steve Meyer  15.9 27 1997-98                   UTSA 27 24 31.6 5.6 11.6 4.4  8.4 1.1 3.2 3.7          4.8  4.9 2.0 1.0 0.5 2.7 2.4 15.9 .479 .531  .345 .775 .574 .527   G    JR
96         Dexter Grimsley  15.9 28 1990-91     Northwestern State         28 6.5 12.7 6.5 12.5 0.0 0.2 2.8          5.0  7.7 2.4 1.3         1.7 15.9 .513 .517  .200 .568 .527 .514   F    SO
97        Amir Abdur-Rahim  15.9 27 2001-02 Southeastern Louisiana 27 27 33.2 5.1 13.6 2.3  5.8 2.9 7.8 2.8  4.0 0.7 2.7  3.5 1.9 1.2 0.0 2.7 2.5 15.9 .377 .391  .367 .688 .512 .482   G    SO
98    Michael Byars-Dawson  15.8 31 2001-02     Northwestern State 31 31 30.5 5.4 13.0 3.5  8.2 1.9 4.8 3.2  4.7 1.5 2.5  4.0 2.1 2.0 0.2 2.6 2.7 15.8 .414 .431  .387 .673 .519 .486   G    SR
99             Chris Bacon  15.8 28 2000-01         Nicholls State 28 26 27.5 6.3 13.7 6.3 13.6 0.0 0.1 3.1  5.1 3.0 4.4  7.4 1.6 0.6 0.5 2.3 3.7 15.8 .462 .466  .000 .604 .488 .462   F    SR
100            David Amaya  15.7 29 1999-00      Sam Houston State 29 29 28.6 5.9 11.4 5.7 10.8 0.2 0.7 3.8  5.3 2.2 4.2  6.4 1.3 0.7 0.3 2.4 3.2 15.7 .517 .532  .263 .703 .563 .524   F    SR
101          Ronnie Morgan  15.7 21 1989-90            North Texas 21 19 33.2 6.3 12.0 6.3 12.0 0.0 0.0 3.0          5.3 12.6 1.3 1.5 1.1 2.5 3.8 15.7 .526       .526 .577 .540 .526   F    JR
102             Ron Austin  15.7 27 2002-03                  Lamar 27 27 35.5 5.4 12.0 3.2  6.1 2.2 5.9 2.8  3.7 0.8 2.9  3.7 1.5 0.9 0.6 2.5 2.4 15.7 .449 .521  .373 .750 .572 .540   G    SR
103         Damany Hendrix  15.7 27 2002-03                  Lamar 27 25 29.1 5.1 13.0 3.0  6.8 2.1 6.1 3.4  4.6 1.2 3.5  4.7 2.1 0.7 0.3 3.6 2.7 15.7 .391 .440  .337 .744 .517 .471   F    SR
104        Arthur Haralson  15.6 22 1999-00         Nicholls State 22 22 29.5 5.8 13.0 5.6 12.5 0.1 0.5 4.0  5.8 2.6 2.7  5.3 1.5 2.0 0.2 2.6 2.8 15.6 .443 .449  .273 .680 .495 .448   F    JR
105            Steve Meyer  15.6 24 1998-99                   UTSA 24 21 28.7 5.4 11.5 3.8  7.0 1.6 4.5 3.3          4.5  4.4 2.3 0.9 0.3     2.5 15.6 .469 .545  .352 .722 .573 .538   G    SR
106             Frank Mata  15.6 27 1995-96      Sam Houston State         27 4.8  8.9 4.8  8.9 0.0 0.1 5.9          8.3  6.9 2.1 1.1         1.8 15.6 .539 .540  .500 .713 .605 .541   C    SR
107       Jermaine Wallace  15.5 28 2003-04     Northwestern State 28 28 31.7 5.7 13.8 4.0  8.1 1.7 5.7 2.4  3.5 2.1 2.9  5.0 1.4 1.1 0.6 1.8 2.0 15.5 .412 .491  .300 .694 .502 .474   G    SO
108        Raymond Anthony  15.5 29 2003-04                  Lamar 29 28 33.4 4.9 12.7 1.7  3.8 3.2 8.9 2.4  2.6 1.0 2.7  3.7 3.8 2.0 0.0 2.4 2.0 15.5 .389 .445  .364 .908 .556 .516   G    JR
109          Willie Depron  15.4 27 2003-04         Nicholls State 27 27 37.5 5.5 14.4 4.4 10.7 1.1 3.7 3.3  4.9 1.0 4.7  5.7 3.6 2.4 0.3 3.2 2.1 15.4 .384 .413  .300 .669 .462 .423   G    JR
110          Robert Taylor  15.4 21 1996-97           UT Arlington         21 5.7 15.2 4.6 12.1 1.1 3.1 2.9          4.8  8.5 1.7 0.7         0.3 15.4 .376 .382  .354 .610 .442 .412   F    JR
111            Jack Little  15.4 26 1992-93      Stephen F. Austin 26 26 34.3 5.9 11.6 3.7  5.8 2.2 5.8 1.4          1.9  5.1 1.4 1.4 0.1 0.8 1.3 15.4 .508 .633  .384 .740 .617 .605   F    SR
112       Amir Abdur-Rahim  15.4 27 2002-03 Southeastern Louisiana 27 18 30.5 5.2 15.1 3.4  8.1 1.9 7.0 3.1  4.2 0.5 2.8  3.3 2.1 1.4 0.1 1.7 2.6 15.4 .346 .414  .266 .743 .451 .407   G    JR
113          Maxwell Curry  15.4 27 1989-90  Southwest Texas State         27 5.7 13.5 2.8  6.5 2.9 7.0 1.2          1.9  4.4 1.4 1.1         0.0 15.4 .419 .429  .411 .615 .534 .526   G    JR
114           Bobby Kenyon  15.4 29 1991-92           UT Arlington 29 29 30.0 5.9 12.1 5.6 11.0 0.3 1.1 3.2          4.4  7.0 1.9 1.3 0.2 2.3 3.4 15.4 .487 .503  .323 .740 .542 .501   C    SR
115         Ronnie Ellison  15.4 29 1991-92                   UTSA 29 29 32.7 4.9 11.8 2.9  6.0 2.0 5.8 3.6          4.6  4.6 6.4 2.2 0.2 3.1 2.8 15.4 .415 .480  .347 .776 .550 .500   G    SR
116         Terry Conerway  15.4 28 2002-03  Southwest Texas State 28 25 26.9 4.8  9.7 2.3  3.7 2.4 6.0 3.4  4.2 2.3 3.4  5.7 2.3 2.3 0.5 1.5 3.0 15.4 .489 .625  .405 .814 .655 .614   G    JR
117           Joe Thompson  15.3 28 2003-04      Sam Houston State 28 24 31.3 5.2 11.7 3.8  7.6 1.4 4.1 3.6  4.7 1.8 3.6  5.4 4.0 1.5 0.1 2.4 1.5 15.3 .442 .505  .328 .771 .550 .500   G    JR
118          Antonio Burks  15.3 30 2003-04      Stephen F. Austin 30 30 30.1 5.8 11.9 3.2  6.4 2.6 5.5 1.0  1.4 1.3 3.2  4.5 1.4 0.5 0.1 1.4 2.7 15.3 .492 .505  .476 .756 .611 .601   F    SR
119           Maurice Bell  15.3 28 1997-98    Northeast Louisiana 28 15 28.7 5.7 10.9 5.7 10.9 0.0 0.0 3.9  5.0 3.0 3.3  6.2 1.3 1.1 0.5 1.3 2.3 15.3 .521 .523  .000 .784 .575 .521   F    SO
120         Leonard Wilson  15.2 29 1990-91           UT Arlington         29 5.3 10.1 4.2  7.0 1.1 3.1 3.5          4.4  4.3 0.9 1.3         0.0 15.2 .524 .606  .341 .795 .621 .577   F    SO
121            Landon Rowe  15.2 31 1999-00                  Lamar 31 31 32.6 5.7 13.2 4.1  9.2 1.6 4.0 2.1  2.9 1.9 4.9  6.8 1.1 1.0 0.7 2.2 2.3 15.2 .433 .444  .407 .733 .520 .494   F    SR
122          Anthony Jones  15.1 30 1989-90    Northeast Louisiana 30  9 28.5 5.3 10.6 3.5  6.6 1.8 4.0 2.7  3.1 1.1 2.9  4.0 1.9 1.9 0.6 1.5 1.9 15.1 .503 .533  .454 .851 .626 .588   F    JR
123       Amir Abdur-Rahim  15.1 29 2003-04 Southeastern Louisiana 29 29 31.6 4.7 12.8 2.4  5.9 2.3 6.9 3.3  4.1 0.7 2.3  3.0 2.2 1.7 0.2 2.3 2.2 15.1 .370 .409  .337 .815 .513 .461   G    SR
124       Terrell Petteway  15.1 28 2003-04                  Lamar 28 27 28.9 6.1 12.2 6.1 11.8 0.0 0.4 2.8  4.9 3.0 4.8  7.8 0.7 0.6 0.9 2.4 3.8 15.1 .501 .515  .091 .581 .520 .503   F    SR
125         Marcus Anthony  15.0 29 1997-98    Northeast Louisiana 29 26 24.6 5.1 11.4 2.8  5.7 2.2 5.8 2.6  4.1 1.7 2.7  4.3 1.6 1.6 0.3 2.5 3.1 15.0 .443 .500  .387 .644 .560 .541   G    SO
126           Willie Brand  15.0 27 1990-91           UT Arlington    27 33.6 4.9 11.0 2.1  4.4 2.9 6.6 2.3          2.9  4.2 3.9 2.0 0.1     2.0 15.0 .448 .467  .435 .795 .606 .577   G    SR
127         Leonard Wilson  15.0 28 1992-93           UT Arlington 28 28 30.0 5.0 10.6 3.8  6.5 1.2 4.1 3.8          4.9  4.8 2.4 0.8 0.3 2.2 2.8 15.0 .466 .574  .296 .775 .576 .523   F    SR
128      Jeremy Burkhalter  14.9 26 1997-98      Sam Houston State    26 30.8 5.3 11.6 3.7  7.4 1.7 4.2 2.7          3.4  3.3 1.7 0.8         0.3 14.9 .457 .492  .394 .775 .564 .528   G    FR
129        Roosevelt Moore  14.9 25 1992-93      Sam Houston State 25 11 29.9 4.9 10.2 2.0  4.8 2.9 5.5 2.1          2.5  3.6 3.8 1.6 0.0 2.7 3.5 14.9 .480 .420  .533 .855 .652 .623   G    JR
130          Jason Coleman  14.9 29 2002-03          McNeese State 29 22 28.6 4.9 12.6 1.9  4.4 3.0 8.2 2.1  2.5 0.7 2.1  2.8 1.3 0.9 0.1 1.2 1.7 14.9 .390 .433  .367 .822 .541 .510   G    SR
131           Darrik Clark  14.9 27 1992-93          McNeese State 27 26 34.3 4.5 10.3 2.7  5.3 1.8 5.0 4.1          5.1  3.8 3.5 2.0 0.1 5.1 3.2 14.9 .434 .500  .363 .797 .582 .522   G    JR
132          George Conner  14.9 27 1990-91  Southwest Texas State         27 5.2 13.0 3.1  7.7 2.0 5.4 2.4          3.1  5.6 1.8 0.9         0.2 14.9 .398 .411  .379 .776 .511 .476   G    JR
133           Keith Greene  14.8 26 1998-99           UT Arlington    26 34.5 4.9 10.9 2.4  5.5 2.5 5.3 2.5  3.1 1.3 3.3  4.5 2.7 1.5 0.1 2.3 2.3 14.8 .452 .438  .468 .802 .600 .567   G    JR
134        Troy Washington  14.8 26 1990-91  Southwest Texas State         26 5.3 11.9 2.6  5.0 2.7 6.9 1.5          1.9  3.1 1.1 0.8         0.2 14.8 .447 .527  .389 .816 .581 .560   F    JR
135           Anthony Cook  14.8 21 1996-97    Northeast Louisiana 21 18 28.3 5.2 12.3 3.7  6.9 1.5 5.4 2.8  3.7 1.6 3.4  5.0 2.7 2.2 0.2 2.6 2.9 14.8 .426 .538  .283 .756 .527 .488   G    SR
136         Charles Duncan  14.8 28 1996-97     Northwestern State    28 32.9 5.3 13.3 2.5  6.6 2.8 6.6 1.5          2.3  5.2 2.3 1.3         0.1 14.8 .399 .384  .414 .651 .516 .503   G    JR
137             Clay Click  14.7 26 2001-02  Southwest Texas State 26 21 27.6 4.4 10.5 1.2  2.9 3.2 7.6 2.7  3.0 0.4 2.7  3.1 1.9 1.1 0.2 2.2 2.6 14.7 .420 .421  .419 .885 .614 .571   G    SR
138            Roman Banks  14.7 29 1989-90     Northwestern State         29 5.2 10.1 4.9  9.1 0.3 1.0 4.0          5.6  4.8 5.4 1.7         0.0 14.7 .512 .536  .286 .722 .574 .526   G    JR
139           Skip Jackson  14.6 24 2000-01      Stephen F. Austin 24 22 33.7 5.0 12.2 2.7  6.2 2.3 6.0 2.3  3.1 0.4 2.1  2.5 1.1 1.1 0.0 2.5 2.4 14.6 .410 .439  .379 .757 .535 .503   G    SO
140      Jeremy Burkhalter  14.6 29 2000-01      Sam Houston State 29 27 31.7 5.5 13.8 4.0  8.5 1.4 5.3 2.2  2.9 1.8 3.4  5.2 2.9 1.2 0.3 2.2 2.6 14.6 .398 .476  .275 .753 .483 .451   G    SR
141             Ron Austin  14.6 29 2001-02                  Lamar 29 27 33.5 5.2 12.4 3.4  7.1 1.7 5.3 2.5  3.8 0.9 2.7  3.7 1.5 1.0 0.3 2.3 1.7 14.6 .417 .485  .325 .664 .513 .486   G    JR
142       Jason McCutcheon  14.6 29 1998-99         Nicholls State    29 30.7 5.6 13.1 5.2 11.8 0.4 1.3 3.0  4.3 1.8 4.6  6.3 2.4 1.4 0.9 2.5 2.8 14.6 .426 .440  .297 .702 .481 .441   F    SR
143           Brian Lubeck  14.5 32 2001-02       Louisiana Monroe 32 32 30.5 5.6 12.9 4.2  8.6 1.4 4.4 1.9  2.6 2.0 5.6  7.6 1.9 1.4 0.3 2.0 2.0 14.5 .432 .489  .321 .714 .510 .487   F    SR
144          Damon Johnson  14.5 26 1995-96           UT Arlington         26 5.5 10.1 5.5 10.0 0.0 0.1 3.4          6.3  6.9 0.9 0.4         0.3 14.5 .544 .546  .333 .539 .551 .546   F    SR
145         Melvin Johnson  14.4 29 1991-92          McNeese State 29 27 34.4 5.3 11.9 4.3  9.0 1.0 2.9 2.8          3.8  5.8 0.6 0.8 0.6 2.0 2.2 14.4 .448 .483  .341 .721 .525 .490   F    JR
146          Jason Coleman  14.4 30 2001-02          McNeese State 30 17 27.1 5.2 13.4 2.6  6.1 2.5 7.2 1.6  2.3 0.5 2.0  2.5 1.0 1.1 0.1 1.7 1.7 14.4 .387 .429  .350 .681 .499 .481   G    JR
147          Donald Harris  14.4 26 1998-99           UT Arlington    26 32.9 5.1 13.1 3.9  9.2 1.2 3.9 3.0  4.3 1.7 4.0  5.7 2.5 1.4 0.2 2.3 2.4 14.4 .391 .427  .307 .696 .477 .437   G    SR
148          Eric Leftwich  14.4 28 1995-96      Stephen F. Austin         28 4.9  9.8 3.9  6.7 0.9 3.1 3.7          4.9  5.1 1.9 1.2         0.2 14.4 .496 .585  .302 .754 .592 .544   F    SR
149          Keith Johnson  14.3 31 1992-93    Northeast Louisiana 31 30 32.1 5.3  9.2 4.3  6.9 1.0 2.3 2.6  3.3 1.6 2.1  3.6 4.3 2.8 0.2 2.8 2.8 14.3 .577 .621  .444 .784 .661 .633   G    SR
150       Jason McCutcheon  14.2 29 1997-98         Nicholls State    29 30.3 5.3 10.3 5.1  9.6 0.2 0.8 3.5          4.4  5.9 2.3 2.0         1.3 14.2 .512 .531  .273 .789 .574 .522   F    JR
151           Linzie Green  14.2 27 1998-99         Nicholls State    27 25.6 4.8 11.7 3.3  6.9 1.4 4.8 3.2  3.9 1.1 1.6  2.7 1.5 1.0 0.1 1.7 1.6 14.2 .410 .484  .302 .829 .526 .471   F    SR
152          Rontrek Floyd  14.2 28 1995-96      Stephen F. Austin         28 4.8 13.4 2.0  4.7 2.7 8.7 2.0          2.5  2.7 1.7 1.0         0.0 14.2 .354 .432  .311 .800 .486 .455   G    SR
153          Nathan Randle  14.2 25 1993-94      Stephen F. Austin         25 4.8 11.2 4.0  8.1 0.8 3.1 3.7          5.1  5.5 1.6 0.7         0.0 14.2 .432 .500  .256 .732 .522 .468   F    SR
154            Jeff Foster  14.2 28 1998-99  Southwest Texas State    28 28.1 5.1 10.2 5.1 10.2 0.0 0.0 4.0  5.8 5.0 6.3 11.3 1.5 1.1 1.0 2.0 3.0 14.2 .498       .498 .693 .548 .498   C    SR
155       Michael Gardener  14.2 29 2003-04 Southeastern Louisiana 29 29 34.1 4.7 10.3 3.3  6.7 1.4 3.6 3.4  4.6 0.7 2.4  3.1 4.9 1.5 0.1 2.9 2.6 14.2 .455 .492  .385 .739 .567 .522   G    SR
156          Derek Haywood  14.1 27 1990-91          McNeese State 27 27 35.4 5.6 10.7 5.1  9.2 0.5 1.5 2.4          3.9  7.2 2.4 1.3 0.4 2.2 1.2 14.1 .524 .552  .350 .629 .565 .549   G    JR
157              Ron Banks  14.1 27 1999-00      Stephen F. Austin 27 27 28.0 5.1  9.2 5.0  8.6 0.1 0.6 3.8  5.4 2.0 3.4  5.4 1.5 0.9 0.4 3.0 2.8 14.1 .556 .580  .235 .703 .603 .565   F    JR
158           Kevin Barker  14.1 28 1994-95      Stephen F. Austin         28 4.4  8.2 3.3  5.3 1.2 2.9 4.1          5.1  7.0 1.7 0.7         0.4 14.1 .541 .615  .407 .804 .667 .614   F    SR
159            Leon Watson  14.1 27 1997-98                   UTSA 27 27 31.4 5.6  9.1 5.6  9.1 0.0 0.0 2.9          6.4  9.7 0.6 1.3 2.4 1.9 3.8 14.1 .616       .616 .448 .580 .616   F    SO
160             Keith Tate  14.0 26 1997-98      Stephen F. Austin    26 28.7 5.3 10.6 5.2 10.0 0.1 0.6 3.3          4.3  5.0 0.7 0.6         0.3 14.0 .500 .519  .188 .775 .555 .505   F    JR
161            Percy Green  14.0 28 2001-02      Stephen F. Austin 28 28 25.5 6.0 11.9 6.0 11.8 0.0 0.0 2.1  3.4 1.8 3.6  5.4 1.5 0.9 0.2 2.5 2.3 14.0 .503 .505  .000 .615 .520 .503   F    JR
162        Wesley Williams  14.0 29 1999-00  Southwest Texas State 29 29 31.1 5.0 12.1 3.3  7.6 1.7 4.5 2.3  2.9 1.4 3.8  5.1 1.3 0.6 0.1 2.3 2.8 14.0 .413 .430  .385 .807 .521 .484   G    SR
163         Edward Garriet  14.0 27 2003-04          McNeese State 27 24 32.9 5.0 12.4 1.7  3.8 3.3 8.6 0.8  0.9 0.7 3.3  4.1 1.5 1.2 0.4 1.3 1.6 14.0 .401 .437  .385 .840 .546 .534   G    JR
164          Howard Nathan  14.0 23 1993-94    Northeast Louisiana 23 20 33.0 4.9 11.6 3.7  7.2 1.1 4.4 3.1  4.1 1.0 1.5  2.5 7.8 2.2 0.1 4.1 2.5 14.0 .419 .521  .255 .758 .516 .468   G    SO
165           Roderic Hall  14.0 26 1996-97                   UTSA 26 19 29.1 5.2 12.2 3.3  6.6 1.8 5.6 1.9          2.9  3.7 1.9 0.9 0.1 1.6 2.2 14.0 .424 .509  .324 .645 .517 .498   G    JR
166            Jason Blair  14.0 29 1999-00  Southwest Texas State 29 29 30.5 4.9  9.1 4.9  9.1 0.0 0.0 4.1  6.1 3.3 4.9  8.2 1.3 0.8 0.1 1.2 1.8 14.0 .542       .542 .669 .581 .542   C    SO
167          Eric Leftwich  14.0 28 1994-95      Stephen F. Austin         28 4.4  9.0 2.9  5.0 1.5 4.0 3.7          4.9  4.7 1.4 0.7         0.5 14.0 .486 .574  .375 .757 .616 .569   F    JR
168            Wayne Allen  14.0 27 1996-97      Stephen F. Austin    27 27.7 5.0  9.7 5.0  9.4 0.0 0.2 3.9          5.9  8.0 2.6 1.4         0.4 14.0 .517 .525  .167 .663 .559 .519   C    JR
169            Louis Davis  13.9 29 1991-92    Northeast Louisiana 29 29 32.6 4.6 12.2 3.2  7.1 1.4 5.1 3.3  4.3 2.2 2.9  5.1 2.6 1.3 0.2 2.2 2.9 13.9 .380 .454  .277 .754 .489 .438   G    JR
170        Milton Hamilton  13.9 19 1990-91      Sam Houston State 19 10 26.6 5.1  8.7 5.1  8.5 0.0 0.2 3.8          4.6  7.1 1.0 1.0 0.2 1.3 3.0 13.9 .582 .596  .000 .828 .640 .582   F    JR
171          Donald Harris  13.8 29 1997-98           UT Arlington    29 27.0 5.2 12.0 4.1  8.8 1.1 3.2 2.4          3.2  4.0 1.3 0.9         0.4 13.8 .432 .465  .344 .742 .513 .478   G    JR
172          Afis Olajuwon  13.8 27 1993-94                   UTSA 27 10 26.2 5.5 12.4 4.9  9.9 0.7 2.5 2.1          2.8  4.8 2.3 1.4 0.4 2.0 2.8 13.8 .445 .489  .269 .750 .503 .472   G    SR
173          Dameon Sansom  13.8 28 1996-97  Southwest Texas State         28 4.6 11.2 2.9  6.3 1.8 4.9 2.7          3.3  3.1 1.5 0.9         0.1 13.8 .414 .452  .365 .835 .540 .494   G    SR
174           Seth LeGrand  13.8 27 1997-98     Northwestern State         27 5.2  9.6 5.2  9.6 0.0 0.0 3.4          5.3  7.1 0.9 1.1         0.5 13.8 .543       .543 .643 .571 .543   C    SR
175           Javan Rouzan  13.8 28 1994-95      Stephen F. Austin    28 28.5 5.3 11.3 5.2 11.0 0.0 0.3 3.2          5.3 11.1 2.0 0.8 0.6     2.1 13.8 .467 .474  .143 .612 .500 .468   C    JR
176           Brian Lubeck  13.7 27 2000-01       Louisiana Monroe 27 27 32.3 5.0 11.7 3.5  7.5 1.6 4.2 2.1  3.2 2.4 6.6  9.0 1.5 0.9 0.2 2.6 2.7 13.7 .430 .463  .372 .655 .519 .497   F    JR
177         Charles Duncan  13.7 27 1997-98     Northwestern State         27 4.9 10.5 2.9  5.7 2.0 4.7 2.1          2.8  5.4 1.4 0.7         0.1 13.7 .463 .503  .414 .747 .582 .557   G    SR
178         Greg Puckering  13.7 26 1992-93         Nicholls State 26 25 27.8 5.3 12.0 4.4  8.9 0.9 3.1 2.1          3.1  3.0 1.7 2.1 0.2 2.4 1.7 13.7 .444 .496  .296 .688 .509 .482   G    SR
179          Damon Wordlaw  13.7 27 1994-95          McNeese State 27 26 30.2 4.3 10.9 1.1  2.4 3.2 8.5 1.9          2.5  2.6 3.1 1.5 0.0 1.8 1.8 13.7 .395 .446  .380 .750 .567 .543   G    SR
180          Matt Sundblad  13.7 28 1998-99                  Lamar    28 29.1 3.9  9.5 1.0  2.8 2.9 6.6 3.0  3.4 0.4 3.0  3.4 2.2 0.6 0.0 2.1 2.8 13.7 .411 .354  .435 .884 .617 .564   G    SR
181           Ike Akotaobi  13.6 27 2002-03                   UTSA 27 19 27.4 4.3  9.1 2.3  4.5 2.0 4.6 2.9  3.9 1.1 2.4  3.5 1.0 0.4 0.2 1.8 2.7 13.6 .476 .512  .440 .745 .621 .587   F    SR
182              Eric Gore  13.6 22 1991-92           UT Arlington 22 12 23.0 4.8 11.1 2.5  5.3 2.4 5.9 1.6          2.5  5.3 1.1 0.6 0.3 2.2 3.2 13.6 .433 .466  .403 .625 .550 .539   F    SR
183        Dexter Grimsley  13.6 28 1991-92     Northwestern State 28 26 24.5 5.5 10.6 5.5 10.6 0.0 0.0 2.5          5.1  5.7 1.4 0.9 1.5 1.8 2.9 13.6 .522       .522 .486 .520 .522   F    JR
184         Terry Conerway  13.6 28 2003-04 Texas State San Marcos 28 28 25.1 4.2 10.6 2.2  4.6 2.0 6.0 3.1  4.0 2.0 2.6  4.6 2.8 1.8 0.3 2.2 3.0 13.6 .396 .469  .339 .784 .542 .492   G    SR
185           Mike Dillard  13.5 26 1994-95      Sam Houston State 26 21 31.3 4.7 11.3 2.0  4.3 2.6 7.0 1.6          1.9  4.1 2.7 1.2 0.2 2.5 2.0 13.5 .413 .477  .374 .820 .554 .529   G    FR
186            Louis Davis  13.5 31 1992-93    Northeast Louisiana 31 31 29.8 4.6 10.0 2.7  5.3 1.9 4.7 2.3  3.5 1.6 2.5  4.1 2.0 2.0 0.2 1.5 2.8 13.5 .466 .515  .411 .642 .579 .563   G    SR
187            Sean Miller  13.5 29 1993-94           UT Arlington 29 29 31.0 4.7 10.1 4.6  9.8 0.1 0.3 4.1          5.3  3.1 5.1 1.1 0.1 3.1 1.5 13.5 .459 .467  .222 .778 .533 .463   G    SR
188        Terrance Lofton  13.4 27 1999-00      Stephen F. Austin 27 27 30.5 4.7  9.9 3.7  7.0 1.0 2.9 2.9  3.7 2.0 2.5  4.5 2.7 2.4 0.3 2.4 2.5 13.4 .478 .529  .354 .782 .574 .530   G    SR
189          Franklin Paul  13.4 23 1998-99          McNeese State    23 30.0 4.6 10.9 3.1  6.2 1.4 4.7 2.9  4.3 2.8 5.3  8.1 2.6 2.8 0.6 2.1 2.6 13.4 .420 .503  .308 .660 .519 .486   F    SR
190        Carlos Funchess  13.4 30 1989-90    Northeast Louisiana 30 20 28.2 5.3 10.1 4.4  8.1 1.0 2.1 1.8  2.7 1.9 4.7  6.6 1.3 0.9 1.0 1.8 2.2 13.4 .526 .541  .468 .659 .588 .574   F    JR
191           Dennis Green  13.4 25 1989-90      Sam Houston State         25 4.7 12.4 3.5  8.4 1.2 4.0 2.8          4.3  4.7 5.4 1.8         0.4 13.4 .376 .412  .300 .664 .463 .424   G    SR
192            Rob Wallace  13.4 29 1992-93                   UTSA 29 26 29.8 4.7  9.9 4.4  8.8 0.3 1.1 3.5          5.3  5.1 2.1 1.1 0.2 1.8 2.7 13.4 .477 .508  .242 .667 .539 .491   F    SR
193          Russell Ponds  13.4 32 1993-94  Southwest Texas State         32 4.3 10.0 3.3  7.6 1.0 2.5 3.9          5.2  3.7 5.1 1.6         0.1 13.4 .424 .434  .392 .749 .535 .472   G    SR
194         Anthony Durham  13.3 29 1997-98           UT Arlington         29 4.8 11.2 2.8  4.9 2.0 6.3 1.8          2.2  5.1 1.5 1.1         0.3 13.3 .423 .559  .317 .841 .544 .512   F    SR
195          Jesse Ratliff  13.3 30 1990-91            North Texas 30 20 24.9 5.2 10.5 5.1  9.8 0.1 0.7 2.8          4.0  6.1 1.3 1.8 0.3 1.9 2.5 13.3 .495 .519  .182 .694 .537 .502   F    FR
196           Tierre Brown  13.3 26 1997-98          McNeese State    26 28.4 5.2 10.0 4.3  8.0 0.8 2.0 2.1          3.1  3.5 2.9 1.3         0.2 13.3 .517 .543  .415 .675 .579 .559   G    FR
197            Chris Smith  13.3 28 1995-96            North Texas    28 27.8 4.5  9.0 4.4  8.6 0.1 0.4 4.1          6.0  4.8 1.4 0.5         0.8 13.3 .504 .512  .300 .689 .561 .510   C    SR
198            Gerard King  13.3 28 1991-92         Nicholls State 28 23 25.3 4.9  9.8 4.9  9.8 0.0 0.0 3.5          5.5  5.3 0.9 1.1 1.1 2.3 3.6 13.3 .500 .502  .000 .641 .537 .500   F    SO
199          Paul Marshall  13.3 32 1994-95    Northeast Louisiana 32 30 31.4 4.8 12.6 2.8  6.2 2.0 6.4 1.8  2.4 0.6 2.5  3.1 2.4 1.9 0.0 1.9 1.7 13.3 .380 .457  .306 .727 .483 .458   G    JR
200        Dexter Grimsley  13.3 29 1989-90     Northwestern State         29 5.7 12.2 5.4 11.8 0.2 0.4 1.8          3.0  6.9 1.9 0.9         1.3 13.3 .462 .461  .500 .593 .486 .470   F    FR
[/code]

Provided by [url=https://www.sports-reference.com/sharing.html?utm_source=direct&utm_medium=Share&utm_campaign=ShareTool]Stathead[/url]: [url=https://www.sports-reference.com/stathead/basketball/cbb/player-season-finder.cgi?utm_source=direct&utm_medium=Share&utm_campaign=ShareTool]Found with Stathead. See Full Results.[/url]
Generated 6/11/2026.