[code]                                                                                                                                                                                                
                                                                                                                                                                                            Per 
Rk                Player PTS/G  G  Season                      Team  G GS   MP  FG  FGA  2P  2PA  3P  3PA  FT FTA ORB DRB  TRB AST STL BLK TOV  PF  PTS  FG%  2P%   3P%  FT%  TS% eFG% Pos Class
1             Mike Helms  26.9 28 2002-03                   Oakland 28 28 34.5 8.6 19.0 6.0 12.1 2.6  7.0 7.0 9.4 1.3 2.7  4.0 2.0 1.4 0.3 3.8 3.1 26.9 .452 .494  .379 .745 .571 .522   G    JR
2         Michael Watson  25.5 29 2002-03               Kansas City 29 28 38.8 8.5 22.6 4.4 11.0 4.1 11.6 4.4 5.9 0.8 2.9  3.7 3.8 1.4 0.2 3.7 2.4 25.5 .377 .404  .350 .753 .502 .466   F    JR
3           Bill Edwards  25.2 30 1992-93              Wright State 30 30 35.6 9.6 18.5 8.2 14.7 1.4  3.8 4.6         5.9  9.6 2.2 2.0         0.6 25.2 .518 .554  .377 .784 .592 .557   F    SR
4           Sherell Ford  24.3 29 1993-94          Illinois-Chicago 29 29 34.4 9.6 19.3 8.7 16.3 0.9  3.0 4.1         5.9  8.8 1.1 1.9 1.6 2.5 2.5 24.3 .498 .535  .299 .698 .549 .521   F    JR
5         Michael Watson  23.4 29 2003-04               Kansas City 29 28 37.9 7.8 19.2 4.4 10.4 3.3  8.9 4.6 5.3 0.7 2.7  3.4 3.6 1.4 0.2 2.8 2.7 23.4 .403 .429  .374 .865 .538 .489   F    SR
6             Mike Helms  23.2 30 2003-04                   Oakland 30 25 30.7 7.5 18.5 4.8 10.9 2.6  7.6 5.6 7.5 0.8 2.8  3.6 2.4 1.5 0.5 2.7 3.2 23.2 .403 .442  .346 .750 .525 .474   G    SR
7          Odell Bradley  23.1 29 2003-04                     IUPUI 29 29 37.6 8.1 16.8 7.0 13.4 1.1  3.4 5.9 7.7 2.3 6.2  8.5 2.3 0.8 0.2 3.4 2.5 23.1 .483 .526  .313 .762 .566 .514   G    SR
8         Michael Watson  21.9 29 2001-02               Kansas City 29 29 39.3 7.6 21.6 4.4 12.1 3.2  9.5 3.5 4.4 0.7 2.5  3.1 2.8 1.9 0.2 3.5 1.7 21.9 .353 .369  .333 .789 .462 .427   F    SO
9      Andrew Wisniewski  21.9 28 2003-04            Centenary (LA) 28 28 35.0 7.0 13.7 4.6  8.0 2.4  5.6 5.5         7.0  3.5 4.3 1.6         0.0 21.9 .512 .578  .418 .786 .643 .598   G    SR
10        Kenny Williams  21.7 32 1992-93          Illinois-Chicago 32 32 35.5 7.9 16.3 5.2  9.8 2.8  6.5 3.1         4.1  3.3 5.0 1.8 0.2 3.5 2.8 21.7 .486 .529  .421 .762 .594 .570   G    JR
11        Kenny Williams  21.5 29 1993-94          Illinois-Chicago 29 29 35.7 7.0 16.0 4.2  9.3 2.8  6.8 4.8         5.8  2.9 4.6 2.5 0.2 3.1 2.4 21.5 .434 .454  .408 .833 .573 .520   G    SR
12          Tony Bennett  21.5 31 1990-91                 Green Bay 31 30 36.1 7.4 13.5 4.8  8.7 2.6  4.8 4.1         4.9  2.4 5.0 1.2 0.1 2.1 2.6 21.5 .547 .554  .533 .836 .677 .642   G    JR
13          Tracy Gipson  21.3 28 1992-93                Valparaiso 28 28 37.4 7.8 16.7 6.8 14.5 1.0  2.2 4.8         5.7  3.6 3.4 1.5 0.1 3.2 2.4 21.3 .465 .466  .459 .836 .548 .495   G    SR
14         Andrell Hoard  21.1 27 1995-96     Northeastern Illinois    27 33.1 8.3 20.4 7.3 16.8 1.0  3.6 3.6         6.0  4.3 2.6 3.6 0.7     3.9 21.1 .404 .434  .265 .602 .453 .428   G    JR
15          Bill Edwards  20.9 28 1991-92              Wright State 28 28 33.5 7.4 15.1 5.9 11.3 1.5  3.8 4.7         6.6  8.0 2.3 1.4 1.0 3.3 2.9 20.9 .486 .517  .393 .714 .572 .535   F    JR
16              Ken Tutt  20.7 28 2003-04              Oral Roberts 28 28 35.4 6.9 15.4 3.3  7.4 3.6  8.0 3.3 3.9 0.5 1.9  2.4 2.0 0.9 0.0 2.0 1.8 20.7 .447 .444  .449 .844 .598 .564   G    FR
17       Janthony Joseph  20.2 29 1996-97          Western Illinois         29 8.2 15.9 8.2 15.9 0.0  0.0 3.8         5.6  8.0 2.6 1.6         2.0 20.2 .517       .517 .677 .545 .517   F    SR
18          Tony Bennett  20.2 30 1991-92                 Green Bay 30 28 33.2 6.8 12.8 3.7  6.6 3.2  6.2 3.3         4.0  2.9 5.1 1.2 0.2 2.6 1.7 20.2 .534 .556  .511 .826 .685 .658   G    SR
19         Andrell Hoard  20.1 27 1996-97     Northeastern Illinois    27 35.0 6.9 17.2 5.3 12.0 1.6  5.2 4.7         6.1  5.4 3.8 2.7 0.4     4.2 20.1 .403 .444  .307 .759 .500 .449   G    SR
20        Michael Hughes  20.1 25 1993-94                 Milwaukee         25 5.8 15.6 4.1 10.3 1.7  5.4 6.9         8.9  7.1 2.3 1.5         0.5 20.1 .368 .397  .313 .771 .505 .422   F    SR
21           Jason Reese  19.9 32 1989-90             Northern Iowa         32 7.4 13.0 7.4 12.9 0.0  0.0 5.2         6.8  8.1 1.0 0.7         0.7 19.9 .569 .570  .000 .765 .616 .569   C    SR
22            Bryce Drew  19.9 31 1996-97                Valparaiso 31 31 34.8 6.2 13.5 3.0  6.5 3.2  7.1 4.2         4.8  3.0 4.7 1.6 0.1 2.5 2.3 19.9 .461 .465  .457 .879 .630 .580   G    JR
23          Monte OQuinn  19.9 27 1995-96     Northeastern Illinois    27 31.4 7.4 14.3 7.3 14.0 0.0  0.2 5.1         8.5 10.6 0.7 1.4 0.9     2.5 19.9 .517 .522  .167 .603 .544 .518   C    SR
24          Rasaun Young  19.8 28 1997-98                   Buffalo 28  0 30.2 6.5 12.6 6.1 10.7 0.4  1.9 6.3         8.7  4.1 1.8 1.4         0.0 19.8 .518 .575  .204 .725 .591 .534   G    SR
25            Bryce Drew  19.8 31 1997-98                Valparaiso    31 35.9 6.7 14.9 3.7  7.9 3.0  7.0 3.3         4.2  4.2 5.0 1.7 0.1 2.4 2.0 19.8 .450 .465  .433 .792 .585 .552   G    SR
26       Michael Jackson  19.8 29 1999-00               Kansas City 29 28 34.9 7.8 13.2 7.8 13.2 0.0  0.0 4.2 5.3 2.2 3.5  5.7 1.9 1.5 1.7 2.7 2.4 19.8 .589 .590  .000 .786 .627 .589   G    SO
27          Rasaun Young  19.6 28 1996-97                   Buffalo 28 27 32.8 6.4 14.4 5.7 11.6 0.7  2.8 6.2         8.9  4.9 2.6 1.6 0.2 3.8 2.6 19.6 .442 .488  .247 .696 .526 .465   G    JR
28           Darryl Reid  19.0 29 1989-90  Southwest Missouri State    29 35.2 5.9 13.9 4.1  9.2 1.8  4.7 5.3         6.9  3.8 3.3 1.0         0.3 19.0 .425 .444  .390 .775 .553 .491   G    JR
29          Sherell Ford  18.8 32 1992-93          Illinois-Chicago 32 32 32.6 7.7 16.1 6.8 13.2 0.9  2.9 2.5         4.0  8.4 1.3 1.6 2.1 2.7 3.2 18.8 .477 .514  .309 .630 .521 .505   F    SO
30            Mike Helms  18.4 30 2001-02                   Oakland 30 29 29.8 6.1 14.0 5.1 10.5 1.0  3.5 5.1 7.2 1.6 2.6  4.2 2.2 1.9 0.3 2.9 2.8 18.4 .439 .489  .288 .705 .528 .475   G    SO
31           Roy Coleman  18.4 28 1991-92                     Akron         28 6.7 15.7 5.0 10.9 1.6  4.9 3.4         5.4  7.2 2.6 2.7         0.4 18.4 .425 .464  .338 .618 .502 .477   C    SR
32         Jason Rozycki  18.3 21 2000-01                   Oakland 21 21 35.0 4.4 11.6 1.5  3.7 2.9  7.9 6.6 7.6 0.4 2.6  3.0 2.3 0.8 0.0 2.7 2.5 18.3 .383 .416  .367 .868 .604 .508   G    JR
33           Dave Redmon  18.2 28 1992-93                Valparaiso 28 28 34.1 7.1 14.8 5.0  9.1 2.1  5.7 1.9         2.4  4.5 2.9 1.4 0.2 2.5 2.1 18.2 .478 .545  .371 .794 .570 .550   G    SO
34       Darecko Rawlins  18.1 26 1994-95               Kansas City 26 26 35.3 5.8 12.4 5.5 11.4 0.3  1.0 6.1         8.3  9.1 1.5 1.8 1.3 3.0 3.5 18.1 .472 .486  .308 .740 .555 .484   G    JR
35        Rawle Marshall  18.1 28 2002-03                   Oakland 28 28 34.8 6.4 14.4 5.4 10.6 1.0  3.8 4.4 5.8 2.1 4.5  6.6 2.8 2.9 1.5 2.6 2.9 18.1 .441 .507  .255 .770 .528 .474   G    SO
36              Tim Gill  18.1 31 1997-98              Oral Roberts    31 35.2 6.1 12.4 3.1  6.1 3.1  6.3 2.7         3.4  3.2 4.5 1.7 0.4     2.9 18.1 .494 .503  .485 .810 .644 .617   G    SR
37         Casey Schmidt  18.0 27 1992-93                Valparaiso 27 27 35.5 6.4 12.6 3.8  7.0 2.6  5.5 2.6         2.9  6.3 2.3 1.1 0.3 2.4 2.8 18.0 .510 .537  .477 .897 .648 .615   F    JR
38          Rasaun Young  18.0 27 1994-95                   Buffalo 27 26 30.3 6.1 11.4 5.7 10.3 0.3  1.1 5.5         8.0  4.9 2.1 1.3 0.2 2.8 2.5 18.0 .534 .560  .300 .690 .593 .549   G    SO
39         Reggie Borges  18.0 28 2002-03              Oral Roberts 28 28 30.7 6.3 12.4 6.0 11.4 0.3  1.0 5.3 7.0 2.4 4.4  6.8 1.5 0.9 0.3 2.6 2.5 18.0 .504 .528  .241 .746 .572 .514   F    SR
40          Tracy Gipson  17.9 26 1991-92                Valparaiso 26 26 37.5 7.0 16.5 6.5 14.7 0.5  1.8 3.5         4.7  4.9 2.3 1.6 0.1 2.4 2.0 17.9 .423 .444  .255 .740 .478 .437   G    JR
41            Fred House  17.8 31 2000-01             Southern Utah 31 31 30.4 6.2 12.7 5.1  9.9 1.1  2.8 4.3 6.1 1.8 4.1  5.9 2.3 3.0 0.9 3.0 2.6 17.8 .491 .515  .407 .695 .572 .536   F    SR
42         Garrick Vicks  17.7 27 1994-95          Western Illinois 27 27 30.3 6.4 13.0 5.5 10.7 0.9  2.3 4.1         5.9  7.7 2.3 1.2 0.1 3.5 2.9 17.7 .491 .512  .393 .694 .562 .526   F    JR
43        Jermaine Hicks  17.7 27 1997-98             Chicago State    27 37.7 6.0 16.4 3.9 10.6 2.1  5.9 3.7         4.7  3.5 5.0 2.0         0.0 17.7 .363 .364  .361 .787 .475 .427   G    SO
44         Mike Martinho  17.7 27 1995-96                   Buffalo 27 27 35.6 5.0 12.8 1.6  4.4 3.5  8.4 4.2         5.4  2.5 2.6 1.0 0.1 2.4 2.1 17.7 .393 .350  .416 .769 .576 .529   G    SO
45           Dave Redmon  17.7 28 1993-94                Valparaiso 28 28 31.4 6.6 16.0 4.8 10.5 1.8  5.5 2.7         3.2  4.9 1.9 1.4 0.3 3.0 1.4 17.7 .413 .461  .323 .844 .505 .469   G    JR
46       Anthony Allison  17.7 32 1995-96                Valparaiso         32 7.5 14.9 6.2 11.6 1.3  3.4 1.4         2.4  5.2 1.0 1.2         0.6 17.7 .502 .538  .380 .592 .550 .545   F    SR
47        Rawle Marshall  17.6 30 2003-04                   Oakland 30 29 34.9 6.1 13.4 4.7  9.8 1.4  3.6 4.1 6.0 1.5 3.0  4.5 2.0 2.0 0.7 3.0 2.2 17.6 .453 .476  .389 .678 .542 .505   G    JR
48           Jeff Monaco  17.5 30 2000-01             Southern Utah 30 27 34.5 5.5 12.2 2.8  5.6 2.7  6.6 3.7 4.3 0.6 1.8  2.3 5.4 2.0 0.1 3.6 1.8 17.5 .452 .506  .407 .867 .612 .563   G    SR
49       Brad Buddenborg  17.4 28 1999-00                   Oakland 28 28 34.1 5.6 14.1 3.2  7.4 2.4  6.7 3.8         4.3  5.4 2.6 1.3 0.5 2.6 2.4 17.4 .394 .428  .356 .892 .536 .479   G    SO
50          Kory Billups  17.3 27 1996-97             Chicago State    27 35.1 7.0 15.7 6.8 14.7 0.2  1.0 3.1         6.2 11.3 2.4 1.9 1.1     3.9 17.3 .446 .463  .185 .500 .463 .452   F    SR
51         Mike Martinho  17.3 28 1997-98                   Buffalo    28 33.1 5.2 12.1 2.3  4.5 2.9  7.6 3.9         4.8  3.3 2.5 1.1         0.1 17.3 .431 .504  .387 .821 .601 .552   G    SR
52        Charles Turner  17.3 25 1992-93          Western Illinois 25 24 29.8 6.9 13.5 6.9 13.5 0.0  0.0 3.5         5.4  7.9 1.8 0.9 0.4 3.1 3.2 17.3 .509       .509 .657 .538 .509   F    SR
53           Dave Redmon  17.2 27 1994-95                Valparaiso    27 31.2 6.2 13.6 3.9  7.4 2.4  6.2 2.4         2.9  3.1 2.4 0.8 0.3     2.4 17.2 .457 .520  .381 .833 .574 .543   G    SR
54            Bryce Drew  17.2 32 1995-96                Valparaiso    32 35.5 5.6 12.5 2.7  5.3 2.9  7.2 3.2         3.7  2.9 5.1 1.4 0.0 2.8 2.3 17.2 .444 .506  .398 .866 .602 .559   G    SO
55           Reggie Kemp  17.2 24 1992-93          Youngstown State 24 20 28.8 6.3 14.2 6.1 13.4 0.2  0.8 4.4         6.5  6.3 1.3 1.6 0.2 2.2 2.3 17.2 .443 .453  .263 .684 .498 .450   F    SR
56            Mike Jones  17.2 28 1989-90                Valparaiso 28 28 36.6 6.3 13.4 4.2  8.0 2.0  5.4 2.6 3.1 0.6 2.0  2.6 2.3 0.9 0.0 1.8 1.7 17.2 .468 .529  .377 .851 .579 .544   G    SR
57         Barry Johnson  17.1 27 1989-90          Eastern Illinois 27 23 32.8 6.4 13.9 5.1 10.5 1.3  3.4 3.0         4.4  6.4 1.6 0.6 0.4 2.2 2.6 17.1 .464 .489  .385 .678 .537 .511   F    SO
58           Caleb Green  17.1 28 2003-04              Oral Roberts 28 26 31.4 6.3 10.7 6.3 10.7 0.0  0.0 4.5 6.3 3.2 6.8  9.9 2.0 1.4 0.4 3.4 3.0 17.1 .590 .592  .000 .712 .625 .590   F    FR
59            Ron Ateman  17.1 28 1990-91          Western Illinois 28 28 31.6 6.0 11.7 5.9 11.3 0.1  0.4 4.9         6.3  6.8 1.1 0.9 0.1 2.7 2.1 17.1 .515 .522  .333 .789 .584 .521   F    SR
60        Donnell Thomas  17.0 31 1990-91         Northern Illinois 31 27 21.5 6.0 11.5 6.0 11.4 0.0  0.1 4.9         6.5  8.2 0.5 1.0         0.2 17.0 .525 .525  .500 .754 .584 .527   F    SR
61          Monte OQuinn  16.9 11 1994-95     Northeastern Illinois    11 31.1 5.4 10.6 5.4 10.4 0.0  0.3 6.2         9.3  7.8 0.9 1.2 0.3     2.5 16.9 .504 .518  .000 .667 .562 .504   C    JR
62         Casey Schmidt  16.9 25 1993-94                Valparaiso 25 21 31.2 6.0 13.2 4.2  7.9 1.8  5.4 3.0         3.2  6.8 1.7 0.7 0.6 2.4 1.7 16.9 .456 .538  .336 .926 .571 .524   F    SR
63         Mike Martinho  16.9 28 1996-97                   Buffalo 28 28 34.5 4.5 12.0 1.3  3.5 3.2  8.5 4.7         5.6  3.5 2.6 1.5 0.0 2.1 2.4 16.9 .374 .378  .372 .834 .573 .506   G    JR
64          Sam Mitchell  16.9 27 1993-94           Cleveland State 27 26 30.9 6.8 13.4 6.7 12.7 0.1  0.8 3.1         4.8  8.4 1.3 1.2 1.5 3.3 3.5 16.9 .507 .529  .143 .646 .536 .511   F    SR
65         George Milsap  16.8 26 1995-96          Western Illinois         26 7.1 12.8 7.1 12.8 0.0  0.0 2.7         4.0  5.4 0.5 1.4         0.7 16.8 .553 .554  .000 .680 .573 .553   C    SR
66          Sam Mitchell  16.8 27 1992-93           Cleveland State 27 27 27.6 6.2 11.5 5.8 10.6 0.4  0.9 3.9         6.7  8.0 1.9 0.5 0.8 2.8 2.5 16.8 .540 .545  .480 .586 .572 .559   F    JR
67           Corwin Hunt  16.8 28 1989-90          Illinois-Chicago         28 6.2 14.4 4.6 10.4 1.6  4.1 2.9         4.0  4.7 1.6 2.2         0.3 16.8 .428 .445  .386 .721 .515 .483   F    SR
68          Tony Bennett  16.6 30 1989-90                 Green Bay 30 29 36.0 6.0 11.8 3.7  7.1 2.3  4.7 2.4         2.8  2.2 5.2 1.3 0.1 2.4 2.9 16.6 .504 .519  .482 .859 .631 .600   G    SO
69          Lee Campbell  16.6 29 1989-90  Southwest Missouri State    29 34.9 6.6  9.5 6.6  9.4 0.0  0.0 3.3         4.5 12.5 1.2 0.9         0.9 16.6 .698 .697 1.000 .746 .716 .700   C    SR
70        Kenyatta Clyde  16.6 30 1998-99             Southern Utah    30 31.7 6.0 12.3 6.0 12.2 0.0  0.0 4.5         6.3  7.2 0.3 0.4         1.6 16.6 .492 .493  .000 .723 .545 .492   C    SR
71          Raitis Grafs  16.5 31 2002-03                Valparaiso 31 31 30.6 6.1 11.0 5.6  9.5 0.5  1.6 3.8 5.3 1.8 4.0  5.9 1.9 1.2 1.8 2.2 3.2 16.5 .556 .597  .306 .713 .610 .577   C    SR
72          Brian Parker  16.5 26 1989-90           Cleveland State 26 26 28.0 6.0  9.1 6.0  9.1 0.0  0.0 4.6         6.7  6.4 1.1 0.6 0.3 2.4 2.9 16.5 .657       .657 .684 .673 .657   C    SR
73        Chad Wilkerson  16.4 28 1998-99              Oral Roberts    28 32.3 5.1 11.3 2.5  4.9 2.6  6.4 3.7         4.7  4.8 3.5 1.4         0.3 16.4 .449 .511  .402 .786 .607 .563   G    SR
74         Garrick Vicks  16.4 28 1995-96          Western Illinois         28 5.7 12.1 4.3  8.3 1.4  3.8 3.6         5.2  5.8 2.6 1.3         0.2 16.4 .469 .513  .374 .697 .563 .528   F    SR
75            Jeff Black  16.3 26 1996-97                Troy State         26 5.9 12.9 4.6  9.0 1.3  3.8 3.2         4.3  7.2 0.9 1.3         0.9 16.3 .460 .506  .350 .739 .548 .512   F    SR
76           Andre Smith  16.3 27 1994-95          Youngstown State 27 25 29.6 5.9 13.9 4.4  9.8 1.6  4.1 2.9         3.9  5.4 2.2 1.3     0.1 1.9 16.3 .427 .447  .378 .745 .518 .483   G    SR
77     Rhodney Donaldson  16.3 27 1995-96                Troy State    27 30.6 5.7 14.3 2.3  4.7 3.4  9.5 1.6         1.8  2.7 3.5 1.4         0.0 16.3 .397 .484  .354 .896 .539 .516   G    JR
78           Brian Molis  16.3 26 1991-92         Northern Illinois 26 21 28.9 5.7 12.7 4.2  8.3 1.5  4.4 3.3         4.2  6.7 1.9 1.5 0.2 2.2 3.4 16.3 .453 .512  .342 .796 .556 .512   G    SR
79          Tracy Gipson  16.2 27 1990-91                Valparaiso 27 27 37.2 6.3 16.8 5.1 13.4 1.2  3.3 2.4 2.9 1.0 2.5  3.5 3.3 1.3 0.0 2.6 1.4 16.2 .377 .383  .356 .810 .446 .413   G    SO
80            Mike Nahar  16.2 30 1992-93              Wright State 30 30 29.2 6.3  9.9 6.3  9.9 0.0  0.0 3.5         4.2  6.9 0.7 0.6         0.9 16.2 .642       .642 .835 .682 .642   C    JR
81          Kory Billups  16.1 27 1995-96             Chicago State    27 29.9 6.6 14.4 6.3 13.2 0.3  1.2 2.8         5.0  9.0 2.3 1.4 1.5     3.4 16.1 .455 .478  .212 .556 .481 .464   F    JR
82           Andre Smith  16.1 23 1993-94          Youngstown State 23 22 29.7 6.1 13.3 4.3  9.3 1.7  3.9 2.2         3.4  5.1 2.5 1.5     0.2 2.5 16.1 .459 .465  .444 .646 .542 .525   G    JR
83       Andre Rodriguez  16.1 26 1995-96          Eastern Illinois 26 26 29.6 6.2 13.4 4.9  9.8 1.3  3.6 2.4         3.7  5.1 1.2 0.9 0.3 2.8 3.0 16.1 .463 .498  .366 .656 .532 .511   F    SR
84           Eddie Smith  16.1 30 1998-99               Kansas City 30 29 35.1 5.7 13.0 4.5  9.7 1.2  3.3 3.4         4.2  3.3 2.9 1.0         0.3 16.1 .440 .467  .360 .817 .536 .486   G    SR
85          Chris Harris  16.0 25 1989-90          Illinois-Chicago         25 6.0 12.3 5.6 11.2 0.4  1.1 3.8         6.1  4.1 1.8 2.2         0.3 16.0 .484 .500  .321 .614 .527 .498   G    SR
86          Randy Tucker  16.0 27 1993-94         Northern Illinois 27 27 34.1 5.3 12.3 2.4  5.8 2.9  6.5 2.6         2.9  3.7 2.2 1.3 0.1 2.1 2.1 16.0 .428 .410  .443 .899 .586 .545   G    SR
87          Kory Billups  16.0 26 1994-95             Chicago State 26 21 30.8 6.3 11.8 6.2 11.0 0.2  0.8 3.2         5.3  8.2 2.1 1.6 0.6 2.8 3.7 16.0 .536 .561  .190 .594 .557 .542   F    SO
88        Markius Barnes  16.0 28 2000-01              Oral Roberts 28 25 31.2 5.3 12.9 3.9  8.8 1.4  4.2 3.9 4.9 1.1 2.7  3.8 3.2 0.9 0.3 2.7 2.4 16.0 .412 .445  .342 .797 .524 .467   G    JR
89            Brian Hill  15.9 30 1991-92          Illinois-Chicago         30 5.1 13.1 2.9  6.5 2.2  6.6 3.6         4.5  4.1 3.0 2.0         0.4 15.9 .389 .449  .330 .787 .522 .472   G    SR
90           Akeem Clark  15.8 32 2003-04                     IUPUI 32 29 36.2 5.0 11.9 1.6  3.6 3.4  8.3 2.3 3.0 1.6 2.5  4.1 1.4 0.8 0.1 2.0 2.5 15.8 .423 .448  .411 .781 .593 .566   G    JR
91        Kenny Williams  15.7 30 1991-92          Illinois-Chicago    30 35.3 5.8 11.6 4.6  8.2 1.2  3.4 3.0         4.3  2.8 4.6 2.4 0.1     3.4 15.7 .500 .565  .343 .695 .577 .550   G    SO
92           Dan Oppland  15.7 31 2003-04                Valparaiso 31 31 32.4 5.6 10.2 5.5 10.1 0.0  0.2 4.5 5.7 3.2 4.0  7.2 0.6 0.7 0.2 1.7 2.9 15.7 .546 .551  .200 .781 .605 .547   F    SO
93          Anthony Reed  15.6 28 1992-93           Cleveland State 28 25 30.2 5.3 11.0 3.4  6.3 1.9  4.7 3.1         3.9  3.9 2.5 1.1 0.1 1.7 2.6 15.6 .482 .537  .409 .782 .606 .570   F    SR
94       Derrick Landrus  15.6 29 1994-95          Eastern Illinois 29 29 31.9 4.8 10.8 2.7  5.0 2.1  5.8 3.8         5.0  4.2 3.3 1.2 0.2 2.6 2.1 15.6 .446 .534  .369 .766 .592 .545   G    SR
95        Jeff Nordgaard  15.6 34 1993-94                 Green Bay 34 30 30.2 6.1 10.3 6.1 10.1 0.0  0.2 3.4         4.4  6.4 2.1 1.1 0.4 2.3 2.4 15.6 .590 .597  .167 .768 .628 .591   F    SO
96          Vinson Smith  15.6 22 1996-97               Kansas City 22 19 32.4 6.3 12.4 5.9 10.8 0.4  1.6 2.5         4.0  5.9 3.1 2.1 0.4 3.8 2.0 15.6 .509 .546  .257 .644 .546 .526   G    JR
97          Don Carlisle  15.5 29 2000-01                     IUPUI 29 29 35.7 5.3 11.2 4.6  8.4 0.8  2.8 4.1 5.5 3.9 4.6  8.5 1.7 1.6 0.4 2.3 2.9 15.5 .474 .541  .272 .748 .561 .508   F    SR
98       Darecko Rawlins  15.5 27 1995-96               Kansas City 27 27 32.1 5.2 11.4 4.7  9.4 0.4  2.0 4.7         6.4  8.9 1.7 1.6 1.3 3.3 3.2 15.5 .455 .502  .226 .724 .535 .474   G    SR
99            Mike Nahar  15.4 30 1993-94              Wright State 30 29 30.6 5.3  9.2 5.3  9.2 0.0  0.0 4.8         5.9  6.7 1.5 0.3 1.3 1.9 2.6 15.4 .580 .582  .000 .803 .642 .580   C    SR
100         Pete Freeman  15.4 28 1990-91                     Akron 28 27 31.4 6.3  8.9 6.3  8.9 0.0  0.0 2.9         5.1  8.2 1.1 1.2 0.5 3.5 3.7 15.4 .700       .700 .569 .678 .700   F    SR
101         David Palmer  15.4 27 2003-04             Southern Utah 27 27 31.7 5.0  9.9 2.7  5.3 2.3  4.6 3.2 4.0 0.9 2.7  3.6 1.3 1.0 0.4 2.6 2.7 15.4 .500 .503  .496 .804 .652 .616   F    SR
102   Terry Smith-Harris  15.4 25 1996-97             Chicago State         25 5.7 14.3 3.2  6.8 2.6  7.4 1.4         2.0  3.3 1.2 1.5         0.1 15.4 .401 .462  .344 .700 .506 .490   G    SO
103          Shawn Doles  15.4 28 1998-99          Western Illinois    28 28.2 5.5 10.8 4.7  8.5 0.8  2.4 3.6         4.6  4.9 2.9 0.4         0.2 15.4 .508 .557  .333 .783 .592 .545   G    SR
104        Juan Martinez  15.4 30 1999-00          Western Illinois 30 30 28.4 6.1 12.7 6.0 12.7 0.0  0.1 3.2 4.5 2.6 5.4  8.0 1.3 0.6 0.4 3.1 2.4 15.4 .476 .476  .500 .716 .517 .478   F    SR
105      Michael Jackson  15.4 30 2000-01               Kansas City 30 30 32.5 6.0 11.8 6.0 11.8 0.0  0.0 3.4 4.4 1.5 3.0  4.5 1.8 1.4 1.7 1.8 2.0 15.4 .510       .510 .765 .554 .510   G    JR
106     Lonnie Alexander  15.3 22 1996-97               Kansas City 22 18 33.4 6.5 11.7 6.5 11.6 0.0  0.1 2.2         4.3  8.5 1.3 1.1 0.9 2.1 1.8 15.3 .560 .561  .500 .511 .559 .562   F    JR
107        Larry Simmons  15.3 26 1994-95             Chicago State 26 26 32.3 5.2 11.5 2.6  5.1 2.7  6.4 2.2         2.8  4.0 2.5 1.8     0.1 2.3 15.3 .455 .504  .416 .781 .596 .570   G    SR
108           Steve Rowe  15.2 29 1990-91          Eastern Illinois 29 29 29.4 4.6 10.3 3.5  8.0 1.1  2.3 5.0         6.6  4.6 3.4 2.0 0.1 2.7 2.2 15.2 .443 .438  .463 .755 .565 .495   G    JR
109        Garrick Vicks  15.2 27 1993-94          Western Illinois 27 26 30.1 5.7 11.5 5.4 10.6 0.3  0.9 3.6         6.2  8.0 1.4 1.4 0.3 3.0 3.2 15.2 .494 .510  .292 .577 .526 .505   F    SO
110       Cameron Boozer  15.2 25 1994-95                Troy State 25 16 24.9 6.8 13.0 6.2 11.5 0.6  1.5 1.0         1.7  7.0 0.7 0.9 0.6 1.4 2.3 15.2 .520 .535  .405 .605 .549 .543   C    SR
111      Brad Buddenborg  15.1 28 2000-01                   Oakland 28 22 31.1 5.2 12.1 2.6  6.0 2.6  6.0 2.2 2.8 1.2 3.4  4.6 1.8 1.2 0.1 1.8 2.4 15.1 .429 .426  .432 .792 .566 .537   G    JR
112        Jason Rozycki  15.1 30 1999-00                   Oakland 30 25 34.3 4.3 10.6 1.5  2.6 2.8  8.0 3.8         4.7  3.4 2.2 1.0 0.0 2.4 2.6 15.1 .403 .557  .351 .809 .590 .535   G    SO
113          Elmer Brown  15.1 20 1999-00          Youngstown State 20 20 30.2 5.7 13.3 3.3  6.8 2.4  6.5 1.3 1.7 0.4 2.3  2.6 1.8 1.6 0.3 2.7 3.3 15.1 .429 .485  .369 .765 .535 .519   F    SR
114           Steve Rowe  15.1 31 1991-92          Eastern Illinois 31 29 29.8 4.4 10.8 3.7  9.1 0.6  1.7 5.7         7.6  5.0 2.5 1.9 0.1 2.5 2.6 15.1 .405 .410  .377 .743 .522 .435   G    SR
115           Brian Hill  15.1 30 1990-91          Illinois-Chicago 30 30 33.8 5.1 13.1 2.4  5.9 2.7  7.3 2.2         3.0  3.6 1.8 2.4 0.8 2.8 3.1 15.1 .388 .409  .372 .730 .518 .491   G    JR
116         Lubos Barton  14.9 33 2001-02                Valparaiso 33 33 31.0 5.1 11.5 2.8  5.6 2.2  5.9 2.5 3.2 2.0 4.6  6.6 2.9 1.9 0.5 2.0 1.7 14.9 .441 .508  .378 .783 .571 .538   F    SR
117      Shane Teagarden  14.9 27 1992-93          Western Illinois 27 27 36.0 4.9 11.7 2.4  5.7 2.5  6.0 2.7         3.2  4.3 2.8 0.9 0.0 2.1 2.1 14.9 .415 .413  .416 .828 .561 .521   G    SR
118           Fred House  14.8 29 1999-00             Southern Utah 29 29 26.8 5.4 10.8 4.7  8.7 0.7  2.1 3.3 5.1 2.9 3.0  5.9 2.1 3.4 0.6 2.9 2.8 14.8 .498 .534  .350 .653 .560 .532   F    JR
119         Steve Givens  14.8 28 1989-90           Cleveland State 28 28 27.6 5.5 10.0 5.5 10.0 0.0  0.0 3.7         5.1  7.9 2.0 0.9 0.3 2.2 3.4 14.8 .552 .554  .000 .722 .592 .552   F    JR
120           Clint Ford  14.7 25 1996-97          Western Illinois    25 25.4 6.2 10.4 6.2 10.2 0.0  0.2 2.3         3.4  4.9 1.8 0.6 0.1     2.6 14.7 .596 .605  .000 .690 .614 .596   F    SR
121         Mark Alberts  14.7 28 1991-92                     Akron         28 4.6 10.5 0.7  1.4 3.9  9.1 1.6         1.8  1.9 2.0 0.5         0.0 14.7 .437 .487  .430 .898 .647 .624   G    JR
122        Jermaine Ball  14.7 27 1995-96                Troy State    27 32.1 4.9 10.4 3.3  5.7 1.6  4.7 3.2         4.2  3.7 5.1 1.2         0.1 14.7 .475 .578  .349 .763 .594 .554   G    JR
123        Odell Bradley  14.7 34 2002-03                     IUPUI 34 29 29.9 5.1 10.6 4.3  8.1 0.8  2.5 3.6 5.3 1.9 3.0  4.9 1.6 1.1 0.3 2.6 2.7 14.7 .482 .531  .326 .687 .559 .521   G    JR
124         Louis Jordan  14.7 26 1992-93          Eastern Illinois 26 22 27.7 5.2 10.2 4.7  8.6 0.5  1.5 3.9         5.5  4.2 1.4 0.8 0.3 2.6 2.7 14.7 .508 .545  .300 .711 .575 .530   F    SO
125          Mike Hidden  14.6 28 1991-92         Northern Illinois 28 28 34.9 4.8 10.6 3.5  7.2 1.3  3.4 3.8         4.9  5.4 3.7 1.0 0.1 2.6 2.8 14.6 .448 .483  .375 .768 .563 .508   F    SR
126   Darrell Richardson  14.6 29 1989-90          Western Illinois         29 6.4 11.3 6.4 11.2 0.0  0.1 1.7         2.7  7.2 0.8 0.9         0.1 14.6 .565 .571  .000 .649 .577 .565   F    SR
127        Sean Hammonds  14.5 30 1993-94              Wright State 30 28 30.4 5.6  9.7 5.6  9.6 0.0  0.1 3.2         5.8  7.8 1.3 1.3 0.2 2.8 2.8 14.5 .581 .583  .333 .549 .581 .582   F    SR
128       Jermaine Hicks  14.5 25 1998-99             Chicago State    25 33.3 5.2 14.0 3.1  7.3 2.0  6.7 2.1 2.9 0.5 1.8  2.3 3.4 1.3 0.0 2.8 1.5 14.5 .369 .426  .305 .726 .471 .441   G    JR
129        Cortney Scott  14.5 23 2002-03                   Oakland 23 23 36.3 5.7  9.9 5.6  9.7 0.0  0.2 3.1 5.3 3.1 5.7  8.7 2.7 1.2 0.3 2.3 2.7 14.5 .570 .576  .250 .590 .582 .572   F    SO
130         Tony Freeman  14.5 28 1990-91          Illinois-Chicago 28 27 32.7 4.8 11.4 4.1  9.1 0.6  2.3 4.3         5.8  3.6 4.4 1.8 0.1 3.6 2.1 14.5 .417 .451  .281 .752 .512 .445   G    SR
131       Michael Watson  14.4 30 2000-01               Kansas City 30 29 33.0 5.2 14.5 2.4  6.9 2.8  7.6 1.1 1.5 0.9 2.6  3.5 2.1 1.2 0.1 1.9 2.6 14.4 .362 .350  .373 .773 .476 .460   F    FR
132         Anthony Hunt  14.4 29 1997-98          Youngstown State         29 4.4 10.2 2.7  6.2 1.7  3.9 3.8         4.8  3.9 4.8 1.5         0.2 14.4 .437 .436  .439 .791 .579 .522   G    SR
133        Reggie Borges  14.4 30 2001-02              Oral Roberts 30  7 24.2 5.0  8.8 4.8  8.2 0.2  0.6 4.2 5.6 2.3 4.2  6.6 0.7 0.6 0.5 1.8 3.2 14.4 .570 .588  .333 .746 .629 .582   F    JR
134       Kenyatta Clyde  14.4 23 1997-98             Southern Utah    23 30.1 5.3 12.7 5.3 12.5 0.0  0.2 3.9         5.5  6.1 0.2 0.6         1.7 14.4 .416 .422  .000 .701 .471 .416   C    JR
135       Craig Franklin  14.3 32 2003-04             Chicago State 32 29 34.8 4.7 11.5 3.4  8.0 1.3  3.5 3.8 5.0 1.0 2.7  3.8 2.7 1.2 0.2 2.8 2.7 14.3 .405 .427  .354 .755 .516 .459   G    JR
136         Gerald Jones  14.3 29 1990-91          Eastern Illinois 29 29 31.7 5.3 12.0 3.5  8.0 1.8  4.0 1.9         2.4  2.4 2.6 1.3 0.1 1.9 1.8 14.3 .441 .435  .453 .783 .544 .517   G    SR
137         Dean Rondorf  14.3 27 1992-93                 Green Bay 27 26 33.0 5.3 10.3 3.0  5.1 2.3  5.2 1.5         1.8  3.4 2.7 0.5 0.3 1.4 1.6 14.3 .511 .591  .433 .854 .642 .621   F    SR
138           Brian Hill  14.3 28 1989-90          Illinois-Chicago         28 4.9 12.1 2.3  5.0 2.6  7.0 2.0         2.6  3.7 1.7 2.0         0.6 14.3 .402 .454  .365 .767 .537 .509   G    SO
139           Tony Jones  14.3 28 2000-01             Chicago State 28 24 30.2 5.6 11.6 4.5  9.0 1.1  2.6 2.0 2.5 2.6 5.2  7.8 1.8 0.8 0.9 2.5 2.8 14.3 .485 .506  .411 .812 .561 .531   F    SR
140      William Stanley  14.3 28 1989-90           Cleveland State 28 27 26.4 5.1 12.3 2.9  6.5 2.3  5.8 1.7         2.2  5.4 0.8 1.6 0.1 1.1 2.8 14.3 .417 .440  .393 .758 .533 .510   G    SR
141           Tim Bryant  14.2 28 1999-00             Chicago State 28 28 28.6 5.2 12.5 4.0  8.6 1.3  3.9 2.5 3.2 1.1 2.9  4.1 2.9 1.6 0.3 2.8 2.6 14.2 .418 .461  .324 .778 .507 .468   G    SR
142        Tyson Hancock  14.2 28 1999-00             Southern Utah 28 28 30.3 4.8 12.1 2.6  5.9 2.2  6.2 2.4 2.8 1.1 3.4  4.5 0.8 1.5 0.5 1.6 2.6 14.2 .398 .448  .351 .857 .529 .488   F    SR
143          Craig Haese  14.1 29 2000-01          Youngstown State 29 29 32.0 4.4 10.1 1.2  2.6 3.2  7.5 2.1 2.3 0.3 1.9  2.3 2.0 0.8 0.0 1.6 2.4 14.1 .437 .480  .422 .939 .632 .594   F    SR
144          Jeff Monaco  14.1 29 1999-00             Southern Utah 29 29 31.7 4.5  9.7 1.8  3.5 2.7  6.2 2.4 2.8 0.6 1.9  2.5 5.1 2.8 0.1 3.8 1.8 14.1 .465 .520  .433 .854 .639 .603   G    JR
145      Michael Jackson  14.1 29 2001-02               Kansas City 29 29 36.5 5.2 11.0 5.1 10.6 0.1  0.4 3.5 4.7 2.3 4.2  6.5 2.2 1.3 1.3 2.0 2.2 14.1 .478 .487  .250 .756 .535 .483   G    SR
146       Derrick Taylor  14.0 24 1999-00              Oral Roberts 24 24 32.0 4.9 11.0 4.8 10.7 0.2  0.3 4.0 7.5 2.1 5.2  7.3 1.7 0.7 0.3 2.5 3.0 14.0 .445 .444  .500 .539 .481 .453   F    SR
147          Roy Coleman  14.0 28 1990-91                     Akron 28 25 30.4 5.5 13.5 4.1  9.3 1.4  4.2 1.6         2.9  4.0 1.5 2.2 0.5 2.4 3.4 14.0 .409 .444  .331 .550 .471 .460   C    JR
148           Eric Perry  14.0 27 1999-00              Oral Roberts 27 27 36.6 4.5 10.0 1.4  3.1 3.0  6.9 2.0 2.8 0.6 3.8  4.4 5.2 1.9 0.2 2.9 2.6 14.0 .448 .459  .443 .711 .617 .600   G    SR
149       Derrick Taylor  14.0 20 1998-99              Oral Roberts    20 29.5 5.5 10.2 5.4  9.9 0.1  0.4 3.0         5.7  6.4 1.4 0.8         0.5 14.0 .534 .543  .286 .518 .540 .539   F    JR
150        Barry Johnson  13.9 31 1991-92          Eastern Illinois 31 31 31.4 5.9 12.0 5.8 11.4 0.1  0.6 2.0         3.4  8.3 1.6 1.1 0.4 2.4 2.5 13.9 .491 .510  .150 .600 .511 .495   F    SR
151         Don Carlisle  13.9 27 1998-99                     IUPUI    27 31.5 4.4 10.2 3.5  7.8 1.0  2.4 4.0 5.7 3.0 4.4  7.4 1.5 1.9 0.6 2.5 2.4 13.9 .435 .448  .394 .703 .536 .482   F    SO
152        Mike Lipinsky  13.9 27 1992-93         Northern Illinois    27 31.5 4.8 11.3 4.0  8.6 0.8  2.7 3.5         4.9  4.0 3.3 1.2 0.3 2.6 3.0 13.9 .426 .468  .292 .712 .510 .461   G    SO
153      Willie Spellman  13.9 28 1997-98          Youngstown State         28 4.9 11.4 3.1  6.4 1.8  4.9 2.3         2.9  5.4 1.6 1.2         0.1 13.9 .431 .478  .370 .768 .543 .511   F    SR
154           Sean Scott  13.8 24 1996-97 Central Connecticut State    24 32.6 5.3  8.0 5.3  7.9 0.0  0.1 3.2         4.7  9.5 1.4 1.3 0.6     2.3 13.8 .670 .677  .000 .679 .680 .670   C    SR
155      Orlando Patrick  13.8 28 1994-95          Western Illinois 28 25 30.6 4.8  9.6 3.1  5.8 1.6  3.9 2.6         3.9  5.6 1.4 0.4 0.1 2.3 1.8 13.8 .496 .543  .426 .676 .602 .581   F    SR
156      Chris Ensminger  13.8 32 1995-96                Valparaiso         32 4.9  8.9 4.9  8.8 0.0  0.1 4.0         6.0 11.5 1.5 0.9         0.1 13.8 .553 .559  .000 .663 .588 .553   C    SR
157      Troy Muilenburg  13.8 32 1989-90             Northern Iowa 32      32 4.7  9.9 3.2  5.8 1.5  4.1 2.8         3.3  4.8 1.9 0.9         0.1 13.8 .478 .551  .374 .867 .604 .555   F    JR
158        Darrell Johns  13.8 23 1999-00             Chicago State 23 23 30.2 5.7 11.0 5.7 11.0 0.0  0.0 2.3 4.0 2.3 5.4  7.7 1.3 0.5 2.0 1.5 2.4 13.8 .524       .524 .576 .536 .524   C    JR
159         Lubos Barton  13.8 32 1998-99                Valparaiso    32 28.6 5.0 10.9 3.0  5.5 1.9  5.4 1.9         2.3  5.6 2.3 1.6         0.8 13.8 .457 .554  .358 .813 .575 .546   F    FR
160         Raitis Grafs  13.8 32 2000-01                Valparaiso 32 32 30.0 4.9  8.8 4.8  8.4 0.1  0.4 3.9 6.3 2.8 5.3  8.1 1.4 0.9 2.1 1.8 3.1 13.8 .555 .570  .231 .614 .582 .560   C    SO
161           Mark Woods  13.8 30 1992-93              Wright State 30 30 33.4 5.0 10.1 4.5  8.4 0.6  1.8 3.1         4.0  4.1 8.4 3.6         0.3 13.8 .497 .534  .321 .790 .573 .525   G    SR
162        Bill Langheim  13.7 28 1995-96 Central Connecticut State 28 28 29.9 5.1  9.6 5.0  9.1 0.1  0.5 3.3         4.5  8.0 0.8 1.2 0.4 2.1 2.8 13.7 .535 .547  .308 .724 .583 .543   F    SR
163         Stalin Ortiz  13.6 31 2002-03                Valparaiso 31  9 28.9 4.8 10.7 4.1  8.1 0.7  2.6 3.4 5.8 2.4 3.2  5.6 1.6 1.8 0.1 1.8 2.2 13.6 .444 .500  .272 .583 .505 .477   G    SR
164         Tyrone Tiggs  13.6 28 2002-03              Oral Roberts 28 28 33.5 4.6 11.2 2.2  4.7 2.4  6.5 2.0 2.5 1.1 4.5  5.6 2.9 1.1 0.3 3.0 2.1 13.6 .411 .466  .372 .812 .551 .519   G    SR
165       Zoran Viskovic  13.6 33 1997-98                Valparaiso    33 26.8 5.3  8.5 5.3  8.5 0.0  0.0 3.0         4.2  6.1 0.9 0.4         1.5 13.6 .629 .631  .000 .710 .651 .629   C    JR
166          Tony Weeden  13.6 32 2003-04             Chicago State 32 29 30.1 4.4 11.8 2.7  7.0 1.8  4.8 3.0 3.9 0.5 2.2  2.7 1.7 1.5 0.1 2.7 3.3 13.6 .375 .384  .361 .762 .497 .449   G    JR
167          Rocky Walls  13.6 31 1997-98              Oral Roberts         31 5.3 10.5 5.1  9.7 0.2  0.8 2.9         5.6 10.5 1.8 1.7         1.9 13.6 .503 .528  .200 .514 .517 .511   F    SR
168       Gravelle Craig  13.6 28 1992-93           Cleveland State 28 28 35.2 5.1 11.1 3.5  6.9 1.6  4.3 1.9         2.6  4.0 6.0 1.6 0.0 3.1 2.3 13.6 .457 .505  .378 .722 .552 .529   G    SR
169       Craig Franklin  13.6 25 2002-03             Chicago State 25 24 33.9 4.9 11.5 3.9  8.2 1.0  3.3 2.7 3.9 0.9 3.8  4.7 3.9 1.4 0.4 5.0 2.8 13.6 .429 .473  .317 .694 .510 .474   G    SO
170       Derrick Taylor  13.6 29 1997-98              Oral Roberts    29 27.9 5.5  9.8 5.3  9.2 0.2  0.6 2.3         4.3  5.7 1.3 0.5         0.1 13.6 .563 .573  .412 .532 .573 .576   F    SO
171         Desmond Rice  13.6 26 1994-95             Chicago State 26 19 25.7 5.0 12.0 4.0  8.8 1.0  3.2 2.6         4.2  4.5 1.9 1.6 0.3 2.5 4.0 13.6 .418 .454  .317 .609 .486 .460   F    SR
172         Gerald Jones  13.6 28 1989-90          Eastern Illinois 28 24 31.0 4.7 10.6 3.6  7.8 1.1  2.9 3.1         3.6  2.4 2.9 1.3 0.0 2.2 2.3 13.6 .444 .470  .375 .860 .552 .495   G    JR
173       Keith Closs Jr  13.5 28 1995-96 Central Connecticut State 28 23 31.6 5.3 10.1 5.1  9.5 0.2  0.6 2.9         4.4  9.3 1.2 0.5 6.4 3.4 3.0 13.5 .519 .534  .294 .645 .554 .528   C    SO
174      Mike Wawrzyniak  13.5 28 1990-91           Cleveland State 28 23 28.0 5.0 10.8 4.1  8.3 0.9  2.5 2.5         3.9  2.7 2.2 0.7 0.1 3.1 2.3 13.5 .468 .496  .377 .651 .537 .512   G    SO
175             Dan Beus  13.5 26 2001-02             Southern Utah 26 26 35.3 4.6 10.4 3.5  7.4 1.2  3.0 3.1 4.3 2.6 4.8  7.3 3.2 1.8 0.2 4.0 2.0 13.5 .443 .469  .380 .730 .542 .498   F    SR
176       Robert Burrage  13.5 26 1994-95 Central Connecticut State 26 26 27.6 4.8 10.4 4.2  8.4 0.6  2.0 3.2         4.9  5.2 3.5 1.3 0.3 3.9 3.4 13.5 .465 .502  .308 .648 .529 .494   F    SR
177        Bill Langheim  13.5 23 1994-95 Central Connecticut State 23 20 26.2 5.4  9.0 5.4  8.9 0.0  0.1 2.7         3.6  7.2 1.0 1.0 0.7 2.4 3.0 13.5 .599 .605  .000 .756 .630 .599   F    JR
178         Lubos Barton  13.5 30 2000-01                Valparaiso 30 30 31.3 4.2 10.7 2.2  5.2 2.0  5.4 3.1 3.7 2.3 3.7  6.1 3.3 1.1 0.7 2.2 1.8 13.5 .394 .420  .368 .829 .542 .488   F    JR
179       Jaime Anderson  13.4 27 1995-96                   Buffalo 27 23 26.0 4.7 12.5 2.5  6.1 2.3  6.4 1.7         2.8  5.0 1.5 0.9 0.2 3.0 2.4 13.4 .380 .409  .353 .613 .487 .470   F    SR
180         Louis Jordan  13.4 28 1994-95          Eastern Illinois 28 25 28.0 4.9 10.8 3.4  6.8 1.4  4.0 2.3         3.7  4.4 1.5 0.9 0.4 2.6 2.6 13.4 .450 .508  .354 .615 .535 .517   F    SR
181         Shawn Fergus  13.4 28 1990-91           Cleveland State 28 28 29.8 5.7 10.6 5.7 10.6 0.0  0.0 2.1         3.3  6.2 0.9 0.3 1.3 1.6 2.3 13.4 .537       .537 .630 .553 .537   C    SO
182       Markius Barnes  13.4 31 2001-02              Oral Roberts 31 30 31.9 4.6 12.0 2.9  7.3 1.7  4.7 2.5 3.5 0.9 2.6  3.5 3.4 0.8 0.3 2.6 2.5 13.4 .383 .398  .361 .700 .489 .454   G    SR
183      Marcus Culbreth  13.4 26 1995-96          Youngstown State    26 29.4 5.4 10.9 5.3 10.7 0.0  0.2 2.6         4.5  8.2 0.8 0.7         0.7 13.4 .495 .498  .250 .578 .515 .496   C    JR
184      Troy Muilenburg  13.4 32 1990-91             Northern Iowa 32 24 32.6 4.6 10.8 3.7  8.1 1.0  2.7 3.2         3.7  8.2 1.5 1.4 0.2 2.3 2.2 13.4 .430 .452  .365 .849 .534 .475   F    SR
185           Bryce Drew  13.4 27 1994-95                Valparaiso    27 34.9 4.3  9.9 1.4  3.6 2.9  6.3 1.8         2.4  2.4 6.0 1.4 0.1 2.6 2.2 13.4 .438 .402  .459 .754 .606 .584   G    FR
186       Derick Simmons  13.3 28 1994-95          Youngstown State 28 26 31.6 5.3 11.9 5.3 11.9 0.0  0.1 2.7         4.0  7.9 1.4 1.2     0.4 2.6 13.3 .443 .446  .000 .679 .480 .443   F    SR
187        Pat Easterlin  13.3 22 1993-94                 Milwaukee         22 4.1 11.0 0.8  2.0 3.3  9.0 1.8         2.1  2.6 1.3 0.8         0.1 13.3 .372 .400  .365 .870 .553 .521   G    SR
188         Anthony Reed  13.2 29 1991-92           Cleveland State         29 4.8 12.2 3.4  7.7 1.4  4.4 2.1         2.9  4.4 1.3 1.0         0.5 13.2 .397 .438  .326 .729 .488 .456   F    JR
189         Nathan Binam  13.2 30 1999-00              Oral Roberts 30 30 30.0 4.3 10.5 1.5  3.1 2.8  7.4 1.9 2.2 0.4 1.7  2.2 1.9 0.6 0.0 2.1 2.4 13.2 .406 .478  .377 .864 .573 .540   G    SR
190           Jeff Black  13.2 27 1995-96                Troy State    27 27.9 4.9 10.6 3.4  6.6 1.5  4.0 1.9         2.9  6.6 1.8 1.7         0.9 13.2 .463 .514  .380 .641 .551 .535   F    JR
191         Randy Tucker  13.2 27 1992-93         Northern Illinois 27 27 33.2 4.3 11.7 2.6  6.5 1.7  5.1 2.9         3.6  4.0 2.4 1.8 0.1 2.8 2.0 13.2 .368 .398  .331 .796 .492 .441   G    JR
192         Steve Givens  13.2 28 1990-91           Cleveland State 28 28 28.7 5.3  9.5 5.3  9.5 0.0  0.0 2.6         3.6  8.5 2.0 1.0 0.3 2.3 3.5 13.2 .558       .558 .716 .589 .558   F    SR
193         Lance Barker  13.2 26 1991-92                Valparaiso 26 17 29.7 4.2  9.5 1.8  5.0 2.3  4.5 2.4         3.0  2.5 1.8 1.1 0.0 2.0 1.9 13.2 .440 .366  .521 .808 .600 .563   G    FR
194      Chris Ensminger  13.1 28 1994-95                Valparaiso    28 30.9 4.7  9.6 4.7  9.5 0.0  0.1 3.7         5.8 11.3 1.5 0.8 0.4     2.0 13.1 .491 .491  .500 .632 .531 .493   C    JR
195          Johnny Hawk  13.1 28 1989-90          Western Illinois         28 4.4 10.0 3.0  6.3 1.3  3.7 3.1         3.9  2.2 2.5 1.3         0.2 13.1 .434 .480  .356 .789 .551 .500   G    SR
196     Quentin Mitchell  13.1 28 2001-02          Western Illinois 28 19 26.7 4.4  9.6 1.8  3.4 2.7  6.2 1.6 2.0 1.5 2.7  4.3 1.5 0.8 0.3 1.4 2.1 13.1 .459 .510  .431 .786 .619 .598   G    SR
197        Joaquim Gomes  13.1 31 2003-04                Valparaiso 31 31 30.9 4.8  9.8 3.5  6.2 1.2  3.6 2.3 3.3 2.1 6.7  8.8 1.3 0.9 1.7 2.3 3.4 13.1 .485 .570  .339 .713 .575 .548   F    SR
198     Mark Heidersbach  13.1 28 1996-97     Northeastern Illinois         28 3.9  9.6 0.5  1.7 3.4  7.9 2.0         2.4  2.8 2.6 0.6         0.0 13.1 .401 .271  .430 .821 .608 .578   G    SR
199         Tyrone Tiggs  13.1 31 2001-02              Oral Roberts 31 31 34.8 4.5 10.4 2.0  4.3 2.5  6.1 1.7 2.4 0.9 4.6  5.6 4.3 1.6 0.2 2.9 2.4 13.1 .427 .463  .402 .726 .566 .545   G    JR
200     Rahsaan Mitchell  13.0 27 1997-98             Chicago State         27 4.9 12.9 3.3  7.9 1.6  5.0 1.7         2.8  4.5 0.8 1.3         0.4 13.0 .379 .423  .311 .605 .458 .440   F    JR
[/code]

Provided by [url=https://www.sports-reference.com/sharing.html?utm_source=direct&utm_medium=Share&utm_campaign=ShareTool]Stathead[/url]: [url=https://www.sports-reference.com/stathead/basketball/cbb/player-season-finder.cgi?utm_source=direct&utm_medium=Share&utm_campaign=ShareTool]Found with Stathead. See Full Results.[/url]
Generated 6/11/2026.