[code]                                                                                                                                                                                              
                                                                                                                                                                                          Per 
Rk                 Player PTS/G  G  Season                   Team  G GS   MP  FG  FGA  2P  2PA  3P  3PA  FT FTA ORB DRB  TRB AST STL BLK TOV  PF  PTS  FG%  2P%   3P%  FT%  TS% eFG% Pos Class
1                Greg Guy  29.3 19 1992-93     Texas-Pan American 19 18 36.6 9.9 24.2 6.4 14.5 3.5  9.7 5.8         6.7  4.6 3.1 1.4 0.0 4.7 2.7 29.3 .412 .444  .364 .874 .535 .485   G    JR
2           Michael Allen  22.7 30 1993-94 Southwestern Louisiana 30 30 38.1 7.3 17.7 4.7  9.5 2.7  8.2 5.4         6.2  2.3 4.9 0.9 0.0 3.1 1.7 22.7 .414 .491  .324 .871 .550 .489   G    SR
3             Chris Davis  22.5 29 2001-02            North Texas 29 29 33.0 7.5 15.6 5.9 10.9 1.6  4.7 6.0 7.9 2.5 4.0  6.4 2.6 0.8 0.2 2.9 2.6 22.5 .479 .541  .336 .759 .582 .530   G    JR
4            Andy Kennedy  21.8 31 1990-91                    UAB    31 32.6 6.5 14.6 3.0  6.5 3.5  8.1 5.4         6.2  4.1 2.2 1.0         0.1 21.8 .444 .465  .426 .865 .621 .562   F    SR
5          Henry Williams  21.6 27 1990-91              Charlotte 27 27 33.0 7.1 16.8 4.5  8.9 2.7  7.9 4.6         5.6  3.1 2.0 2.3 0.1 3.1 2.7 21.6 .426 .502  .340 .833 .556 .506   G    JR
6            Jeff Clifton  21.3 27 1993-94         Arkansas State         27 7.9 15.9 7.5 14.2 0.4  1.7 5.1         7.4 10.0 1.1 2.3         1.8 21.3 .495 .529  .217 .693 .547 .507   F    SR
7           Carlos Arroyo  21.2 29 2000-01  Florida International 29 29 38.4 7.4 17.2 5.6 11.1 1.8  6.1 4.6 6.2 0.8 2.6  3.4 4.0 1.8 0.2 3.7 2.6 21.2 .431 .505  .295 .744 .527 .483   G    SR
8          Anthony Carver  21.1 28 1989-90           Old Dominion         28 8.0 17.5 4.6  9.3 3.4  8.3 1.8         2.3  6.6 0.9 1.1         0.4 21.1 .454 .496  .407 .785 .566 .550   F    SR
9           Chris Gatling  21.0 32 1990-91           Old Dominion 32 30 31.3 7.8 12.7 7.8 12.6 0.0  0.0 5.3 7.7 4.3 6.8 11.1 0.8 1.9 2.7 2.8 3.2 21.0 .620 .621  .000 .692 .644 .620   F    SR
10         Henry Williams  21.0 30 1989-90              Charlotte 30 30 35.1 7.0 16.8 4.2  9.8 2.8  7.0 4.3         5.1  3.5 4.1 1.7 0.1 3.0 2.4 21.0 .414 .424  .400 .831 .545 .497   G    SO
11          Michael Allen  20.9 30 1992-93 Southwestern Louisiana    30 36.1 7.1 16.4 4.8 10.1 2.2  6.3 4.5         5.5  2.3 4.8 1.5         0.0 20.9 .431 .480  .353 .818 .549 .499   G    JR
12            Malik Dixon  20.8 29 1996-97            Little Rock 29 27 36.0 6.7 15.2 3.9  7.4 2.9  7.8 4.5 5.8 0.9 2.9  3.8 2.2 0.8 0.1 2.6 2.7 20.8 .442 .523  .366 .780 .580 .536   G    SR
13            Barry Brown  20.8 28 1993-94           Jacksonville 28 28 33.0 7.0 16.3 4.8 10.3 2.3  6.0 4.4         6.1  5.0 1.2 1.3 0.3 2.0 2.5 20.8 .432 .463  .379 .725 .542 .502   G    SR
14          Chris Gatling  20.5 26 1989-90           Old Dominion    26 31.6 8.0 13.7 8.0 13.7 0.0  0.0 4.6         6.9 10.0 1.0 1.8 1.9 2.9 3.5 20.5 .580       .580 .670 .604 .580   F    JR
15        Artemus McClary  20.5 27 1994-95           Jacksonville 27 26 32.9 8.2 15.0 8.2 14.9 0.0  0.1 4.0         6.6  8.7 1.7 2.1 0.9 3.3 3.0 20.5 .547 .552  .000 .612 .564 .547   F    JR
16          Darrian Evans  20.3 24 1998-99          South Alabama    24 36.5 7.6 16.0 7.6 15.9 0.0  0.1 5.0         7.5  7.7 1.8 2.0         0.6 20.3 .477 .479  .000 .663 .517 .477   F    SR
17          Hector Romero  20.2 28 2001-02            New Orleans 28 28 36.1 6.7 13.6 6.3 12.2 0.4  1.4 6.4 8.5 3.3 7.5 10.8 1.9 1.2 0.9 4.0 2.7 20.2 .493 .518  .282 .745 .571 .508   F    JR
18            Jarvis Lang  19.6 28 1990-91              Charlotte 28 28 32.4 7.0 14.7 6.8 14.3 0.1  0.4 5.5         7.7 10.6 0.6 1.6 1.0 2.7 2.4 19.6 .474 .478  .364 .713 .533 .479   F    FR
19           Derrick Hall  19.4 28 1993-94            Little Rock 28 26 30.6 6.2 15.8 3.7  9.0 2.5  6.8 4.5         5.8  5.6 1.4 1.5 0.1 2.0 2.3 19.4 .391 .413  .361 .779 .521 .468   G    SR
20              Dee Brown  19.3 29 1989-90           Jacksonville 29 29 36.3 8.0 16.1 6.9 13.3 1.0  2.8 2.4         3.5  6.6 5.2 3.0 0.6 2.8 2.7 19.3 .496 .521  .375 .683 .546 .528   G    SR
21            Tony Martin  19.2 26 1992-93            Little Rock 26 23 30.7 6.2 13.8 4.3  9.0 1.8  4.8 5.0         6.6  5.5 2.0 1.0 0.1 3.7 3.3 19.2 .448 .483  .384 .754 .567 .515   G    SR
22               Greg Guy  19.2 28 1993-94     Texas-Pan American 28 26 35.0 6.6 15.4 3.8  8.1 2.8  7.3 3.3         4.2  3.7 3.0 1.9 0.1 2.8 3.0 19.2 .427 .471  .377 .786 .552 .516   G    SR
23          Jack Jennings  19.1 27 1991-92       Western Kentucky 27 27 30.3 6.8 13.1 6.0 10.7 0.8  2.5 4.7 6.1 2.6 4.0  6.6 0.9 1.2 0.1 2.6 3.3 19.1 .518 .566  .313 .765 .595 .548   F    SR
24       Dewarick Spencer  19.0 28 2003-04         Arkansas State 28 28 33.8 6.2 13.0 3.1  6.3 3.1  6.7 3.5 4.4 1.3 4.3  5.6 2.6 1.4 0.5 3.3 3.5 19.0 .478 .500  .457 .798 .630 .596   G    JR
25            Chris Davis  19.0 26 2002-03            North Texas 26 26 34.8 6.0 14.1 5.0 10.5 1.0  3.7 5.9 7.7 2.9 4.3  7.2 3.0 0.7 0.4 3.7 2.9 19.0 .428 .478  .284 .769 .535 .465   G    SR
26            Darnell Mee  18.9 32 1992-93       Western Kentucky 32 32 33.3 6.3 14.4 4.0  8.1 2.3  6.3 4.2 5.9 1.9 4.1  6.0 3.3 3.1 1.1 2.7 3.1 18.9 .434 .492  .360 .707 .551 .513   G    SR
27            Tony Martin  18.8 29 1991-92            Little Rock 29 23 31.7 6.5 14.3 4.9 10.6 1.6  3.7 4.2         5.6  5.3 2.1 1.1 0.1 2.8 3.4 18.8 .452 .458  .435 .759 .554 .508   G    JR
28            James Moore  18.8 23 2002-03       New Mexico State 23 22 30.8 6.8 11.6 6.8 11.4 0.0  0.2 5.2 6.4 1.8 4.7  6.5 1.1 1.7 2.0 2.1 3.0 18.8 .584 .593  .000 .816 .641 .584   F    JR
29              John Knox  18.7 28 1996-97           Jacksonville 28 24 32.3 6.1 14.5 2.6  5.3 3.5  9.2 3.0         3.5  3.3 3.1 1.4 0.0 3.2 2.3 18.7 .421 .493  .380 .848 .578 .542   G    JR
30          Eric Channing  18.6 28 2000-01       New Mexico State 28 28 32.4 6.4 13.4 4.2  8.3 2.2  5.1 3.7 4.4 1.0 2.4  3.4 2.2 1.1 0.1 2.5 1.9 18.6 .476 .506  .427 .844 .602 .557   G    JR
31        Artemus McClary  18.5 28 1995-96           Jacksonville 28 28 31.1 6.9 13.7 6.9 13.6 0.0  0.1 4.7         8.0 10.0 3.7 2.2 1.3 4.1 3.0 18.5 .504 .507  .000 .589 .529 .504   F    SR
32             Chris Clay  18.5 28 1994-95     Texas-Pan American 28 27 31.5 6.5 14.3 4.4  8.9 2.1  5.4 3.3         4.0  3.1 1.1 0.7 0.4 2.9 2.1 18.5 .459 .496  .397 .820 .572 .534   G    SR
33              Ken Leeks  18.5 28 1991-92        Central Florida 28 28 33.3 7.0 12.0 6.9 11.6 0.1  0.4 4.3         6.6  8.7 1.0 1.0 1.8 2.5 3.1 18.5 .583 .589  .400 .651 .609 .589   C    SR
34       Ervin Johnson Jr  18.4 29 1992-93            New Orleans 29 29 33.3 7.2 11.6 7.2 11.6 0.0  0.0 4.1         6.0 11.9 0.6 0.9 2.7 2.6 3.0 18.4 .619       .619 .674 .637 .619   C    SR
35          Stan Blackmon  18.4 29 2000-01            Little Rock 29 26 28.4 6.3 11.3 6.2 10.9 0.0  0.4 5.8 8.0 2.9 4.1  7.0 1.6 1.4 0.7 2.9 2.6 18.4 .553 .571  .083 .728 .608 .555   F    SR
36       Gerrod Henderson  18.4 27 2000-01         Louisiana Tech 27 26 35.0 5.8 13.7 3.7  7.6 2.1  6.1 4.8 5.7 1.1 3.9  5.0 2.6 2.0 0.2 3.0 2.9 18.4 .420 .488  .337 .838 .559 .496   G    JR
37       Gerrod Henderson  18.4 28 1999-00         Louisiana Tech 28 28 32.7 5.7 13.2 3.3  7.0 2.4  6.2 4.5 5.5 1.0 3.3  4.3 3.6 1.6 0.1 2.9 2.7 18.4 .432 .467  .393 .813 .579 .524   G    SO
38          Hector Romero  18.3 26 2002-03            New Orleans 26 26 33.1 6.0 13.5 5.3 11.3 0.7  2.2 5.6 7.5 3.1 6.0  9.1 2.1 1.2 1.4 3.9 3.1 18.3 .444 .466  .333 .749 .538 .472   F    SR
39         Roland Shelton  18.2 30 1989-90       Western Kentucky 30 30 36.7 6.6 15.3 4.1  9.7 2.5  5.6 2.5         3.6  3.0 2.1 0.9 0.3 2.3 2.3 18.2 .429 .421  .444 .697 .534 .511   G    SR
40            Chris Davis  18.0 28 2000-01            North Texas 28 28 34.5 6.4 15.8 5.0 10.7 1.4  5.1 3.9 6.3 2.0 2.4  4.4 2.1 1.3 0.5 4.3 2.8 18.0 .403 .468  .266 .625 .479 .446   G    SO
41           Byron Starks  17.9 30 1993-94 Southwestern Louisiana 30 30 35.1 7.2 15.4 6.0 12.5 1.2  2.8 2.3         3.3  4.8 2.2 1.6 0.5 1.8 2.4 17.9 .469 .481  .412 .707 .529 .507   G    SR
42        J.J. Montgomery  17.9 28 2003-04         Arkansas State 28 28 35.8 5.6 13.4 5.1 11.1 0.5  2.3 6.1 8.0 2.7 3.1  5.8 1.2 1.3 0.1 3.1 1.8 17.9 .419 .458  .231 .771 .521 .439   G    JR
43         DeWaune Wesley  17.8 26 1997-98            New Orleans    26 33.8 6.7 12.5 6.7 12.2 0.0  0.3 4.3         6.6  8.4 1.7 1.1 0.8     2.8 17.8 .540 .551  .125 .651 .571 .542   F    SR
44           Derek Fisher  17.7 27 1994-95            Little Rock 27 24 34.7 5.7 14.1 4.1 10.0 1.6  4.2 4.8         6.7  5.0 4.6 1.6 0.3 2.6 2.3 17.7 .401 .409  .381 .722 .512 .457   G    JR
45           Lucas Barnes  17.7 10 1999-00  Florida International 10 10 29.4 7.3 13.1 7.1 12.4 0.2  0.7 2.9 4.2 1.7 4.4  6.1 1.8 1.3 0.5 2.4 1.6 17.7 .557 .573  .286 .690 .586 .565   G    JR
46          Carlos Arroyo  17.7 22 1999-00  Florida International 22 22 36.0 6.2 13.6 3.7  6.6 2.5  7.0 2.9 4.0 0.4 2.2  2.6 5.2 1.7 0.0 4.0 2.0 17.7 .455 .566  .351 .724 .572 .545   G    JR
47             Reggie Law  17.6 28 1990-91           Jacksonville 28 28 32.4 7.8 15.6 7.8 15.5 0.0  0.1 2.1 3.6 2.7 4.3  7.0 1.9 0.7 1.0 2.7 3.7 17.6 .497 .501  .000 .600 .510 .497   F    SR
48            Malik Dixon  17.6 30 1995-96            Little Rock 30 28 34.5 5.8 13.1 3.6  7.8 2.2  5.3 3.7         4.5  3.5 2.5 0.9 0.1 2.5 2.4 17.6 .444 .462  .419 .824 .577 .529   G    JR
49           Jeff Clifton  17.6 21 1992-93         Arkansas State 21 16 31.4 6.6 13.6 6.5 12.8 0.1  0.8 4.2         6.0  8.7 0.7 2.3 1.1 2.1 2.3 17.6 .488 .507  .176 .698 .535 .493   F    JR
50          Wahhab Carter  17.4 27 1999-00                 Denver 27 27 34.9 6.3 15.9 5.7 14.0 0.6  1.9 4.2 6.3 2.7 4.8  7.5 1.1 0.6 0.4 2.9 1.9 17.4 .399 .409  .320 .661 .462 .417   F    SO
51          Larry Jackson  17.3 26 1997-98     Texas-Pan American         26 6.4 15.7 5.3 11.6 1.1  4.1 3.4         5.2  5.7 2.6 1.8         0.3 17.3 .407 .455  .271 .664 .477 .442   F    SO
52            Barry Brown  17.3 27 1992-93           Jacksonville 27 26 31.0 6.1 14.3 4.4  8.9 1.8  5.4 3.2         4.6  5.5 1.0 1.5 0.2 3.5 2.9 17.3 .430 .490  .331 .702 .525 .492   G    JR
53          Tyrone Garris  17.1 27 1994-95            New Orleans 27 25 30.9 5.9 13.4 4.1  8.6 1.7  4.9 3.7         4.7  3.8 1.7 1.6 0.1 2.7 2.3 17.1 .435 .478  .359 .781 .546 .500   G    JR
54            Chris Jones  17.1 29 1991-92     Texas-Pan American 29 29 32.4 6.8 13.8 6.8 13.7 0.0  0.1 3.6         5.0  7.2 1.0 0.9 1.1 2.6 2.9 17.1 .494 .496  .000 .710 .531 .494   C    JR
55            Nick Rivers  17.1 15 2001-02         Arkansas State 15 13 24.7 6.4 14.2 3.7  7.3 2.7  6.9 1.6 2.3 0.3 0.9  1.3 1.1 0.7 0.1 2.1 1.8 17.1 .451 .509  .388 .706 .559 .545   G    SR
56         Chico Fletcher  17.0 30 1998-99         Arkansas State 30 30 36.8 6.0 14.0 4.6  9.8 1.4  4.2 3.6         5.0  3.0 8.3 2.2 0.1 4.2 1.5 17.0 .431 .473  .333 .709 .520 .481   G    JR
57         Chris Robinson  17.0 31 1994-95       Western Kentucky 31 31 30.7 6.5 14.5 5.4 10.9 1.1  3.5 2.8 3.9 2.1 4.5  6.7 2.2 1.9 0.2 2.8 3.0 17.0 .453 .497  .318 .711 .521 .492   F    JR
58          Elbert Rogers  17.0 31 1990-91                    UAB    31 28.3 6.4 12.0 6.4 11.9 0.0  0.1 4.2         5.8  6.5 0.9 0.5         0.6 17.0 .535 .538  .000 .717 .576 .535   F    JR
59          Lonnie Cooper  17.0 27 1997-98         Louisiana Tech    27 35.8 5.2 13.1 2.9  7.1 2.3  6.1 4.2         5.3  4.4 5.1 1.5 0.1     3.4 17.0 .397 .408  .384 .803 .543 .486   G    JR
60            Tory Walker  17.0 29 2000-01            New Orleans 29 26 30.6 6.3 12.9 4.2  8.0 2.1  4.8 2.2 2.9 1.7 3.0  4.7 1.4 1.4 0.9 2.1 2.5 17.0 .491 .524  .436 .765 .595 .572   F    SR
61           Andy Kennedy  16.9 30 1989-90                    UAB 30 30 29.8 5.1 11.7 2.2  4.7 3.0  7.0 3.7         4.1  3.5 2.3 0.6 0.0 1.8 2.1 16.9 .440 .464  .424 .902 .622 .567   F    JR
62            Ron Coleman  16.9 27 1994-95                  Lamar 27 27 32.1 5.9 14.6 5.0 12.1 0.9  2.6 4.3         6.1  5.3 1.9 1.3 0.0 3.6 2.5 16.9 .403 .414  .348 .693 .482 .433   G    SO
63            Casey Green  16.9 31 1997-98 Southwestern Louisiana    31 26.5 5.2 13.2 2.2  4.8 3.0  8.4 3.6         4.6  2.7 1.0 1.9         0.0 16.9 .392 .456  .355 .776 .549 .505   G    SR
64              Brad Boyd  16.8 27 2002-03    Louisiana-Lafayette 27 25 31.0 5.4 13.6 1.5  3.2 3.9 10.3 2.2 2.7 0.5 2.1  2.6 2.9 1.2 0.1 2.6 1.6 16.8 .396 .471  .373 .822 .567 .538   G    JR
65         Chris Robinson  16.8 26 1995-96       Western Kentucky 26 24 33.1 6.3 13.8 5.1  9.9 1.2  3.9 3.1         4.6  6.2 2.3 2.6 0.7 2.5 3.4 16.8 .455 .518  .297 .675 .527 .497   F    SR
66          Conley Verdun  16.8 28 1995-96 Southwestern Louisiana    28 37.0 5.2 13.9 1.9  5.2 3.3  8.7 3.1         3.7  3.4 1.6 2.1         0.1 16.8 .375 .372  .377 .827 .536 .494   G    JR
67              Mark Bell  16.8 32 1992-93       Western Kentucky 32 31 29.9 6.0 12.1 3.9  6.9 2.1  5.2 2.7 4.2 1.4 2.5  3.9 3.9 2.4 0.1 3.2 2.3 16.8 .497 .564  .410 .630 .597 .585   G    SR
68            Mark Kiehne  16.8 26 1996-97         Arkansas State 26 25 35.5 6.6 12.5 6.6 12.5 0.0  0.0 3.6         5.6  7.0 1.4 1.0 0.6 2.4 2.7 16.8 .528       .528 .644 .554 .528   F    SR
69           Chris Marcus  16.7 31 2000-01       Western Kentucky 31 31 29.5 6.4 11.6 6.4 11.6 0.0  0.0 4.0 6.3 4.0 8.1 12.1 0.9 0.6 3.1 2.0 2.3 16.7 .547       .547 .639 .573 .547   C    SO
70              Raja Bell  16.7 29 1998-99  Florida International    29 34.9 5.8 12.6 4.1  7.9 1.7  4.8 3.5         4.7  4.3 2.7 1.3 0.2     2.6 16.7 .456 .522  .348 .745 .561 .522   F    SR
71         Radenko Dobras  16.7 30 1990-91          South Florida    30 36.0 6.2 14.8 4.3  9.0 1.9  5.8 2.4         3.1  3.1 4.6 1.3         0.4 16.7 .418 .476  .328 .785 .513 .482   G    JR
72            Keith Veney  16.6 27 1992-93                  Lamar 27 13 23.0 5.0 13.6 1.1  4.0 3.9  9.6 2.6         3.4  2.1 1.1 0.7 0.0 1.8 1.7 16.6 .371 .280  .408 .772 .547 .515   G    FR
73           Derek Turner  16.6 26 1991-92          South Alabama 26  9 22.8 5.5 11.7 1.9  3.7 3.6  8.1 2.1         2.8  1.9 1.4 0.7 0.0 1.1 1.8 16.6 .466 .516  .443 .764 .637 .618   G    SR
74         Radenko Dobras  16.6 31 1989-90          South Florida    31 34.3 6.7 14.6 5.7 10.7 1.0  3.9 2.2         3.2  3.1 3.9 1.2         0.2 16.6 .458 .533  .254 .680 .513 .492   G    SO
75          Marvin Taylor  16.4 17 1990-91          South Florida    17 35.0 5.8 13.2 4.6 10.1 1.2  3.2 3.6         4.4  3.9 4.6 1.5         0.1 16.4 .440 .462  .370 .824 .536 .484   G    SR
76            Bobby Allen  16.3 26 1993-94     Texas-Pan American 26 19 29.0 6.3 11.4 6.1 10.7 0.2  0.7 3.3         4.8  4.7 1.0 0.7 0.1 1.8 1.5 16.3 .557 .572  .333 .690 .594 .568   F    SR
77           Melvin Simon  16.3 30 1993-94            New Orleans 30 28 33.2 6.4 12.8 6.3 12.7 0.0  0.1 3.5         5.4 11.8 1.9 0.6     0.8 3.4 16.3 .499 .499  .500 .648 .530 .500   F    SR
78           Atiim Browne  16.3 27 1993-94                  Lamar 27 27 34.3 5.1 11.6 3.4  7.8 1.7  3.8 4.4         5.3  3.7 4.1 1.5 0.0 3.6 2.7 16.3 .439 .441  .437 .819 .574 .511   G    SR
79          Curtis Taylor  16.2 29 1989-90           Jacksonville 29 28 36.0 6.1 13.7 5.4 11.7 0.7  2.0 3.3         3.9  4.0 3.1 0.9 0.0 2.3 1.8 16.2 .449 .467  .345 .833 .523 .475   G    SR
80          Eric Channing  16.2 31 2001-02       New Mexico State 31 31 32.0 5.3 11.5 2.7  5.9 2.6  5.7 3.0 3.4 0.8 2.5  3.3 1.5 0.7 0.2 1.9 1.9 16.2 .458 .456  .460 .894 .616 .571   G    SR
81             B.J. Pratt  16.2 28 2000-01                 Denver 28  1 27.4 5.3 12.7 2.6  6.0 2.7  6.8 2.9 3.6 0.8 2.5  3.2 2.3 1.1 0.0 2.5 1.7 16.2 .416 .437  .397 .812 .561 .521   G    SO
82              Mike Dean  16.2 23 2003-04       Middle Tennessee 23 23 33.0 4.9 12.0 2.2  5.9 2.7  6.2 3.7 4.9 0.4 3.7  4.1 1.6 1.2 0.1 2.1 2.0 16.2 .404 .370  .437 .761 .562 .516   G    JR
83           Hakim Shahid  16.2 31 1989-90          South Florida    31 34.8 6.5 10.1 6.5 10.1 0.0  0.0 3.2         4.5 12.4 1.0 0.8         0.4 16.2 .640       .640 .707 .658 .640   C    SR
84          Jack Jennings  16.1 28 1990-91       Western Kentucky 28 27 30.4 5.7 13.0 5.0 10.6 0.7  2.4 4.0         5.3  8.5 1.2 1.1 0.3 2.6 3.4 16.1 .440 .471  .299 .757 .520 .467   F    JR
85           Nick Zachery  16.1 28 2001-02            Little Rock 28 20 28.7 5.5 12.7 2.1  4.7 3.3  8.0 1.9 2.3 0.5 2.7  3.3 3.6 1.7 0.0 3.2 2.1 16.1 .430 .458  .413 .841 .586 .560   G    SO
86            Ron Coleman  16.1 27 1996-97                  Lamar    27 30.7 5.3 12.1 4.9 10.4 0.4  1.7 5.0         6.7  5.9 2.2 0.7         0.0 16.1 .437 .465  .267 .747 .525 .456   G    SR
87        Ricardo Leonard  16.0 32 1990-91           Old Dominion 32 30 31.7 6.3 13.1 6.3 13.0 0.0  0.0 3.4 5.5 3.2 3.0  6.2 1.1 1.4 0.8 2.1 3.2 16.0 .483 .482 1.000 .617 .512 .484   F    JR
88             B.J. Pratt  16.0 32 2002-03                 Denver 32 32 30.3 5.0 12.1 2.5  5.0 2.5  7.1 3.6 4.1 0.7 2.4  3.2 1.8 0.8 0.0 2.0 1.6 16.0 .410 .494  .351 .864 .568 .513   G    SR
89          Charlie Burke  16.0 28 1992-93          South Alabama 28 17 26.4 5.5 12.3 3.9  7.4 1.6  4.9 3.4         4.2  4.6 1.5 1.0 0.1 1.6 2.3 16.0 .446 .519  .336 .797 .559 .513   G    JR
90             Tommy Gunn  16.0 29 2003-04       Middle Tennessee 29 28 32.6 5.2 10.9 3.3  5.8 1.9  5.1 3.7 4.5 1.4 3.8  5.2 2.1 1.6 0.6 2.4 2.8 16.0 .476 .562  .378 .815 .613 .565   G    SR
91          Tyrone Foster  16.0 30 1997-98 Southwestern Louisiana    30 29.9 5.2 11.6 2.9  6.1 2.4  5.6 3.1         3.9  2.5 4.2 1.2 0.1     2.8 16.0 .450 .473  .425 .803 .592 .552   G    SR
92         Reginald Poole  16.0 28 1996-97 Southwestern Louisiana 28 27 35.9 6.0 11.2 5.5  9.6 0.6  1.6 3.3         5.4 10.3 1.6 1.4 1.7 2.8 3.3 16.0 .538 .567  .364 .616 .579 .564   F    JR
93           Chris Marcus  15.9 15 2001-02       Western Kentucky 15 10 24.7 5.5 10.5 5.5 10.5 0.0  0.0 4.9 6.9 2.7 6.2  8.9 0.2 0.2 2.6 2.0 1.9 15.9 .529       .529 .702 .579 .529   C    JR
94          Keith Jackson  15.9 32 1990-91           Old Dominion 32 31 30.8 6.1 14.0 4.0  8.3 2.1  5.7 1.5 2.1 1.7 3.2  4.9 1.3 1.1 0.3 1.6 2.3 15.9 .437 .479  .374 .721 .529 .512   G    SO
95             Tommy Gunn  15.9 30 2002-03       Middle Tennessee 30 29 32.7 5.5 11.0 3.5  6.4 2.0  4.6 2.9 3.6 1.2 2.9  4.1 2.3 1.3 0.6 2.8 2.3 15.9 .498 .549  .428 .822 .625 .588   G    JR
96            Nigel Dixon  15.9 28 2003-04       Western Kentucky 28 28 25.1 6.4  9.4 6.4  9.4 0.0  0.0 3.1 7.2 4.3 6.0 10.3 0.4 0.5 0.3 3.8 3.5 15.9 .678       .678 .433 .619 .678   C    SR
97            Chris Young  15.9 28 2002-03          South Alabama 28 28 34.7 5.3 13.2 1.7  3.9 3.5  9.3 1.8 2.1 0.5 2.6  3.1 2.0 1.3 0.0 2.0 2.1 15.9 .398 .440  .381 .879 .560 .533   G    JR
98          Stan Blackmon  15.9 28 1999-00            Little Rock 28 27 31.5 5.5 11.3 5.1 10.4 0.4  0.9 4.5         6.3  7.4 1.6 1.0 0.4 3.1 2.8 15.9 .489 .495  .417 .720 .558 .505   F    JR
99        Artemus McClary  15.8 28 1993-94           Jacksonville 28 22 29.5 6.0 11.2 6.0 11.0 0.0  0.2 3.7         6.3  8.7 1.3 1.3 1.2 2.3 3.6 15.8 .538 .544  .200 .594 .558 .540   F    SO
100          Doug Annison  15.8 27 1994-95         Louisiana Tech 27 26 31.8 5.2 13.2 3.5  8.1 1.7  5.1 3.7         5.1  6.1 1.5 1.9 0.1 2.8 3.7 15.8 .395 .434  .333 .712 .505 .459   F    JR
101         Laverne Smith  15.8 28 1999-00            Little Rock 28 20 29.1 5.8 12.4 4.0  7.6 1.8  4.7 2.4         3.0  1.8 1.7 0.8 0.0 2.2 2.1 15.8 .468 .519  .386 .788 .572 .542   G    JR
102            Mike Wells  15.8 28 2003-04       Western Kentucky 28 28 34.7 5.3 12.6 2.9  6.0 2.4  6.5 2.8 3.6 1.6 4.0  5.6 2.5 1.5 0.8 2.2 2.6 15.8 .420 .473  .372 .772 .553 .517   G    SR
103       Kendrick Warren  15.7 31 1990-91                    VCU 31 30 28.1 6.6 12.2 6.5 11.9 0.0  0.3 2.5 5.0 3.3 5.2  8.5 1.6 1.1 2.1 2.8 3.1 15.7 .541 .550  .125 .506 .541 .542   F    FR
104           Ron Coleman  15.7 27 1995-96                  Lamar 27 25 27.5 5.9 13.1 5.3 11.2 0.5  1.9 3.5         5.1  5.2 1.9 0.9 0.1 3.4 2.1 15.7 .446 .477  .269 .688 .506 .466   G    JR
105             Ron Ellis  15.7 31 1991-92         Louisiana Tech    31 28.9 6.1 11.3 6.0 10.8 0.1  0.5 3.4         4.2  7.7 2.0 1.3 0.5 2.2 2.5 15.7 .538 .554  .235 .806 .589 .544   F    SR
106              Rod Wade  15.6 29 1991-92            Little Rock 29 27 31.0 5.4 10.5 5.1  9.5 0.3  1.0 4.4         5.8  5.5 1.8 1.3 0.2 2.8 3.2 15.6 .518 .542  .300 .762 .589 .533   F    SR
107          Anthony Dade  15.6 31 1991-92         Louisiana Tech         31 5.8 11.3 5.8 11.3 0.0  0.0 4.1         7.4  7.5 2.0 0.8         0.4 15.6 .511       .511 .548 .527 .511   F    SR
108             Kip Stone  15.6 27 1994-95           Jacksonville 27 26 34.5 5.0 11.6 3.7  7.4 1.3  4.1 4.3         6.7  5.3 4.0 1.4 0.5 2.8 2.2 15.6 .433 .493  .324 .639 .530 .490   G    SR
109         Tim Burroughs  15.6 28 1991-92           Jacksonville    28 28.5 5.4 10.8 5.3 10.5 0.1  0.3 4.6         6.5 13.2 1.4 0.5 0.5 2.8 3.9 15.6 .502 .502  .500 .707 .560 .508   C    SR
110         Craig Jackson  15.6 27 1998-99         Louisiana Tech    27 32.9 5.7 13.1 3.8  7.4 1.9  5.7 2.2         3.0  3.2 2.4 1.9         0.0 15.6 .435 .507  .340 .750 .536 .508   G    JR
111        William Pippen  15.5 30 2002-03       Middle Tennessee 30 26 31.1 6.5 11.7 5.4  9.0 1.1  2.7 1.4 2.0 1.3 4.7  6.0 1.1 0.8 0.9 2.3 3.0 15.5 .557 .604  .402 .683 .612 .604   F    SR
112        Quincy Dockins  15.5 27 1992-93                  Lamar 27 18 27.0 5.1 11.4 2.3  4.1 2.8  7.4 2.6         3.7  3.6 3.6 1.4 0.3 2.3 2.1 15.5 .443 .555  .382 .697 .588 .566   G    JR
113       Anthony Johnson  15.5 24 2000-01    Louisiana-Lafayette 24 11 24.5 5.7 10.5 4.5  7.2 1.2  3.3 2.9 4.3 2.4 3.1  5.5 1.0 1.3 0.3 2.3 2.2 15.5 .546 .634  .354 .686 .621 .602   F    SO
114           James Moore  15.4 27 2003-04       New Mexico State 27 27 31.1 5.3 10.0 5.3  9.7 0.0  0.3 4.7 5.7 2.6 4.0  6.6 1.6 1.9 2.0 2.3 3.0 15.4 .535 .550  .000 .837 .609 .535   F    SR
115      Ervin Johnson Jr  15.4 32 1991-92            New Orleans 32 32 33.5 5.8  9.9 5.8  9.9 0.0  0.0 3.8         5.3 11.1 1.8 1.0 2.5 2.5 3.5 15.4 .584       .584 .713 .618 .584   C    JR
116          Chris Manuel  15.4 28 1996-97 Southwestern Louisiana 28 27 38.5 5.0 12.8 3.1  6.5 1.9  6.3 3.4         5.0  5.6 2.4 1.7 0.8 2.3 2.8 15.4 .392 .473  .309 .691 .508 .468   F    JR
117         Tim Burroughs  15.3 27 1990-91           Jacksonville 27 24 29.9 6.2 11.5 6.2 11.4 0.0  0.1 3.0 4.8 5.0 8.0 13.0 0.9 0.6 0.3 2.4 3.3 15.3 .539 .542  .000 .615 .557 .539   C    JR
118      Tevoris Thompson  15.3 28 2002-03         Arkansas State 28 14 24.4 4.9 12.5 1.9  4.6 3.0  7.9 2.5 2.8 0.5 1.3  1.8 0.4 0.7 0.0 1.6 1.4 15.3 .389 .403  .380 .899 .551 .509   G    JR
119         Tyrone Garris  15.2 30 1995-96            New Orleans    30 32.8 5.0 12.6 2.8  7.1 2.2  5.5 2.9         3.5  4.0 3.8 1.3         0.2 15.2 .399 .394  .406 .829 .533 .488   G    SR
120           Chris Green  15.2 28 1997-98            Little Rock 28 23 35.5 4.9 12.0 2.6  5.4 2.3  6.5 3.2         4.3  2.5 3.7 0.9 0.0 2.8 2.2 15.2 .406 .480  .344 .744 .541 .500   G    JR
121        Anthony Foster  15.1 27 1994-95          South Alabama 27 27 31.7 5.8 13.7 5.3 11.1 0.6  2.6 3.0         3.9  4.2 7.5 1.3 0.0 4.2 2.2 15.1 .423 .472  .214 .755 .485 .443   G    SR
122          Lucas Wagler  15.1 27 1995-96                  Lamar 27 26 29.7 5.4 11.8 4.5  9.3 0.9  2.5 3.5         4.8  7.1 1.8 1.1 0.1 2.9 2.8 15.1 .455 .480  .358 .736 .538 .492   F    SR
123         Joe Lightfoot  15.1 28 1990-91       Western Kentucky 28 28 32.2 5.0 11.1 2.4  5.0 2.6  6.1 2.6         3.3  3.0 1.9 0.9 0.1 2.6 2.3 15.1 .446 .471  .424 .785 .595 .563   F    SR
124       Jermaine Spivey  15.1 26 1994-95            New Orleans 26 26 32.5 5.3 13.2 2.7  5.6 2.7  7.6 1.8         2.5  5.2 2.2 2.0 0.3 2.9 2.9 15.1 .405 .483  .348 .708 .526 .506   G    JR
125           Micah Marsh  15.1 29 1997-98         Arkansas State 29 25 34.5 4.7 10.7 1.8  3.7 2.9  7.0 2.9         3.6  2.6 3.4 1.1 0.0 2.9 2.0 15.1 .437 .491  .409 .806 .608 .571   G    SR
126   Marshod Fairweather  15.1 30 1999-00  Florida International 30 30 32.7 4.9 14.2 2.4  5.5 2.6  8.8 2.7 3.5 1.1 2.2  3.3 1.5 2.1 0.0 2.0 2.1 15.1 .347 .433  .293 .762 .475 .437   G    SR
127          Toby Madison  15.0 28 1997-98          South Alabama    28 34.0 5.0 10.3 2.6  5.3 2.4  5.0 2.6         3.3  3.4 2.9 0.8         0.0 15.0 .488 .497  .479 .791 .634 .604   G    SR
128            Tony Lovan  15.0 27 1996-97       Western Kentucky 27 26 33.7 5.8 12.4 4.9  9.3 0.9  3.1 2.5         3.2  5.8 1.1 1.4 0.4 2.4 2.7 15.0 .464 .520  .298 .779 .536 .501   F    SR
129       Anthony Johnson  14.9 31 2001-02    Louisiana-Lafayette 31 24 28.7 4.7 10.5 3.9  7.6 0.8  2.9 4.6 5.7 2.4 4.5  7.0 1.5 0.8 0.4 2.3 2.0 14.9 .450 .515  .278 .809 .563 .488   F    JR
130        Alan Barksdale  14.9 25 1998-99            Little Rock 25 14 35.8 4.7 11.8 0.9  2.5 3.8  9.4 1.8         2.2  3.6 2.9 1.0 0.1 2.2 1.8 14.9 .395 .355  .406 .800 .579 .556   G    SO
131           Derek Smith  14.9 27 1997-98         Louisiana Tech    27 31.1 5.0 10.4 3.7  7.0 1.3  3.4 3.7         5.1  3.9 1.8 1.0         0.1 14.9 .477 .529  .370 .725 .580 .537   G    SO
132        Gary Alexander  14.9 30 1990-91          South Florida    30 33.0 5.9 11.2 5.9 11.2 0.0  0.0 3.1         4.8 10.2 0.9 1.1         0.6 14.9 .524       .524 .657 .552 .524   F    JR
133          Byron Starks  14.9 29 1992-93 Southwestern Louisiana    29 28.9 6.3 11.5 6.3 11.3 0.0  0.2 2.2         3.1  4.1 2.3 1.0         0.2 14.9 .550 .557  .167 .703 .573 .551   G    JR
134           James Moore  14.8 32 2001-02       New Mexico State 32 32 27.8 5.8  9.7 5.8  9.6 0.0  0.1 3.3 4.3 1.8 4.1  5.9 0.8 1.5 1.4 2.2 3.0 14.8 .594 .601  .000 .775 .632 .594   F    SO
135        Chris Robinson  14.7 31 1993-94       Western Kentucky 31 31 30.8 6.0 12.6 4.9  9.6 1.1  3.0 1.6         2.2  5.7 2.0 1.6 0.6 2.3 3.1 14.7 .478 .513  .366 .721 .540 .522   F    SO
136        Reginald Poole  14.7 29 1998-99    Louisiana-Lafayette    29 31.9 5.3 12.5 4.6  9.9 0.7  2.6 3.4         5.0  7.4 0.9 1.1 0.9     2.4 14.7 .425 .462  .284 .681 .496 .454   F    SR
137      Taurance Johnson  14.7 30 2001-02  Florida International 30 29 28.0 5.9 12.1 5.1  9.6 0.8  2.5 2.1 3.3 2.3 3.9  6.2 1.1 1.8 1.8 3.6 2.8 14.7 .486 .533  .307 .636 .535 .518   F    FR
138           C.J. Pepper  14.6 28 1999-00         Arkansas State 28 28 30.1 5.4 11.5 5.3 10.9 0.1  0.6 3.8 5.5 2.3 4.5  6.8 0.8 1.3 0.4 1.4 2.3 14.6 .470 .485  .188 .682 .520 .475   F    SR
139          Samuel Hines  14.6 28 1991-92          South Alabama 28 22 26.9 5.4  9.0 5.4  8.9 0.0  0.0 3.9         5.4  6.1 2.0 1.9 0.4 2.2 3.5 14.6 .598 .600  .000 .722 .634 .598   F    SR
140        Jason Jennings  14.6 30 2001-02         Arkansas State 30 30 28.1 5.7 10.0 5.7 10.0 0.0  0.0 3.3 4.1 2.1 4.5  6.6 0.9 0.3 3.4 1.9 3.2 14.6 .567       .567 .790 .610 .567   C    SR
141      Harold Thompkins  14.6 32 1991-92       Western Kentucky 32 32 32.4 5.3 12.0 4.1  8.2 1.2  3.8 2.8 3.4 1.8 2.8  4.5 1.7 1.5 0.3 2.3 2.3 14.6 .442 .500  .317 .800 .534 .492   F    SR
142           Shawn Copes  14.5 31 1991-92                  Lamar 31 20 27.0 6.0 11.3 5.8 10.8 0.2  0.4 2.3         3.8  5.7 1.4 2.1 0.3 3.1 2.7 14.5 .536 .539  .462 .607 .557 .544   F    SO
143             Ryan Moss  14.5 28 1997-98            Little Rock 28 28 34.1 6.0  9.2 6.0  9.2 0.0  0.0 2.6         4.2  9.7 0.5 0.9 2.0 2.0 2.9 14.5 .650       .650 .619 .650 .650   F    JR
144        Quincy Dockins  14.5 27 1993-94                  Lamar 27 27 32.8 4.4 10.9 2.7  6.0 1.7  4.9 3.9         5.0  5.9 3.6 2.1 0.0 2.4 2.7 14.5 .407 .457  .346 .785 .546 .485   G    SR
145            Micah Ross  14.5 28 1996-97           Jacksonville 28 28 31.6 5.1 10.5 5.1 10.4 0.0  0.0 4.3         7.6  6.6 0.9 1.4 1.6 2.6 3.1 14.5 .488 .490  .000 .566 .516 .488   F    JR
146         Johnny Miller  14.5 26 1995-96         Louisiana Tech 26 25 31.7 4.7 13.1 2.5  6.6 2.2  6.5 2.9         4.0  3.8 1.0 0.8 0.4 2.5 2.7 14.5 .358 .378  .337 .728 .482 .441   G    SO
147        Ronald Nunnery  14.4 29 1997-98                  Lamar         29 5.2 12.7 4.8 11.1 0.4  1.6 3.6         6.3  5.0 1.4 1.9         0.3 14.4 .410 .430  .267 .571 .460 .427   G    SR
148         Rico Alderson  14.4 27 1997-98          South Alabama    27 32.0 5.6 10.0 5.6  9.8 0.0  0.1 3.1         5.6  7.4 2.4 1.0         1.1 14.4 .565 .570  .250 .563 .572 .567   C    SR
149     Muntrelle Dobbins  14.4 28 1996-97            Little Rock 28 27 31.5 5.3  9.9 5.3  9.9 0.0  0.0 3.9 7.2 4.3 7.2 11.4 1.3 0.7 1.9 2.1 3.3 14.4 .532       .532 .537 .541 .532   F    SR
150       Anthony Johnson  14.4 27 2002-03    Louisiana-Lafayette 27 19 27.1 5.0  9.8 4.0  6.3 1.0  3.4 3.5 5.1 1.9 3.4  5.3 1.4 0.9 0.6 2.1 2.0 14.4 .508 .632  .280 .693 .591 .557   F    SR
151           Erik Benzel  14.4 27 2003-04                 Denver 27 26 36.1 4.9 11.3 1.3  2.8 3.6  8.5 1.1 1.4 0.4 2.8  3.2 2.4 1.3 0.3 1.6 2.1 14.4 .428 .447  .422 .769 .599 .587   G    JR
152          Derek Fisher  14.4 30 1995-96            Little Rock 30 30 36.0 4.3 10.4 2.6  6.1 1.7  4.3 4.2         5.6  5.2 5.1 1.9 0.1 2.7 2.1 14.4 .410 .429  .385 .746 .551 .490   G    SR
153         Lonnie Thomas  14.4 28 2000-01    Louisiana-Lafayette 28 28 27.3 5.5 10.5 5.5 10.5 0.0  0.0 3.4 5.8 3.2 4.2  7.4 1.2 0.8 1.0 1.9 3.8 14.4 .524       .524 .586 .543 .524   F    SR
154        Antonio Harvey  14.4 29 1997-98         Arkansas State 29 28 33.6 4.8 10.2 1.7  3.2 3.0  7.0 1.8         2.5  4.3 1.6 1.5 0.1 2.2 3.3 14.4 .466 .532  .436 .726 .631 .615   G    JR
155          Chris Manuel  14.4 28 1995-96 Southwestern Louisiana    28 36.7 4.8 11.4 3.4  6.9 1.5  4.5 3.3         4.9  4.9 1.7 2.0         0.4 14.4 .422 .487  .323 .669 .523 .486   F    SO
156         Jerome Malloy  14.3 25 1994-95           Jacksonville 25 25 32.2 4.9 11.7 2.0  4.6 2.9  7.1 1.6         1.8  3.5 1.7 0.7 0.2 2.0 2.0 14.3 .420 .440  .407 .870 .569 .543   G    JR
157           Chris Green  14.3 24 1998-99            Little Rock 24 23 34.8 4.5  9.8 2.8  5.1 1.7  4.7 3.7         8.7  3.3 4.6 1.2 0.0 3.0 2.0 14.3 .453 .545  .354 .428 .512 .538   G    SR
158         Conley Verdun  14.3 28 1996-97 Southwestern Louisiana 28 27 35.8 4.5 13.0 2.2  5.3 2.3  7.8 3.0         4.1  2.9 3.3 1.2 0.0 2.3 1.9 14.3 .342 .415  .294 .746 .476 .430   G    SR
159          Derek Turner  14.3 28 1989-90          South Alabama         28 5.3 11.7 2.7  5.7 2.5  6.0 1.2         1.5  2.3 1.2 0.6         0.1 14.3 .448 .475  .423 .810 .573 .556   G    SO
160        Antonio Harvey  14.2 30 1998-99         Arkansas State 30 30 36.8 4.8 11.1 2.6  4.5 2.2  6.6 2.5         3.4  4.4 2.0 1.9 0.1 1.6 2.8 14.2 .428 .578  .327 .752 .559 .525   G    SR
161         Lonnie Cooper  14.2 28 1996-97         Louisiana Tech    28 38.0 4.3 10.8 2.3  5.9 2.0  5.0 3.5         4.8  4.2 5.1 1.7 0.1     2.9 14.2 .399 .390  .410 .739 .543 .493   G    SO
162        Kelly McKinnon  14.2 29 1991-92           Jacksonville         29 4.8 11.1 1.9  5.0 2.9  6.1 1.8         2.2  3.0 1.3 1.0         0.0 14.2 .432 .386  .469 .785 .584 .561   F    SR
163        Derrick Daniel  14.2 30 1991-92                  Lamar 30 29 26.5 5.1 10.2 4.9  9.4 0.1  0.7 3.9         5.6  8.2 0.6 1.0 0.3 1.6 2.8 14.2 .498 .523  .182 .701 .553 .505   F    JR
164    Anthony Winchester  14.1 28 2003-04       Western Kentucky 28 28 32.8 4.8 11.3 2.7  5.6 2.1  5.6 2.6 2.9 1.9 2.8  4.8 2.1 0.8 0.1 1.6 2.6 14.1 .421 .475  .367 .878 .558 .513   G    SO
165       Darrin McDonald  14.1 27 1989-90           Old Dominion         27 5.3 11.8 3.7  7.6 1.6  4.2 2.0         2.9  3.9 2.1 1.3         0.3 14.1 .445 .488  .368 .714 .536 .511   G    SR
166           Lee Lampley  14.1 28 1999-00       Western Kentucky 28 28 30.4 5.0 11.8 3.8  8.4 1.2  3.4 2.9 4.0 1.7 3.0  4.7 1.4 0.6 0.5 2.6 2.3 14.1 .426 .457  .347 .726 .516 .476   F    SR
167          Nick Zachery  14.1 29 2002-03            Little Rock 29  9 23.7 4.5 11.8 1.6  4.4 2.9  7.3 2.1 2.7 0.2 2.2  2.4 2.2 1.3 0.1 2.4 1.6 14.1 .384 .357  .401 .792 .540 .509   G    JR
168          Steven Bides  14.1 29 1997-98       Western Kentucky 29 28 31.5 5.4 13.0 3.8  8.3 1.7  4.6 1.6         2.2  6.2 1.6 1.2 0.8 2.6 3.0 14.1 .418 .450  .358 .708 .501 .481   F    SR
169             Todd Hill  14.1 32 1991-92 Southwestern Louisiana 32 32 23.0 5.5 10.8 5.1  9.8 0.4  1.0 2.7         4.0  4.1 1.6 1.3         0.7 14.1 .512 .526  .375 .667 .555 .529   F    JR
170         Fred Shepherd  14.0 26 1992-93         Arkansas State 26 26 30.7 5.6  8.9 5.6  8.9 0.0  0.0 2.9         4.5  8.5 1.5 0.8 1.3 2.3 2.7 14.0 .625 .628  .000 .636 .634 .625   F    SR
171    Demetrice Williams  14.0 28 2002-03          South Alabama 28 28 36.6 4.4  9.6 3.4  6.7 1.0  2.9 4.4 5.9 0.6 2.8  3.4 4.9 2.7 0.1 2.5 2.2 14.0 .454 .505  .333 .739 .566 .504   G    SR
172          Kwan Johnson  14.0 29 1996-97            New Orleans 29 28 33.0 4.9 10.9 3.9  7.6 1.0  3.3 3.3         5.6  5.9 1.7 1.8 0.6 1.4 2.2 14.0 .448 .511  .302 .593 .519 .494   F    SR
173            Reggie Law  14.0 29 1989-90           Jacksonville 29 28 29.9 5.9 12.0 5.9 12.0 0.0  0.0 2.2         3.4  6.7 1.7 0.6 1.1 1.9 3.5 14.0 .496       .496 .636 .516 .496   F    JR
174       Virgil Stanescu  14.0 33 2000-01          South Alabama 33 33 29.8 5.2  9.8 5.2  9.8 0.0  0.0 3.6 5.3 3.1 5.3  8.4 2.0 0.8 0.2 2.9 3.8 14.0 .533       .533 .684 .571 .533   C    SR
175       Antonio Meeking  14.0 29 2000-01         Louisiana Tech 29 29 32.4 5.4  9.8 5.4  9.6 0.0  0.2 3.2 6.5 2.9 4.6  7.6 1.1 0.7 0.3 2.6 2.7 14.0 .553 .563  .000 .487 .543 .553   F    SO
176         Craig Jackson  14.0 29 1999-00         Louisiana Tech 29 29 34.0 4.7 12.9 2.8  7.4 1.9  5.5 2.6 3.5 0.9 3.1  3.9 2.2 1.3 0.0 2.5 2.1 14.0 .366 .383  .344 .752 .480 .440   G    SR
177       Leonard Hopkins  14.0 28 2003-04            North Texas 28 22 27.9 4.2 10.8 2.7  6.4 1.5  4.4 4.0 4.9 1.5 1.7  3.2 1.8 0.9 0.3 2.6 2.0 14.0 .391 .425  .341 .819 .532 .460   G    JR
178      Quincy Alexander  14.0 27 1996-97                  Lamar    27 27.8 5.4  9.6 5.3  9.1 0.1  0.5 3.1         4.5  6.1 1.2 1.2         1.3 14.0 .564 .585  .154 .686 .596 .568   F    SR
179        Jason Jennings  13.9 29 2000-01         Arkansas State 29 28 26.6 5.6 10.6 5.6 10.6 0.0  0.0 2.7 3.8 2.7 4.4  7.1 1.4 0.3 3.5 2.4 3.3 13.9 .528       .528 .718 .561 .528   C    JR
180         Johnny Miller  13.9 28 1996-97         Louisiana Tech    28 28.0 4.6  9.9 3.0  5.8 1.6  4.1 3.1         4.4  3.4 1.0 0.6         0.4 13.9 .466 .515  .395 .694 .579 .547   G    JR
181         Elander Lewis  13.9 25 1989-90                    VCU    25 28.0 5.8 12.4 5.1 10.0 0.6  2.4 1.7         2.5  5.2 2.1 1.2     0.0 1.5 13.9 .466 .512  .271 .694 .513 .492   G    JR
182           Eric Atkins  13.9 31 1990-91                    VCU 31 29 32.5 5.6 11.7 5.4 10.5 0.3  1.2 2.3 3.9 1.8 3.6  5.4 2.6 0.9 0.6 2.3 2.3 13.9 .483 .512  .222 .590 .512 .494   F    JR
183            B.J. Pratt  13.9 28 2001-02                 Denver 28 28 30.5 5.0 11.8 3.0  6.2 2.0  5.6 1.9 2.2 0.5 2.0  2.5 2.1 0.9 0.0 2.5 2.1 13.9 .424 .486  .357 .839 .540 .509   G    JR
184           Corey Brown  13.9 27 1997-98            New Orleans    27 32.1 4.8 11.3 3.1  6.7 1.7  4.6 2.5         3.5  3.1 3.2 1.4         0.3 13.9 .426 .467  .368 .723 .535 .502   G    SR
185            John Blake  13.8 27 1993-94          South Alabama 27 23 24.0 5.0  9.3 4.5  7.9 0.5  1.4 3.2         4.6  6.6 1.3 0.7 0.2 2.3 2.4 13.8 .544 .575  .368 .696 .603 .572   F    SR
186      Charles Williams  13.7 23 1994-95     Texas-Pan American 23 19 27.0 5.5 10.7 5.5 10.7 0.0  0.0 2.7         5.0  5.0 0.7 0.7 0.3 1.9 3.4 13.7 .514       .514 .526 .521 .514   C    SR
187         Johnell Smith  13.7 29 2002-03            New Orleans 29  9 27.0 4.7 11.7 3.7  9.0 1.0  2.7 3.3 4.1 0.7 2.3  3.0 2.6 2.0 0.2 3.0 1.2 13.7 .402 .410  .377 .800 .503 .445   G    JR
188         Lonnie Cooper  13.7 25 1998-99         Louisiana Tech    25 33.9 4.2 10.3 1.8  4.0 2.4  6.2 2.8         3.0  4.1 5.4 1.5 0.2     3.1 13.7 .412 .455  .385 .921 .583 .529   G    SR
189        Derrick Daniel  13.6 14 1992-93                  Lamar 14 13 22.6 5.1 10.5 4.9 10.1 0.1  0.4 3.4         5.2  6.0 0.4 0.5 0.3 1.8 3.4 13.6 .483 .486  .400 .644 .526 .490   F    SR
190        Albert Telfair  13.6 27 1994-95          South Alabama 27 25 26.6 5.1 13.1 2.9  6.6 2.2  6.5 1.3         1.7  4.6 1.3 1.3 0.0 1.4 2.7 13.6 .388 .435  .341 .756 .491 .473   G    JR
191        Ronald Nunnery  13.6 21 1996-97                  Lamar    21 30.7 4.9 11.0 4.2  9.1 0.6  1.9 3.3         5.9  4.8 1.9 1.6         0.4 13.6 .442 .464  .333 .561 .494 .470   G    JR
192        Alan Barksdale  13.5 24 1999-00            Little Rock 24 22 32.1 4.6 12.0 1.3  3.3 3.3  8.7 1.0         1.3  3.6 3.5 1.0 0.0 2.0 2.0 13.5 .383 .385  .383 .833 .539 .523   G    JR
193          Darryl Davis  13.5 28 1991-92        Central Florida 28 28 34.6 5.5 11.4 5.0  9.8 0.5  1.6 2.1         3.1  5.8 2.2 1.0 0.1 2.9 1.9 13.5 .480 .507  .311 .678 .526 .502   G    FR
194           Jibrahn Ike  13.5 30 2002-03            Little Rock 30 30 28.4 4.3  9.7 2.8  5.8 1.5  3.9 3.4 4.1 0.6 2.8  3.4 1.5 1.5 0.1 2.6 1.8 13.5 .442 .474  .393 .828 .579 .521   G    SR
195           Nick Rivers  13.5 30 2000-01         Arkansas State 30 25 27.5 4.7 12.9 2.9  6.7 1.8  6.2 2.2 3.4 0.3 1.6  1.9 1.5 0.7 0.1 2.4 2.1 13.5 .368 .440  .290 .663 .467 .438   G    JR
196             Ryan Moss  13.5 24 1998-99            Little Rock 24 23 33.1 5.6  8.8 5.6  8.8 0.0  0.0 2.3         3.6  8.5 0.9 0.4 1.9 2.3 3.0 13.5 .643       .643 .621 .645 .643   F    SR
197       Brandon Freeman  13.5 29 2003-04            Little Rock 29 23 25.9 4.3 10.6 2.2  4.9 2.2  5.7 2.6 3.2 0.7 2.2  2.9 1.3 0.9 0.0 1.7 1.6 13.5 .412 .447  .382 .826 .559 .515   G    JR
198       Malerick Bedden  13.4 26 2002-03          South Alabama 26 20 26.2 5.4 10.5 4.5  8.3 0.9  2.2 1.7 2.7 1.8 2.8  4.7 1.2 0.5 0.3 1.4 3.0 13.4 .515 .540  .421 .634 .571 .559   F    JR
199            Eric Brown  13.4 31 1991-92         Louisiana Tech         31 4.6  9.3 2.1  3.9 2.5  5.4 1.8         2.1  2.2 3.1 1.1         0.1 13.4 .491 .533  .461 .846 .650 .625   G    SR
200        Rodrigo Viegas  13.4 30 2001-02  Florida International 30 29 32.7 5.1 11.5 4.5  9.3 0.6  2.2 2.6 3.7 2.0 4.0  6.0 2.5 1.6 0.1 2.4 2.3 13.4 .445 .484  .277 .703 .507 .471   F    JR
[/code]

Provided by [url=https://www.sports-reference.com/sharing.html?utm_source=direct&utm_medium=Share&utm_campaign=ShareTool]Stathead[/url]: [url=https://www.sports-reference.com/stathead/basketball/cbb/player-season-finder.cgi?utm_source=direct&utm_medium=Share&utm_campaign=ShareTool]Found with Stathead. See Full Results.[/url]
Generated 6/11/2026.