[code]                                                                                                                                                                                         
                                                                                                                                                                                     Per 
Rk                 Player PTS/G  G  Season            Team  G GS   MP   FG  FGA   2P  2PA  3P  3PA  FT FTA ORB DRB  TRB AST STL BLK TOV  PF  PTS  FG%  2P%   3P%  FT%  TS% eFG% Pos Class
1              Otis Jones  25.5 26 1993-94       Air Force 26 25 36.3  7.9 17.7  5.0 10.0 3.0  7.7 6.7         8.7  3.6 1.8 1.4 0.1 2.3 0.9 25.5 .447 .496  .383 .770 .583 .530   G    JR
2              Lee Nailon  24.9 32 1997-98             TCU 32 32 33.3 10.3 18.6 10.3 18.5 0.0  0.1 4.3         5.8  8.9 1.9 1.8 1.0 3.1 3.4 24.9 .554 .554  .500 .745 .584 .555   F    JR
3      Courtney Alexander  24.8 27 1999-00    Fresno State 27 27 36.1  9.3 20.9  7.2 14.4 2.1  6.5 4.0 5.1 1.1 3.7  4.7 3.5 1.4 0.1 2.5 2.3 24.8 .447 .499  .331 .781 .532 .498   G    SR
4              Otis Jones  23.9 28 1994-95       Air Force 28 28 36.5  7.6 17.7  5.1 10.2 2.5  7.5 6.2         8.1  4.6 2.6 1.4 0.1 2.2 1.2 23.9 .430 .498  .338 .759 .555 .502   G    SR
5       Tariq Abdul-Wahad  23.8 26 1996-97  San Jose State 26 26 33.4  8.7 17.6  7.7 14.8 1.0  2.7 5.5 7.5 3.0 5.8  8.8 1.1 1.5 0.7 2.6 2.4 23.8 .492 .516  .366 .730 .563 .521   F    SR
6       Antoine Gillespie  23.7 30 1993-94            UTEP 30 28 36.4  7.5 16.9  5.4 11.8 2.1  5.2 6.6         8.2  4.5 1.8 1.1 0.2 1.5 2.1 23.7 .443 .462  .400 .808 .569 .504   G    JR
7              Melvin Ely  23.3 28 2001-02    Fresno State 28 28 35.7  8.8 15.6  8.8 15.6 0.0  0.0 5.8 7.8 3.2 5.9  9.1 1.8 0.7 3.1 2.6 2.4 23.3 .563 .564  .000 .735 .603 .563   C    SR
8              Lee Nailon  22.8 31 1998-99             TCU 31 30 31.9  8.6 16.9  8.5 16.4 0.1  0.5 5.5         7.7  9.3 2.5 1.2 0.9 3.2 3.6 22.8 .508 .515  .267 .715 .554 .511   F    SR
9          Anthony Harris  22.4 28 1995-96          Hawaii 28 28 34.8  7.8 15.8  7.0 13.2 0.9  2.6 5.9         7.0  2.9 2.5 0.6 0.1 3.5 2.5 22.4 .494 .527  .329 .832 .583 .521   G    SR
10        Brandon Wolfram  22.3 32 2000-01            UTEP 32 32 33.2  7.8 13.3  7.7 12.7 0.2  0.6 6.4 7.8 2.2 5.4  7.6 0.9 0.5 0.4 3.0 2.4 22.3 .591 .602  .333 .824 .657 .598   F    SR
11         Robert Johnson  22.0 28 1998-99            Rice    28 37.8  6.8 15.7  3.9  7.5 3.0  8.2 5.4         7.5  4.3 2.1 0.9 0.3     2.7 22.0 .434 .514  .361 .727 .572 .528   G    SR
12         Keith Van Horn  22.0 32 1996-97            Utah 32 32 31.5  7.8 15.8  5.9 11.1 1.8  4.7 4.7         5.2  9.5 1.4 0.7 1.2 2.5 1.9 22.0 .492 .537  .387 .904 .604 .550   F    SR
13          Damon Hancock  22.0 26 2001-02             SMU 26 24 33.5  7.0 16.5  5.2 11.2 1.8  5.2 6.1 9.2 0.9 3.5  4.4 3.6 0.9 0.0 4.5 2.1 22.0 .428 .462  .353 .661 .528 .484   G    SR
14        Carl Ray Harris  21.7 32 1993-94    Fresno State 32 32 35.0  8.0 16.4  5.7 10.2 2.3  6.2 3.5         5.0  2.4 2.8 1.1 0.2 2.3 2.8 21.7 .486 .558  .367 .694 .577 .555   G    SR
15      Ladrell Whitehead  21.7 18 1996-97         Wyoming 18 16 34.6  6.2 14.8  3.4  7.2 2.8  7.6 6.6         8.4  2.9 3.4 1.6 0.2 3.4 2.2 21.7 .417 .473  .365 .776 .577 .511   G    JR
16         Keith Van Horn  21.4 32 1995-96            Utah    32 30.9  7.4 13.7  5.7  9.6 1.7  4.1 5.0         5.9  8.8 1.0 0.7 0.7 2.3 2.0 21.4 .538 .593  .409 .851 .649 .599   F    JR
17         Raymond Dudley  21.4 29 1989-90       Air Force         29  7.8 19.6  4.9 11.3 2.8  8.3 3.0         3.8  3.3 2.1 1.7         0.1 21.4 .396 .437  .340 .807 .500 .468   G    SR
18     Courtney Alexander  21.4 32 1998-99    Fresno State    32 32.0  8.3 17.6  6.7 12.7 1.6  4.9 3.3 4.4 0.9 2.9  3.8 2.6 1.6 0.2 2.4 2.6 21.4 .469 .528  .316 .757 .543 .513   G    JR
19             Mike Jones  21.3 33 1997-98             TCU 33 33 36.8  8.0 16.6  6.1 11.6 1.9  5.0 3.5         4.3  5.7 5.5 2.9 0.0 3.3 2.1 21.3 .480 .523  .378 .803 .570 .536   G    SR
20         Keith Van Horn  21.0 33 1994-95            Utah 33 33 30.1  7.5 13.7  5.7  9.0 1.8  4.6 4.3         5.1  8.5 1.4 0.8 0.8 2.3 2.1 21.0 .545 .628  .386 .856 .654 .611   F    SO
21          Trevor Ruffin  20.8 30 1993-94          Hawaii 30 27 30.8  7.1 16.6  4.2  9.5 2.9  7.2 3.8         5.1  3.2 3.1 1.2 0.0 2.8 2.9 20.8 .427 .447  .400 .743 .547 .513   G    SR
22             Shea Seals  20.7 34 1996-97           Tulsa 34 34 32.8  6.8 17.2  4.3  8.9 2.5  8.3 4.6         7.2  5.9 2.9 1.9 0.1 3.1 2.0 20.7 .394 .480  .301 .648 .502 .467   G    SR
23        Brandon Wolfram  20.7 28 1999-00            UTEP 28 28 34.8  7.7 13.9  7.3 12.8 0.4  1.1 4.9 5.9 2.3 4.6  6.8 1.7 1.0 0.7 3.1 2.9 20.7 .553 .565  .400 .831 .620 .568   F    JR
24       Marquise Gainous  20.7 32 1999-00             TCU 32 29 31.1  6.7 13.5  6.3 12.4 0.4  1.1 6.9 8.2 3.2 5.1  8.3 1.4 0.9 1.3 1.7 2.7 20.7 .497 .510  .343 .843 .594 .510   F    SR
25             Ugo Udezue  20.5 28 1998-99         Wyoming 28 28 29.3  7.4 15.5  7.3 15.4 0.0  0.1 5.8         9.7  7.4 1.1 1.3 0.4     2.5 20.5 .474 .476  .250 .598 .510 .475   F    SO
26        Predrag Savovic  20.3 25 2001-02          Hawaii 25 25 31.8  6.5 14.9  3.5  7.2 3.0  7.7 4.2 5.1 1.0 3.8  4.8 2.3 0.7 0.2 1.5 2.2 20.3 .438 .489  .391 .835 .586 .539   G    SR
27           Quinton Ross  20.3 30 2002-03             SMU 30 30 35.2  6.4 14.1  5.0  9.4 1.4  4.7 6.1 7.7 2.6 3.8  6.4 2.1 1.5 0.8 2.1 2.2 20.3 .453 .530  .298 .793 .571 .502   G    SR
28      Antoine Gillespie  20.2 30 1994-95            UTEP 30 29 33.1  6.1 15.6  3.5  7.7 2.6  7.9 5.5         6.8  4.4 2.6 0.9 0.2 1.8 2.5 20.2 .391 .457  .326 .804 .537 .473   G    SR
29          Mike Wilks Jr  20.1 30 2000-01            Rice 30 29 37.1  6.3 14.5  4.5  9.6 1.9  4.8 5.6 7.2 1.5 3.4  4.9 3.0 2.0 0.3 2.5 2.7 20.1 .438 .464  .386 .781 .563 .502   G    SR
30         Russell Larson  19.9 32 1993-94   Brigham Young 32 32 29.6  7.0 12.6  6.7 11.5 0.3  1.1 5.7 6.9 2.6 6.5  9.1 1.4 1.4 1.3 2.3 3.4 19.9 .553 .579  .286 .819 .627 .566   F    JR
31               Ray Reed  19.9 27 1990-91          Hawaii    27 32.3  7.9 16.6  6.6 12.3 1.3  4.3 2.9         3.9  4.2 2.6 1.2         1.3 19.9 .472 .536  .291 .745 .538 .510   F    JR
32           Carl English  19.6 31 2002-03          Hawaii 31 31 35.9  6.4 14.9  3.5  7.6 2.9  7.3 3.9 5.4 1.0 4.3  5.4 2.4 0.7 0.1 2.6 2.5 19.6 .428 .462  .392 .731 .560 .524   G    JR
33          Mike Mitchell  19.5 30 1989-90  Colorado State 30 29 34.4  7.0 13.1  6.1 10.8 0.8  2.3 4.8         6.5  6.7 2.4 2.0 0.5 2.7 2.7 19.5 .532 .566  .368 .730 .603 .564   F    SR
34          Charles Smith  19.5 33 1995-96      New Mexico 33 33 32.8  7.1 15.3  5.0  9.6 2.1  5.7 3.2 4.0 1.3 3.3  4.6 3.1 2.0 0.9 2.3 1.7 19.5 .460 .516  .367 .811 .564 .529   G    JR
35         Kendric Brooks  19.4 33 1995-96    Fresno State 33 32 34.4  5.8 14.0  2.9  6.6 2.9  7.4 4.8         6.5  3.8 1.3 1.8 0.1 0.2 3.0 19.4 .416 .440  .395 .744 .568 .521   G    JR
36             Greg Brown  19.3 31 1993-94      New Mexico 31 31 38.4  6.3 13.4  3.7  7.2 2.6  6.2 4.2 5.1 0.5 2.0  2.5 4.4 0.6 0.0 2.7 1.7 19.3 .469 .513  .417 .816 .610 .565   G    SR
37        Kenneth Roberts  19.3 28 1995-96   Brigham Young 28 28 35.1  6.1 11.3  5.6 10.3 0.4  1.0 6.7 8.2 2.5 4.6  7.1 2.4 1.0 0.9 2.3 2.9 19.3 .538 .547  .444 .813 .634 .557   C    SR
38          Reggie Slater  19.2 32 1990-91         Wyoming    32 35.7  7.0 11.6  7.0 11.6 0.0  0.0 5.2         6.8 10.3 1.2 0.9         1.2 19.2 .605       .605 .760 .648 .605   F    JR
39            Luc Longley  19.1 30 1990-91      New Mexico 30 30 35.6  7.6 11.6  7.6 11.6 0.0  0.1 3.9 5.4 2.2 7.0  9.2 3.6 0.9 3.2 3.8 2.8 19.1 .656 .660  .000 .716 .674 .656   C    SR
40          Jeron Roberts  19.0 28 1997-98         Wyoming 28 28 35.8  5.4 13.1  4.2  9.4 1.1  3.6 7.1         8.9  5.9 1.7 0.8 0.2 3.2 2.0 19.0 .410 .447  .314 .800 .549 .454   F    SR
41            David Evans  18.9 30 1995-96  Colorado State 30 29 33.6  6.6 13.4  3.7  6.0 2.9  7.4 2.8         3.8  2.5 2.8 2.4 0.4 2.5 3.2 18.9 .491 .611  .395 .743 .622 .600   G    SR
42          Bryon Ruffner  18.8 28 1995-96   Brigham Young 28 28 34.2  7.0 14.9  6.1 12.0 0.9  2.9 3.9 5.1 1.7 4.3  6.0 2.0 1.1 0.4 2.7 2.9 18.8 .469 .504  .321 .757 .542 .500   F    JR
43          Jarmica Reese  18.8 26 1997-98       Air Force 26 26 35.0  6.4 14.5  3.7  7.9 2.7  6.5 3.3         4.6  4.1 2.4 1.5 0.4 2.4 2.6 18.8 .441 .461  .418 .708 .564 .536   G    SR
44            Kirk Snyder  18.8 34 2003-04          Nevada 34 33 31.7  6.1 14.3  4.6  9.7 1.6  4.6 4.9 6.7 1.9 3.8  5.7 3.4 1.0 0.6 3.5 2.1 18.8 .431 .470  .348 .731 .538 .487   G    JR
45        Malcolm Johnson  18.7 35 1996-97             TCU 35 33 32.9  7.1 16.3  4.5  8.8 2.6  7.5 1.9         2.9  5.2 1.9 1.9 0.5 2.1 2.4 18.7 .438 .516  .345 .660 .531 .517   G    JR
46        Jeryl Sasser Jr  18.7 30 1998-99             SMU 30 28 34.7  6.3 15.2  5.2 11.4 1.1  3.8 5.1 7.1 3.6 4.8  8.5 3.5 2.0 0.7 2.6 2.3 18.7 .413 .453  .292 .722 .506 .449   G    SO
47         Anthony Carter  18.7 29 1996-97          Hawaii 29 29 34.7  7.3 14.7  6.2 11.6 1.1  3.1 3.1         4.8  3.7 6.6 2.7 0.6 4.7 3.0 18.7 .495 .533  .356 .645 .552 .533   G    JR
48           Shawn Marion  18.7 29 1998-99            UNLV 29 28 32.9  7.6 14.4  6.9 12.1 0.7  2.3 2.8         3.8  9.3 1.2 2.5 1.9 1.4 2.1 18.7 .529 .573  .299 .730 .577 .553   F    JR
49        Malcolm Johnson  18.7 33 1997-98             TCU 33 33 33.1  6.8 14.8  4.1  7.6 2.6  7.1 2.5         3.2  4.9 2.1 2.1 0.2 2.1 2.1 18.7 .458 .540  .370 .783 .573 .547   G    SR
50            Abe Jackson  18.6 30 2001-02     Boise State 30 27 33.6  6.2 16.0  3.1  6.7 3.1  9.4 3.2 3.9 0.8 3.9  4.8 1.1 0.7 0.2 1.8 1.9 18.6 .385 .465  .327 .819 .519 .480   F    SR
51             Marty Haws  18.5 30 1989-90   Brigham Young 30 30 36.7  6.6 13.3  6.0 11.6 0.6  1.7 4.7 6.0 0.5 1.8  2.3 4.1 2.2 0.1 2.0 2.0 18.5 .497 .516  .373 .788 .576 .521   G    SR
52              Phil Lott  18.5 28 1991-92          Hawaii 28 28 35.4  7.0 14.9  5.4 10.4 1.6  4.5 2.8         4.6  5.0 2.9 1.2 0.3 1.8 2.8 18.5 .474 .521  .365 .609 .543 .529   G    SR
53            Luc Longley  18.4 34 1989-90      New Mexico 34 34 35.1  6.9 12.3  6.9 12.3 0.0  0.0 4.7 5.8 1.8 7.9  9.7 3.2 0.9 3.4 3.3 2.6 18.4 .559       .559 .821 .615 .559   C    JR
54           Milt Palacio  18.4 30 1998-99  Colorado State 30 30 35.8  6.3 13.9  4.9 10.0 1.4  4.0 4.5         6.0  5.1 4.3 2.0 0.1 3.9 2.4 18.4 .450 .492  .345 .754 .549 .499   G    SR
55            Alika Smith  18.3 29 1997-98          Hawaii    29 36.7  6.2 14.2  3.9  8.0 2.3  6.2 3.6         4.3  2.9 4.1 1.6         0.1 18.3 .440 .491  .374 .817 .565 .522   G    SR
56           Andy Toolson  18.3 30 1989-90   Brigham Young 30 30 36.5  6.1 12.0  3.7  7.0 2.5  5.0 3.6 4.7 1.5 5.1  6.6 2.7 1.0 0.4 1.6 2.6 18.3 .510 .524  .490 .766 .643 .612   G    SR
57         Keith Van Horn  18.3 25 1993-94            Utah 25 24 29.6  6.4 12.5  5.0  9.3 1.4  3.2 4.0         5.2  8.3 0.8 0.8 1.6 2.2 2.4 18.3 .516 .541  .443 .775 .612 .572   F    FR
58          Carlus Groves  18.3 22 1993-94 San Diego State 22 20 31.1  6.7 13.7  5.7 10.3 1.0  3.4 4.0         6.4  6.5 1.2 1.5 1.0 3.3 4.0 18.3 .488 .555  .284 .621 .547 .523   F    SR
59       Marquise Gainous  18.3 31 1998-99             TCU 31 30 33.0  7.2 12.3  6.9 11.4 0.3  1.0 3.6         4.8  8.7 1.5 1.0 1.1 1.8 2.9 18.3 .581 .605  .300 .753 .624 .593   F    JR
60         Dominick Young  18.2 29 1995-96    Fresno State 29 26 35.7  6.0 14.7  1.9  3.8 4.1 10.9 2.1         2.9  3.3 6.6 2.6 0.0 3.1 2.7 18.2 .407 .486  .380 .718 .566 .548   G    JR
61           Tyron Wright  18.2 26 1998-99       Air Force 26 15 32.3  5.8 14.0  4.4  9.1 1.4  4.9 5.3         7.5  6.0 2.4 1.7 0.2     2.5 18.2 .411 .481  .281 .711 .518 .460   G    JR
62         Anthony Carter  18.2 29 1997-98          Hawaii    29 35.9  6.6 14.6  5.4 10.8 1.2  3.8 3.8         4.9  5.2 7.3 2.2         0.3 18.2 .453 .503  .309 .782 .538 .493   G    SR
63        Michael Kuebler  18.1 33 2003-04          Hawaii 33 33 35.7  6.4 14.1  3.4  6.8 2.9  7.3 2.5 3.4 0.9 2.3  3.2 2.3 0.8 0.2 2.0 1.3 18.1 .452 .507  .401 .730 .578 .556   G    SR
64        Antonio Meeking  17.9 27 2002-03  Louisiana Tech 27 27 33.5  6.5 13.1  6.5 13.1 0.0  0.0 4.9 7.1 2.6 4.7  7.3 1.1 0.7 0.9 2.5 2.8 17.9 .496 .497  .000 .688 .542 .496   F    SR
65         Russell Larson  17.9 32 1994-95   Brigham Young 32 31 30.3  6.3 12.0  5.8 11.1 0.4  0.9 4.9 6.0 2.2 4.8  6.9 1.3 1.1 1.4 2.3 3.4 17.9 .523 .525  .500 .822 .604 .542   F    SR
66            Alika Smith  17.9 29 1996-97          Hawaii 29 29 36.3  5.9 12.1  3.9  7.1 2.1  5.0 4.0         4.9  2.0 3.4 1.4     0.1 2.1 17.9 .490 .546  .411 .810 .620 .575   G    JR
67          Reggie Slater  17.9 29 1991-92         Wyoming    29 36.2  6.3 11.0  6.3 11.0 0.0  0.0 5.2         7.2 11.3 2.0 0.5         0.8 17.9 .575       .575 .714 .617 .575   F    SR
68           Kenny Thomas  17.8 26 1998-99      New Mexico 26 26 34.7  6.2 11.4  5.2  8.6 1.0  2.8 4.3 5.9 2.5 7.5 10.0 2.0 1.6 2.4 2.6 2.5 17.8 .545 .603  .370 .734 .627 .591   F    SR
69             Mike Jones  17.7 35 1996-97             TCU 35 34 35.8  6.6 14.4  5.3 10.9 1.3  3.5 3.2         4.0  6.4 4.5 1.9 0.1 2.7 1.6 17.7 .460 .487  .377 .787 .544 .506   G    JR
70          Bryan Hopkins  17.7 29 2003-04             SMU 29 29 34.1  5.9 13.3  3.0  6.1 2.9  7.2 3.1 3.9 0.5 3.2  3.7 3.8 1.8 0.1 3.7 2.9 17.7 .440 .483  .404 .796 .585 .549   G    SO
71      Ladrell Whitehead  17.7 29 1995-96         Wyoming    29 34.6  5.0 13.7  2.7  7.1 2.3  6.7 5.3         6.5  3.6 4.0 2.4         0.1 17.7 .364 .376  .352 .824 .526 .450   G    SO
72           Chris Gaines  17.6 35 1989-90          Hawaii         35  5.8 12.1  5.0  9.6 0.8  2.4 5.3         6.1  3.0 3.6 1.4         0.2 17.6 .479 .516  .329 .856 .588 .512   G    SR
73        Predrag Savovic  17.6 31 2000-01          Hawaii 31 31 32.5  6.1 13.5  4.1  8.0 2.0  5.5 3.4 4.6 1.5 3.3  4.7 3.5 1.3 0.1 3.1 3.4 17.6 .452 .518  .357 .741 .561 .525   G    JR
74           Jason Richey  17.6 27 1996-97 San Diego State 27 26 34.7  5.3 13.5  3.0  6.9 2.4  6.6 4.5         5.9  4.0 3.9 1.8 0.3 2.9 2.7 17.6 .396 .432  .358 .767 .539 .484   G    JR
75            Mike Harris  17.5 33 2003-04            Rice 33 33 30.8  6.6 10.9  6.1  9.9 0.5  1.0 3.9 5.5 3.1 5.8  8.9 1.2 1.4 0.7 1.8 2.4 17.5 .603 .615  .485 .699 .647 .625   F    JR
76           Chris Herren  17.5 32 1996-97    Fresno State 32 21 30.3  6.1 12.8  3.9  6.9 2.1  5.9 3.3         5.0  2.3 4.6 1.8 0.1 2.9 3.2 17.5 .475 .573  .362 .654 .579 .559   G    SO
77             Josh Grant  17.5 34 1990-91            Utah 34 34 29.9  5.9 12.4  4.5  8.6 1.4  3.8 4.3         5.2  8.0 2.7 1.8 1.2 2.3 2.5 17.5 .475 .526  .362 .825 .587 .531   F    JR
78           Tes Whitlock  17.5 14 1995-96          Hawaii 14 13 34.7  5.2 13.4  2.6  5.4 2.6  8.1 4.4         6.1  2.9 3.9 1.9 0.0 3.4 2.9 17.5 .388 .480  .327 .729 .536 .487   G    SR
79          Charles Smith  17.5 33 1996-97      New Mexico 33 33 29.5  6.2 13.5  4.1  7.9 2.0  5.5 3.2 4.2 1.6 3.8  5.5 2.8 1.5 0.8 2.8 1.9 17.5 .457 .519  .368 .748 .566 .533   G    SR
80           Ryan Carroll  17.5 31 2000-01             TCU 31 31 34.3  5.9 12.7  3.4  5.9 2.5  6.7 3.3 4.2 2.1 3.7  5.8 2.6 1.5 0.9 1.3 2.7 17.5 .463 .576  .364 .783 .595 .560   G    SR
81           Quinton Ross  17.4 29 2001-02             SMU 29 29 34.6  5.6 13.3  3.6  7.0 2.0  6.3 4.2 5.5 2.2 4.3  6.5 2.1 1.4 0.8 2.2 2.0 17.4 .420 .510  .319 .769 .547 .495   G    JR
82         Justice Sueing  17.4 24 1995-96          Hawaii 24 21 35.6  6.3 10.5  6.3 10.5 0.0  0.0 4.9         6.4  6.5 2.5 1.3 0.3 2.6 2.8 17.4 .595 .598  .000 .760 .641 .595   F    SR
83           Jason Richey  17.4 25 1997-98 San Diego State 25 25 35.6  5.3 14.4  2.4  6.3 2.9  8.1 3.8         4.5  3.9 3.1 1.8 0.2 3.1 2.5 17.4 .369 .386  .356 .857 .525 .469   G    SR
84        Chris Jefferies  17.3 21 2001-02    Fresno State 21 21 34.6  5.5 13.1  3.5  7.3 2.0  5.8 4.4 6.9 1.2 5.1  6.3 3.0 1.2 1.2 2.4 2.8 17.3 .418 .474  .347 .634 .529 .495   F    JR
85       Gerrod Henderson  17.3 32 2001-02  Louisiana Tech 32 32 35.4  5.3 13.9  3.5  9.1 1.8  4.8 5.1 6.2 0.8 4.3  5.1 3.5 1.7 0.1 3.1 2.6 17.3 .378 .385  .364 .822 .514 .440   G    SR
86             Josh Grant  17.3 31 1992-93            Utah 31 31 31.4  6.3 11.8  4.8  8.6 1.4  3.2 3.4         3.6 10.7 2.8 1.2 0.8 2.7 2.6 17.3 .530 .564  .440 .920 .639 .590   F    SR
87          Jeron Roberts  17.3 29 1995-96         Wyoming         29  5.4 12.0  4.0  7.9 1.3  4.1 5.2         7.0  2.8 2.1 1.3         0.2 17.3 .448 .509  .331 .739 .564 .504   F    SO
88        Jeryl Sasser Jr  17.3 30 1999-00             SMU 30 29 35.3  6.0 16.0  4.8 11.5 1.2  4.4 4.0 5.8 3.6 4.7  8.3 4.6 1.8 0.5 3.3 1.9 17.3 .378 .416  .278 .680 .461 .416   G    JR
89          Jarmica Reese  17.2 26 1996-97       Air Force 26 26 36.0  6.0 14.2  4.4  9.2 1.6  4.9 3.7         5.4  5.9 3.2 1.4 0.2 2.8 2.3 17.2 .421 .475  .320 .681 .514 .477   G    JR
90            David Evans  17.1 25 1994-95  Colorado State 25 23 33.8  5.2 11.5  2.7  5.0 2.5  6.5 4.3         5.4  3.3 3.7 1.8 0.1 3.0 3.2 17.1 .449 .540  .380 .787 .607 .557   G    JR
91              Marty Dow  17.0 29 1990-91 San Diego State         29  7.1 12.5  7.1 12.4 0.0  0.1 2.7         4.2  9.4 0.6 0.7         1.6 17.0 .572 .572  .500 .642 .588 .573   C    SR
92     Kimani Jones-Young  17.0 25 1996-97            UTEP 25 22 29.1  5.3 12.9  3.7  7.7 1.6  5.2 4.8         6.0  2.8 2.4 1.6 0.2 3.0 3.0 17.0 .409 .477  .308 .807 .539 .471   G    SR
93           Marlow White  17.0 31 1993-94      New Mexico 31 31 34.6  5.6 11.7  2.6  4.0 3.0  7.6 2.7 3.6 2.2 3.7  6.0 2.0 1.7 0.9 2.5 2.5 17.0 .481 .640  .397 .759 .635 .610   G    JR
94        Jeryl Sasser Jr  17.0 29 2000-01             SMU 29 28 34.9  5.9 14.9  4.7 10.7 1.2  4.2 4.0 5.6 3.5 4.9  8.3 4.2 1.4 0.6 2.1 2.1 17.0 .394 .437  .287 .718 .484 .435   G    SR
95           David Murray  16.9 28 1993-94         Wyoming 28 28 35.5  5.9 13.9  5.1 11.2 0.8  2.7 4.3         5.5  3.4 4.1 1.9 0.1 3.7 2.1 16.9 .426 .459  .289 .784 .512 .454   G    SR
96           Jason Parker  16.9 29 2003-04           Tulsa 29 29 35.5  5.8 15.0  4.1 10.3 1.8  4.7 3.5 4.5 0.6 2.9  3.5 2.9 1.6 0.1 2.7 2.1 16.9 .389 .396  .375 .771 .494 .448   G    SR
97              Shaun Igo  16.9 26 1996-97            Rice 26 22 29.6  6.9 13.7  6.9 13.7 0.0  0.0 3.0         4.2  7.8 1.4 0.6 0.7 2.4 2.5 16.9 .506 .507  .000 .731 .539 .506   C    SR
98           Kenny Thomas  16.8 32 1997-98      New Mexico 32 32 32.7  6.1 12.0  5.3  9.8 0.8  2.3 3.8 5.0 3.2 6.1  9.3 3.0 0.9 2.5 3.0 3.2 16.8 .506 .537  .375 .767 .585 .542   F    JR
99            Lamont Long  16.8 31 1998-99      New Mexico 31 31 37.9  5.9 13.4  4.4  9.5 1.5  3.9 3.6 4.5 2.3 4.2  6.5 3.0 1.6 0.0 2.1 1.2 16.8 .438 .461  .380 .812 .542 .493   G    JR
100         Shawn Jamison  16.8 31 1989-90 San Diego State         31  6.5 11.6  6.5 11.6 0.0  0.1 3.7         7.5  6.9 0.8 0.8         0.5 16.8 .562 .565  .000 .491 .552 .562 F-C    JR
101          Ron Selleaze  16.8 21 1997-98   Brigham Young 21 20 34.2  4.9 12.7  4.3  9.8 0.6  3.0 6.3 9.0 3.1 3.8  7.0 2.4 1.1 0.2 4.4 3.4 16.8 .386 .439  .210 .707 .494 .410   F    JR
102        Damon Crawford  16.8 28 1993-94  Colorado State 28 28 31.0  6.0 12.1  4.9  9.1 1.1  3.0 3.6         5.2  6.8 1.3 2.4         0.4 16.8 .500 .541  .373 .690 .576 .546   F    SR
103           Ralph Davis  16.7 30 1993-94            UTEP 30 30 32.0  6.5 14.8  5.4 11.7 1.0  3.1 2.8         3.9  6.5 1.8 1.4 1.0 2.7 2.8 16.7 .436 .463  .333 .703 .501 .471   F    SR
104         Reggie Slater  16.7 29 1989-90         Wyoming    29 33.7  5.9 10.1  5.9 10.1 0.0  0.0 5.0         6.8 11.3 1.0 0.9         0.8 16.7 .578       .578 .732 .625 .578   F    SO
105         Damon Hancock  16.7 28 2000-01             SMU 28 26 32.9  5.4 12.3  4.3  9.0 1.1  3.2 4.8 6.3 1.0 2.5  3.5 3.3 0.9 0.1 2.7 2.5 16.7 .443 .478  .344 .751 .548 .488   G    JR
106       Clayton Shields  16.7 32 1997-98      New Mexico 32 32 34.7  5.8 12.7  3.0  5.8 2.8  6.9 2.3 3.2 2.0 4.8  6.8 1.7 1.2 0.5 1.5 2.5 16.7 .457 .516  .407 .733 .589 .568   F    SR
107        Greedy Daniels  16.7 25 2000-01             TCU 25 20 28.8  5.2 12.8  2.6  5.7 2.6  7.1 3.6 4.8 0.9 2.1  3.0 5.8 4.3 0.2 3.6 3.3 16.7 .408 .451  .373 .752 .554 .511   G    JR
108           Jay Poerner  16.6 28 1996-97             SMU 28 27 30.9  6.1 12.1  5.5 10.5 0.7  1.6 3.7 4.7 2.4 4.2  6.6 1.3 0.5 0.3 2.3 2.5 16.6 .507 .520  .422 .780 .580 .535   C    JR
109    Kimani Jones-Young  16.6 28 1995-96            UTEP 28 24 31.5  5.4 11.8  4.1  8.3 1.3  3.4 4.6         5.8  4.2 3.0 1.4 0.3 2.0 3.7 16.6 .459 .498  .365 .785 .572 .512   G    JR
110            Josh Grant  16.5 30 1989-90            Utah    30 29.4  6.2 12.1  5.0  9.1 1.2  3.0 3.0         3.8  7.0 2.8 1.7 0.7 2.0 2.7 16.5 .511 .548  .400 .783 .595 .561   F    SO
111          Willie Davis  16.5 30 1999-00             SMU 30 30 34.1  6.0 13.3  5.6 11.3 0.4  2.1 4.2 6.7 4.1 5.2  9.3 1.6 2.2 0.8 1.9 2.1 16.5 .450 .500  .177 .625 .501 .464   G    JR
112          Tyrone Nesby  16.5 32 1996-97            UNLV 32 31 33.2  5.9 15.1  4.7 10.5 1.3  4.6 3.4         4.7  7.1 1.9 1.5 0.8 2.1 2.7 16.5 .394 .445  .279 .720 .478 .437   F    JR
113            Chris Loll  16.3 23 1994-95       Air Force 23 22 33.2  5.2 12.7  3.8  9.3 1.4  3.4 4.5         5.7  5.9 2.9 1.3 0.4 2.2 3.3 16.3 .410 .409  .410 .788 .529 .464   F    SR
114          Tes Whitlock  16.3 27 1994-95          Hawaii 27 20 30.0  5.2 13.0  2.5  5.3 2.7  7.7 3.3         4.3  2.6 2.3 1.4 0.1 1.7 1.5 16.3 .399 .472  .348 .774 .544 .501   G    JR
115     Terrance Roberson  16.3 33 1999-00    Fresno State 33 33 34.3  5.5 12.9  2.8  5.6 2.7  7.3 2.7 3.2 0.2 4.7  4.9 4.1 1.2 0.4 3.1 2.3 16.3 .425 .503  .365 .846 .566 .528   F    SR
116        Terrance Green  16.3 30 2001-02          Nevada 30 27 33.9  4.8 12.4  2.7  6.4 2.0  6.0 4.7 6.1 1.5 2.5  4.0 2.5 0.8 0.1 2.6 2.1 16.3 .384 .425  .341 .772 .532 .466   G    JR
117           Jay Poerner  16.3 28 1997-98             SMU 28 28 31.9  5.7 12.5  4.6  9.3 1.1  3.1 3.8 5.0 2.6 3.8  6.3 1.5 0.5 0.4 1.8 2.5 16.3 .458 .494  .352 .750 .549 .503   C    SR
118            Tim Breaux  16.3 29 1991-92         Wyoming    29 35.1  5.7 10.8  4.7  8.6 1.0  2.2 3.9         5.9  4.5 1.8 1.0         0.2 16.3 .527 .548  .446 .661 .599 .573   F    SR
119           Kirk Snyder  16.3 32 2002-03          Nevada 32 30 31.7  5.8 13.1  4.8  9.3 1.0  3.8 3.5 5.5 2.9 5.2  8.1 2.5 0.9 0.8 2.9 2.7 16.3 .445 .519  .268 .638 .516 .485   G    SO
120          Jeff Shelley  16.1 28 1993-94  Colorado State 28 14 31.9  5.9 13.3  3.0  6.1 2.8  7.2 1.6         2.2  7.9 1.4 0.6     0.1 2.2 16.1 .440 .497  .391 .738 .562 .546   F    SR
121        Michael Doleac  16.1 32 1997-98            Utah 32 32 27.4  5.2 10.6  4.8  9.6 0.4  1.0 5.4 6.7 2.2 5.0  7.1 0.5 0.4 1.0 1.6 2.3 16.1 .488 .497  .406 .805 .586 .507   C    SR
122        Brandon Jessie  16.1 34 1994-95            Utah 34 34 31.2  6.0 12.4  5.2  9.6 0.8  2.8 3.4         4.8  5.9 2.4 1.0 0.3 2.6 2.2 16.1 .481 .538  .284 .706 .549 .513   G    JR
123       Brandon Hawkins  16.0 23 2001-02  San Jose State 23 23 35.1  4.7 10.3  4.3  9.0 0.4  1.3 6.2 7.8 1.0 2.8  3.8 4.3 0.8     0.1 2.7 16.0 .456 .471  .345 .789 .571 .477   G    JR
124            Melvin Ely  16.0 33 2000-01    Fresno State 33 33 30.6  6.3 10.8  6.3 10.8 0.0  0.0 3.4 5.1 2.6 4.8  7.5 1.4 0.9 2.7 2.7 2.6 16.0 .583       .583 .671 .605 .583   C    JR
125         Charles Smith  15.9 29 1994-95      New Mexico 29 29 32.0  6.2 13.8  5.1  9.8 1.1  4.0 2.4 3.6 1.0 3.3  4.4 3.3 1.2 0.6 2.2 2.0 15.9 .450 .525  .267 .667 .512 .489   G    SO
126          Ike Williams  15.9 31 1992-93      New Mexico 31 31 30.5  6.0 12.5  3.7  7.5 2.3  5.0 1.5 2.4 1.2 3.2  4.4 2.4 0.9 0.2 2.8 2.5 15.9 .481 .496  .458 .635 .580 .572   G    SR
127           Mark Ingles  15.9 27 1995-96            UTEP 27 25 33.5  5.0 10.6  2.1  4.0 3.0  6.6 2.8         3.3  3.1 2.4 1.3 0.1 1.6 1.9 15.9 .474 .519  .447 .864 .651 .613   G    SR
128        Jason McKrieth  15.8 33 2003-04            Rice 33 33 31.2  5.4 10.8  4.6  8.2 0.8  2.5 4.2 4.9 1.6 3.2  4.9 2.9 1.8 0.2 2.1 2.5 15.8 .503 .555  .333 .840 .603 .542   F    JR
129          Tyrone Nesby  15.8 33 1997-98            UNLV 33 24 32.7  5.7 14.7  4.1 10.0 1.6  4.7 2.9         4.1  5.6 1.2 1.3 0.4 1.6 1.5 15.8 .385 .409  .333 .709 .474 .438   F    SR
130       Michael Quinney  15.8 26 1997-98  San Jose State 26 22 34.7  5.4 14.3  3.0  7.6 2.4  6.7 2.5 3.4 0.7 2.5  3.2 2.8 1.2     0.0 2.4 15.8 .380 .396  .362 .739 .497 .465   G    JR
131          Eddie Rivera  15.8 34 1992-93            UTEP 34 34 35.3  5.6 13.3  4.4 10.1 1.2  3.2 3.3         4.2  2.8 5.2 1.1 0.1 2.2 1.4 15.8 .423 .433  .389 .783 .515 .469   G    SR
132          Andre Miller  15.8 33 1998-99            Utah 33 33 33.1  5.8 11.7  5.1  9.2 0.7  2.5 3.6         5.2  5.4 5.6 2.5 0.5 2.8 1.8 15.8 .491 .553  .265 .690 .555 .519   G    SR
133          Chris Herren  15.6 29 1997-98    Fresno State    29 32.9  5.6 12.0  3.7  6.8 1.9  5.1 2.6         4.6  2.3 4.8 1.9 0.0 2.4 2.6 15.6 .467 .545  .362 .564 .552 .545   G    JR
134     Garry Hill-Thomas  15.6 30 2001-02          Nevada 30 29 33.4  5.2 11.0  5.0 10.6 0.1  0.4 5.1 6.9 1.1 2.8  3.8 1.5 1.0 0.3 2.3 2.5 15.6 .468 .475  .308 .748 .546 .474   G    SO
135        Dominick Young  15.6 28 1994-95    Fresno State 28 27 34.3  5.6 12.2  3.6  6.8 2.0  5.4 2.3         3.1  3.7 7.0 2.9 0.0 4.3 2.4 15.6 .462 .532  .375 .716 .568 .545   G    SO
136          Paul Millsap  15.6 30 2003-04  Louisiana Tech 30 29 35.1  5.8  9.9  5.8  9.9 0.0  0.0 3.9 6.0 5.0 7.4 12.5 0.7 0.9 1.7 2.2 3.3 15.6 .587 .586 1.000 .641 .608 .589   F    FR
137    Bryan Christiansen  15.6 29 1996-97  Colorado State 29 28 30.3  5.3 12.0  2.4  4.6 2.9  7.4 2.0         2.5  6.1 1.9 1.0 0.4 1.8 1.7 15.6 .444 .519  .397 .806 .592 .566   F    JR
138       Chris Jefferies  15.5 33 2000-01    Fresno State 33 33 30.7  5.1 11.6  3.4  6.7 1.7  4.9 3.6 5.2 1.2 3.6  4.8 1.9 1.5 0.9 2.7 2.3 15.5 .442 .514  .346 .688 .553 .516   F    SO
139          Marlow White  15.5 30 1994-95      New Mexico 30 29 31.8  4.9 10.9  2.4  3.9 2.6  7.0 3.1 3.7 1.6 2.9  4.4 2.2 1.8 1.0 1.5 2.6 15.5 .451 .607  .365 .845 .613 .569   G    SR
140          Carl English  15.5 33 2001-02          Hawaii 33 33 32.8  5.4 11.3  3.7  7.0 1.7  4.3 3.0 4.7 1.0 4.1  5.1 3.3 1.2 0.0 3.1 2.4 15.5 .476 .524  .399 .643 .573 .552   G    SO
141       Clayton Shields  15.5 33 1996-97      New Mexico 33 33 31.6  5.2 11.0  2.3  4.2 2.9  6.8 2.2 2.8 1.8 3.8  5.6 1.9 0.9 0.5 1.8 2.6 15.5 .473 .551  .425 .766 .626 .604   F    JR
142           Troy Ostler  15.5 28 2000-01          Hawaii 28 25 29.5  5.5 11.2  5.5 11.1 0.0  0.1 4.4 6.3 1.7 4.2  5.9 2.2 0.4 1.8 2.5 2.3 15.5 .495 .500  .000 .705 .547 .495   F    SR
143           Omar Thomas  15.5 32 2003-04            UTEP 32  8 22.5  5.3 10.0  5.3  9.9 0.0  0.1 4.8 6.2 1.8 3.1  4.8 1.1 1.1 0.2 1.9 2.5 15.5 .530 .531  .333 .782 .597 .531   F    JR
144       Kenneth Roberts  15.4 32 1994-95   Brigham Young 32 31 32.4  5.3  9.6  5.3  9.5 0.1  0.1 4.7 5.6 2.8 3.8  6.6 1.5 0.9 0.4 1.9 3.0 15.4 .557 .556  .667 .838 .630 .560   C    JR
145          Jason Parker  15.4 33 2002-03           Tulsa 33 33 33.8  5.1 11.7  3.5  7.1 1.6  4.6 3.7 4.4 0.6 2.6  3.2 4.1 1.9 0.2 2.4 1.8 15.4 .432 .489  .342 .842 .558 .499   G    JR
146          Mo Alexander  15.4 29 1991-92         Wyoming    29 34.8  4.8 12.2  3.1  6.9 1.7  5.3 4.2         5.3  3.5 5.1 1.5         0.0 15.4 .391 .447  .318 .792 .524 .460   G    SR
147          Theo Ratliff  15.4 28 1993-94         Wyoming 28 28 31.9  5.7 10.0  5.7 10.0 0.0  0.0 4.0         6.1  7.8 1.0 0.9 4.1 2.5 3.5 15.4 .569 .571  .000 .649 .595 .569   F    JR
148        Sharif Fajardo  15.4 26 1997-98            UTEP 26 25 29.4  5.1 10.0  4.8  9.2 0.3  0.8 5.0         6.7  7.4 1.7 1.2 0.7 2.7 3.0 15.4 .510 .525  .333 .746 .586 .523   F    JR
149         Hanno Mottola  15.3 33 1998-99            Utah 33 33 31.0  5.6 11.7  4.6  8.8 1.0  2.9 3.0         3.6  5.4 1.4 0.4 0.4 1.8 2.9 15.3 .482 .524  .354 .833 .571 .526   F    JR
150         Jeff Campbell  15.3 25 1996-97   Brigham Young 25 24 30.9  6.0 12.4  6.0 12.3 0.0  0.0 3.3 4.6 1.9 3.3  5.2 0.4 0.6 0.5 1.7 2.6 15.3 .485 .487  .000 .716 .526 .485   C    SR
151           Mike Harris  15.3 28 2002-03            Rice 28  4 26.1  6.1  9.9  5.9  9.3 0.3  0.6 2.7 3.5 2.2 5.1  7.3 1.1 1.1 0.9 1.8 1.9 15.3 .623 .633  .471 .758 .661 .638   F    SO
152       Omar-Seli Mance  15.2 28 2002-03            Rice 28 28 32.0  5.1 11.5  2.2  4.5 2.9  7.0 2.1 2.5 0.6 2.3  2.8 3.1 1.5 0.1 2.1 2.3 15.2 .444 .484  .418 .817 .599 .571   G    SR
153          George Banks  15.2 29 1994-95            UTEP 29 29 30.8  4.9  8.6  4.9  8.5 0.0  0.1 5.5         7.4  8.6 0.7 2.0 2.2 1.9 2.9 15.2 .566 .571  .000 .740 .628 .566   F    SR
154            Otis Jones  15.2 27 1992-93       Air Force 27 25 33.7  4.9 12.1  3.3  6.9 1.6  5.3 3.8 4.8 0.9 2.0  2.9 2.2 1.4 0.1 2.2 1.2 15.2 .404 .481  .303 .798 .528 .469   G    SO
155      Demetrius Porter  15.2 33 2000-01    Fresno State 33 33 31.2  4.9 11.1  2.3  4.4 2.6  6.7 2.8 3.6 0.7 1.6  2.3 2.9 1.7 0.2 1.7 2.2 15.2 .441 .524  .387 .771 .592 .559   G    SR
156          Ryan Carroll  15.2 28 1999-00             TCU 28 28 31.8  5.6 11.5  2.9  4.6 2.7  6.8 1.3 2.0 2.0 3.0  5.1 2.3 1.1     0.3 2.6 15.2 .486 .615  .398 .661 .611 .604   G    JR
157            Gary Trost  15.2 34 1992-93   Brigham Young 34 34 30.4  5.1  9.1  5.1  8.9 0.1  0.2 4.9 6.4 2.3 4.6  6.9 3.0 0.6 0.4 2.0 2.3 15.2 .561 .568  .286 .761 .624 .565   C    SR
158          Marlon Maxey  15.2 25 1991-92            UTEP 25 20 28.4  5.4 10.4  5.4 10.4 0.0  0.0 4.4         6.0  7.4 0.4 0.5 0.9 1.4 2.6 15.2 .521       .521 .727 .574 .521   F    SR
159          Mo Alexander  15.2 32 1990-91         Wyoming         32  4.9 11.5  2.8  5.8 2.2  5.7 3.2         3.7  3.2 3.9 1.8         0.1 15.2 .427 .476  .377 .857 .571 .520   G    JR
160         Kevin Johnson  15.2 33 2002-03           Tulsa 33 33 31.4  6.1 11.7  5.5 10.1 0.6  1.6 2.5 3.2 2.0 5.1  7.0 1.0 0.6 2.3 1.6 2.6 15.2 .518 .544  .358 .757 .572 .543   F    SR
161         Dante Swanson  15.1 32 2002-03           Tulsa 32 31 34.0  5.1 11.2  2.3  4.8 2.8  6.5 2.2 2.5 1.0 3.6  4.5 3.0 1.3 0.7 2.1 1.4 15.1 .454 .487  .430 .873 .610 .578   G    SR
162         Terry Houston  15.1 35 1989-90          Hawaii         35  5.7 12.7  5.7 12.6 0.0  0.1 3.7         5.7  7.0 1.5 1.0         0.5 15.1 .450 .451  .333 .643 .491 .452   F    SR
163   Marquette Alexander  15.0 29 1999-00          Hawaii 29 29 31.1  6.5 12.3  6.5 12.2 0.0  0.1 2.1 2.7 2.5 5.4  7.9 2.0 0.8 0.8 3.2 3.0 15.0 .528 .533  .000 .769 .555 .528   F    SR
164          Rod Thompson  15.0 31 1997-98           Tulsa 31 31 34.9  4.8 12.8  2.5  6.0 2.3  6.7 3.2         4.0  4.4 3.8 1.3 0.3 3.5 2.1 15.0 .374 .412  .340 .805 .513 .463   G    SR
165       Jeryl Sasser Jr  15.0 28 1997-98             SMU 28 26 33.4  4.8 12.4  3.8  8.5 1.0  3.8 4.4 6.1 3.6 4.6  8.3 3.7 1.5 0.5 3.0 2.4 15.0 .390 .448  .262 .718 .492 .431   G    FR
166        Shantay Legans  15.0 29 2003-04    Fresno State 29 29 38.2  4.7 11.8  2.1  4.6 2.6  7.2 3.0 3.6 0.5 2.3  2.8 5.6 1.4 0.1 2.1 2.1 15.0 .397 .451  .362 .845 .555 .507   G    SR
167          Mark Bigelow  15.0 28 1998-99   Brigham Young 28 27 32.4  4.7 10.8  3.1  6.7 1.6  4.0 4.0 5.0 1.2 5.0  6.3 2.0 1.4 0.5 2.7 2.4 15.0 .439 .468  .389 .793 .570 .512   F    FR
168           Chris Lowry  14.9 29 1990-91       Air Force         29  4.3 10.8  3.0  6.0 1.3  4.8 4.9         6.2  5.7 1.9 0.9         0.2 14.9 .404 .500  .283 .793 .545 .466   F    SR
169     Ladrell Whitehead  14.9 28 1994-95         Wyoming 28 28 32.9  4.3 10.9  2.5  6.3 1.8  4.6 4.5         6.3  4.0 3.5 1.9 0.1 3.2 3.1 14.9 .395 .401  .388 .720 .537 .477   G    FR
170           Ralph Davis  14.9 34 1992-93            UTEP 34 27 29.4  6.0 12.4  5.7 11.3 0.3  1.1 2.5         3.9  6.6 0.9 0.7 1.3 1.6 2.8 14.9 .486 .508  .263 .639 .520 .498   F    JR
171            Keon Clark  14.8 29 1996-97            UNLV 29  4 28.1  5.8 10.4  5.6  9.8 0.2  0.7 3.0         4.8 10.0 1.1 0.8 3.9 2.6 3.2 14.8 .556 .572  .316 .629 .583 .566   C    JR
172         Jarmica Reese  14.8 28 1995-96       Air Force 28 27 33.4  5.1 11.5  4.2  8.6 0.9  2.9 3.7         4.9  5.3 2.3 1.4 0.3 2.0 2.5 14.8 .443 .485  .317 .757 .535 .483   G    SO
173   Jarvis Kelley Sanni  14.8 28 1997-98            Rice    28 32.8  6.1 12.4  6.1 12.4 0.0  0.0 2.5         4.5  9.4 1.3 0.9 0.8     2.8 14.8 .497       .497 .563 .511 .497   F    SR
174          Aaron Haynes  14.8 33 2003-04     Boise State 33 33 29.6  5.5 11.1  5.2  9.1 0.4  2.0 3.3 4.2 1.9 4.2  6.1 1.7 1.0 0.9 2.4 2.8 14.8 .500 .567  .197 .786 .565 .518   F    SR
175            Keon Clark  14.8 10 1997-98            UNLV 10 10 32.1  5.7 10.4  5.3  9.6 0.4  0.8 3.0         4.5  8.6 1.9 0.2 2.6 2.8 3.8 14.8 .548 .552  .500 .667 .590 .567   C    SR
176           Royce Olney  14.8 25 1997-98      New Mexico 25 25 32.0  4.8  8.9  1.6  2.6 3.2  6.2 2.1 2.8 0.6 1.9  2.5 4.0 1.6 0.0 1.8 1.8 14.8 .536 .591  .513 .754 .726 .716   G    SR
177         Shawn Bradley  14.8 34 1990-91   Brigham Young 34 34 28.9  5.5 10.6  5.5 10.6 0.0  0.0 3.8 5.4 2.3 5.4  7.7 1.2 0.7 5.2 2.3 3.2 14.8 .518 .517 1.000 .692 .560 .519   C    FR
178         Jeron Roberts  14.8 28 1996-97         Wyoming 28 20 34.1  4.5 11.9  2.6  6.2 1.9  5.7 3.9         5.3  4.5 2.1 1.0 0.2 2.2 2.2 14.8 .378 .422  .331 .732 .513 .458   F    JR
179          Aaron Haynes  14.7 29 2002-03     Boise State 29  7 26.3  5.0 11.3  3.9  7.4 1.1  3.9 3.5 4.6 2.0 3.7  5.7 1.1 0.7 0.9 1.6 2.9 14.7 .446 .526  .295 .761 .547 .497   F    JR
180           Chad Nelson  14.7 27 1996-97 San Diego State 27 27 34.6  4.1  9.9  2.8  6.1 1.3  3.8 5.3         6.1  3.6 3.5 2.1 0.1 2.5 2.3 14.7 .412 .463  .330 .855 .573 .476   G    SR
181          Kenny Thomas  14.7 33 1995-96      New Mexico 33 29 29.7  5.2  8.9  5.2  8.8 0.0  0.1 4.4 6.2 2.9 4.9  7.8 1.6 0.6 1.5 3.0 3.6 14.7 .578 .584  .000 .709 .620 .578   F    FR
182         Arthur Massey  14.6 28 1990-91 San Diego State         28  5.0 11.8  3.6  7.0 1.4  4.8 3.3         4.3  4.4 5.0 1.6         0.1 14.6 .420 .510  .289 .775 .528 .479   G    SR
183          Mike Freeman  14.6 26 1996-97       Air Force 26 25 31.9  5.9 10.7  5.8 10.5 0.1  0.2 2.7         3.9  5.9 2.1 0.6 0.3 2.0 3.5 14.6 .550 .549  .600 .686 .580 .556   C    JR
184     Terrance Roberson  14.6 34 1997-98    Fresno State    34 32.3  5.3 11.5  2.7  5.2 2.6  6.3 1.4         2.5  4.9 2.3 1.4         0.5 14.6 .460 .522  .408 .571 .574 .572   F    SO
185         Kevin Johnson  14.5 34 2001-02           Tulsa 34 32 26.8  5.6  9.9  5.3  9.0 0.3  0.9 2.9 3.5 1.5 3.9  5.5 0.9 0.5 2.1 1.3 2.5 14.5 .573 .593  .367 .825 .630 .590   F    JR
186            Matt Watts  14.5 25 1998-99 San Diego State 25 23 28.8  5.6 14.0  4.4  9.9 1.2  4.1 2.0         2.9  3.4 2.4 2.6 0.4     3.2 14.5 .403 .449  .291 .699 .472 .446   G    SR
187         Chuckie White  14.5 27 1990-91  Colorado State 27 27 33.9  6.0 11.6  6.0 11.3 0.1  0.3 2.4         4.1  6.0 1.4 0.9 0.3 1.7 2.2 14.5 .522 .530  .250 .571 .537 .526   F    SR
188             Phil Lott  14.5 29 1990-91          Hawaii    29 36.5  5.4 12.6  4.3  9.9 1.1  2.7 2.6         3.2  4.5 2.7 1.4         0.2 14.5 .430 .436  .410 .798 .514 .474   G    JR
189            Hl Coleman  14.5 28 1996-97         Wyoming 28 27 37.3  4.6  8.8  3.8  7.0 0.8  1.7 4.6         6.3 10.8 1.1 0.7 0.5 2.5 1.8 14.5 .522 .543  .438 .733 .618 .565   F    SR
190       Clayton Shields  14.5 33 1995-96      New Mexico 33 33 30.8  5.1 10.6  3.1  5.6 2.0  5.0 2.2 3.4 2.2 4.3  6.5 1.5 0.6 0.6 2.4 2.5 14.5 .480 .543  .409 .655 .591 .576   F    SO
191          Gregg Sawyer  14.4 28 1997-98         Wyoming 28 28 33.8  5.0 11.0  4.0  8.7 1.0  2.3 3.5         4.7  3.2 2.2 1.3 0.3 2.1 2.7 14.4 .455 .463  .422 .740 .546 .498   G    SR
192          Theo Ratliff  14.4 28 1994-95         Wyoming 28 28 32.6  5.3  9.7  5.3  9.5 0.0  0.2 3.8         6.0  7.5 1.1 0.6 5.1 2.5 3.4 14.4 .544 .551  .200 .633 .573 .546   F    SR
193        Michael Doleac  14.4 33 1996-97            Utah 33 33 26.5  5.0  9.4  4.8  8.8 0.2  0.5 4.1         5.3  7.7 0.8 0.7 0.9 1.8 2.6 14.4 .537 .543  .444 .776 .606 .550   C    JR
194          Marlon Maxey  14.4 17 1990-91            UTEP 17 12 26.5  4.8  9.3  4.8  9.3 0.0  0.0 4.8         6.7  7.1 0.6 0.8 0.9 1.7 2.8 14.4 .513       .513 .719 .575 .513   F    JR
195       Eugene Costello  14.3 32 2000-01            UTEP 32 32 34.2  4.2 10.3  2.7  5.5 1.5  4.7 4.4 6.2 0.5 3.4  3.9 4.6 1.6 0.2 3.0 2.8 14.3 .409 .480  .325 .714 .543 .483   G    JR
196        Nick Sanderson  14.3 34 1992-93   Brigham Young 34 34 31.6  4.6 11.0  2.4  4.9 2.1  6.1 3.0 3.6 0.9 3.0  3.9 1.5 0.9 0.2 1.6 1.9 14.3 .414 .497  .349 .851 .563 .512   G    SR
197         Myron Anthony  14.3 24 2000-01             TCU 24 21 26.9  5.3 10.5  5.0  9.2 0.3  1.3 3.4 4.6 2.8 4.6  7.4 0.7 0.6 0.3 1.5 2.8 14.3 .506 .538  .267 .730 .565 .522   F    SR
198        Sharif Fajardo  14.3 28 1998-99            UTEP 28 28 28.0  4.3  9.2  3.9  8.2 0.4  1.0 5.2         6.6  5.8 1.5 1.0 0.8 2.4 2.4 14.3 .471 .474  .444 .785 .579 .494   F    SR
199            Carl Davis  14.3 25 1995-96            UTEP 25 22 32.8  5.1 12.6  3.2  7.2 1.9  5.4 2.1         3.0  3.1 3.1 0.7 0.0 2.5 3.2 14.3 .408 .444  .358 .707 .511 .484   G    SR
200          Tony Maroney  14.2 29 1994-95          Hawaii 29 28 31.6  5.6 10.1  5.6 10.1 0.0  0.0 3.0         4.7  9.6 1.2 0.5 2.4 2.7 3.8 14.2 .556       .556 .640 .577 .556   C    SR
[/code]

Provided by [url=https://www.sports-reference.com/sharing.html?utm_source=direct&utm_medium=Share&utm_campaign=ShareTool]Stathead[/url]: [url=https://www.sports-reference.com/stathead/basketball/cbb/player-season-finder.cgi?utm_source=direct&utm_medium=Share&utm_campaign=ShareTool]Found with Stathead. See Full Results.[/url]
Generated 6/11/2026.