
[code]                                                                                                                                                                                         
                                                                                                                                                                                     Per 
Rk                Player PTS/G  G  Season             Team  G GS   MP   FG  FGA   2P  2PA  3P  3PA  FT FTA ORB DRB  TRB AST STL BLK TOV  PF  PTS  FG%  2P%   3P%  FT%  TS% eFG% Pos Class
1              Bo Kimble  35.3 32 1989-90 Loyola Marymount 32 32 32.9 12.6 23.8  9.8 17.6 2.9  6.3 7.2 8.4 3.1 4.6  7.7 1.9 2.9 0.7 2.4 3.0 35.3 .529 .554  .460 .862 .635 .590   G    SR
2           Hank Gathers  29.0 26 1989-90 Loyola Marymount 26 26 30.2 12.1 20.3 12.1 20.3 0.0  0.0 4.8 8.5 3.6 7.2 10.8 1.5 1.7 0.9 2.8 2.2 29.0 .595 .596  .000 .568 .595 .595   F    SR
3         Terrell Lowery  28.5 31 1990-91 Loyola Marymount 31 30 34.0  9.6 20.0  6.3 11.7 3.3  8.3 6.0         7.5  4.5 9.1 2.5 0.1 5.1 2.9 28.5 .480 .536  .401 .801 .605 .563   G    JR
4         Terrell Lowery  26.0 26 1991-92 Loyola Marymount 26 26 34.5  8.3 18.8  5.1 10.4 3.2  8.4 6.1         7.6  2.9 4.3 2.2 0.2 4.4 3.1 26.0 .442 .487  .385 .807 .579 .528   G    SR
5             Jim McPhee  23.6 28 1989-90          Gonzaga    28 37.9  8.6 16.1  7.6 13.8 1.0  2.3 5.3         6.4  4.5 3.0 0.8 0.1     3.0 23.6 .538 .550  .460 .832 .619 .570   F    SR
6             Jeff Fryer  22.7 28 1989-90 Loyola Marymount 28 28 30.1  8.2 18.1  3.9  7.1 4.3 11.0 2.0 2.4 1.6 1.8  3.4 1.8 1.8 0.0 1.3 2.3 22.7 .451 .540  .393 .838 .589 .570   G    SR
7      Brandon Armstrong  22.1 31 2000-01       Pepperdine 31 30 33.1  7.7 17.3  5.3 10.9 2.5  6.4 4.1 5.0 1.2 2.1  3.3 1.5 1.5 0.2 2.1 2.7 22.1 .447 .484  .384 .826 .560 .518   G    JR
8             Dan Dickau  21.0 32 2001-02          Gonzaga 32 32 34.7  6.1 13.8  2.4  5.8 3.7  8.0 5.2 6.0 0.5 2.5  3.0 4.7 0.8 0.1 2.9 1.9 21.0 .441 .419  .457 .864 .631 .574   G    SR
9             Jeff Brown  21.0 30 1993-94          Gonzaga         30  7.8 14.7  7.4 13.8 0.3  0.9 5.1         7.2  6.2 1.6 0.5         0.3 21.0 .528 .537  .385 .716 .580 .540   C    SR
10            Steve Nash  20.9 27 1994-95      Santa Clara 27 27 33.4  6.1 13.7  3.0  6.8 3.1  6.9 5.7         6.4  3.8 6.4 1.8 0.1 4.2 2.0 20.9 .444 .435  .454 .879 .625 .558   G    JR
11             Tim Owens  20.1 29 1990-91    San Francisco 29 29 32.4  7.5 16.0  7.3 15.2 0.2  0.8 4.8         5.9  7.0 1.0 1.2 0.3 2.3 2.5 20.1 .471 .482  .261 .814 .534 .477   F    JR
12        Bakari Hendrix  19.9 33 1997-98          Gonzaga    33 30.6  7.3 13.9  7.0 13.1 0.3  0.8 5.0         6.8  7.3 1.5 0.6         0.7 19.9 .525 .536  .346 .733 .580 .535   F    SR
13        Eric Schraeder  19.8 31 1998-99   St. Marys (CA) 31 31 32.3  6.5 14.9  3.7  8.3 2.8  6.7 3.9 4.8 1.5 4.5  6.1 0.8 0.7 0.1 2.2 2.3 19.8 .436 .445  .425 .819 .575 .531   F    SR
14          Wyking Jones  19.7 27 1993-94 Loyola Marymount 27 27 34.7  7.3 12.8  7.3 12.7 0.0  0.1 5.0         7.1  8.0 1.0 0.7 1.0 2.9 3.5 19.7 .574 .579  .000 .707 .609 .574   F    JR
15        Peter McKelvey  19.6 28 1991-92         Portland         28  5.9 16.3  2.1  5.7 3.8 10.6 4.1         5.2  3.4 3.1 1.8         0.1 19.6 .360 .365  .357 .793 .523 .476   G    JR
16          Jarrod Davis  19.6 28 1990-91          Gonzaga    28 32.5  6.9 15.2  4.3  8.6 2.6  6.6 3.2         3.8  4.4 2.2 1.1 0.3     2.8 19.6 .454 .504  .389 .857 .577 .539   G    JR
17         Doug Christie  19.5 31 1991-92       Pepperdine 31 31 34.1  6.8 14.6  5.5 10.7 1.3  3.9 4.6 6.2 1.5 4.4  5.9 4.8 2.0 0.7 3.8 2.5 19.5 .466 .514  .333 .746 .556 .510   G    SR
18        David Sivulich  19.4 26 1997-98   St. Marys (CA) 26 26 35.8  5.7 14.2  2.4  5.5 3.3  8.7 4.8 5.9 1.2 2.7  3.9 2.6 1.3 0.0 2.6 2.2 19.4 .398 .434  .376 .817 .571 .514   G    SR
19           John Jerome  19.3 28 1989-90        San Diego 28 28 32.8  7.7 14.8  7.2 13.1 0.5  1.8 3.3         4.9  8.0 1.6 1.3 0.3 2.6 2.8 19.3 .520 .549  .306 .684 .563 .539   F    SR
20        Casey Frandsen  19.2 30 2001-02         Portland 30 27 32.7  6.1 14.2  2.8  6.1 3.3  8.1 3.8 4.6 1.1 1.6  2.7 1.7 1.0 0.2 2.4 2.8 19.2 .431 .467  .403 .813 .588 .546   G    SO
21         Doug Christie  19.1 28 1990-91       Pepperdine 28 28 32.6  6.7 14.3  6.1 12.0 0.6  2.3 5.1         6.7  5.2 4.8 2.2 1.1 4.0 2.3 19.1 .469 .509  .262 .765 .547 .490   G    JR
22           Rhea Taylor  19.0 26 1990-91      Santa Clara 26 26 29.9  6.9 14.2  4.6  9.0 2.3  5.2 3.0 4.2 2.3 4.2  6.5 1.5 1.0 0.9 2.2 2.6 19.0 .486 .515  .437 .716 .590 .567   F    JR
23         Casey Calvary  19.0 32 2000-01          Gonzaga 32 32 30.6  7.1 12.9  6.2 10.7 0.9  2.2 4.0 6.6 1.8 4.9  6.7 1.7 0.5 1.5 2.3 2.2 19.0 .549 .574  .420 .605 .594 .584   F    SR
24            Dan Dickau  18.9 24 2000-01          Gonzaga 24 24 33.7  5.5 11.4  2.6  5.3 3.0  6.2 4.8 5.6 0.5 2.8  3.3 6.3 0.8 0.1 3.7 2.2 18.9 .485 .492  .480 .866 .671 .615   G    JR
25        Darrell Tucker  18.9 28 2001-02    San Francisco 28 28 33.5  6.8 14.6  5.8 12.0 1.0  2.6 4.2 5.4 3.1 7.0 10.1 0.9 0.5 0.8 3.4 2.8 18.9 .466 .484  .384 .776 .547 .500   F    JR
26      Yakhouba Diawara  18.9 14 2003-04       Pepperdine 14 14 34.0  6.3 12.4  5.4 10.4 0.9  1.9 5.4 7.1 3.4 3.1  6.6 0.8 0.9 0.1 1.1 3.1 18.9 .509 .514  .481 .758 .600 .546   F    JR
27            Geoff Lear  18.5 31 1990-91       Pepperdine 31 31 35.5  6.7 12.0  6.7 11.9 0.0  0.0 5.0         8.9  9.8 1.6 0.9         1.9 18.5 .563 .565  .000 .564 .571 .563   F    JR
28        Darrell Tucker  18.5 23 2002-03    San Francisco 23 18 32.5  6.5 13.3  4.6  9.0 1.9  4.3 3.7 4.7 2.5 5.6  8.1 0.8 0.6 0.6 2.3 2.7 18.5 .489 .515  .434 .778 .596 .559   F    SR
29            Dana Jones  18.4 30 1993-94       Pepperdine 30 30 35.6  7.8 13.9  7.8 13.7 0.0  0.1 2.8         4.3  9.7 2.1 2.5 1.3 1.6 2.4 18.4 .563 .568  .000 .638 .577 .563   F    SR
30        Joel DeBortoli  18.3 28 1989-90    San Francisco 28 27 35.8  6.9 14.3  5.0 10.0 1.9  4.3 2.6         3.0  7.1 3.2 1.3 0.4 2.5 2.9 18.3 .483 .495  .454 .869 .583 .550   F    SR
31      Gerald Zimmerman  18.3 27 1998-99    San Francisco    27 31.6  6.5 16.5  4.0  9.1 2.5  7.4 2.7         4.0  5.3 1.1 1.2         0.5 18.3 .395 .441  .338 .692 .497 .471   G    SR
32        Canaan Chatman  18.3 29 1994-95         Portland 29 28 29.4  6.9 15.1  6.9 15.0 0.0  0.1 4.4         7.1  6.8 2.0 1.7 0.3 2.8 2.5 18.3 .457 .459  .250 .623 .494 .458   F    SR
33            Andre Laws  18.2 29 2001-02        San Diego 29 29 33.3  6.8 15.4  5.4 11.0 1.4  4.3 3.2 4.9 1.1 2.1  3.3 2.2 1.7 0.1 2.7 1.7 18.2 .444 .494  .317 .655 .515 .489   G    SR
34            Jason Keep  18.0 30 2002-03        San Diego 30 28 26.4  6.5 10.8  6.5 10.7 0.0  0.1 5.0 8.8 3.0 6.2  9.1 1.1 0.6 1.2 3.5 3.7 18.0 .604 .604  .500 .562 .602 .605   C    SR
35           Blake Stepp  18.0 33 2002-03          Gonzaga 33 33 35.5  5.3 12.3  2.3  4.9 3.0  7.4 4.4 5.3 0.6 3.1  3.7 6.0 1.6 0.1 3.3 2.0 18.0 .431 .472  .403 .833 .607 .552   G    JR
36            Jeff Brown  17.9 30 1991-92          Gonzaga    30 34.3  7.0 11.4  7.0 11.3 0.0  0.1 3.9         5.4  6.2 1.2 0.5 0.3     2.5 17.9 .617 .621  .000 .716 .642 .617   C    SO
37         Gerald Walker  17.9 28 1993-94    San Francisco 28 28 31.0  6.4 14.2  4.4  9.5 2.0  4.8 3.0         4.8  4.8 3.0 3.9 0.1 3.5 2.4 17.9 .452 .468  .421 .630 .542 .523   G    SO
38         Dexter Howard  17.9 27 1989-90       Pepperdine    27 25.6  6.5 11.4  6.4 11.3 0.0  0.1 4.9         6.8  6.0 0.8 1.1         1.1 17.9 .568 .572  .250 .717 .611 .570   F    SR
39         Gerald Walker  17.9 28 1994-95    San Francisco 28 27 34.8  6.2 16.3  4.8 11.2 1.4  5.1 4.0         5.4  5.0 4.5 2.9 0.1 4.4 2.0 17.9 .382 .431  .273 .748 .474 .424   G    JR
40          Glen McGowan  17.8 29 2003-04       Pepperdine 29 28 30.0  6.2 12.6  5.4 10.0 0.8  2.7 4.6 6.6 1.8 3.7  5.4 0.9 0.9 0.2 2.2 2.9 17.8 .492 .543  .299 .698 .565 .523   F    JR
41          Gerald Brown  17.8 26 1995-96       Pepperdine    26 35.0  6.5 13.7  5.5 11.1 1.0  2.7 3.8         4.8  5.9 2.6 0.9 0.3     2.7 17.8 .473 .493  .391 .790 .557 .511   G    JR
42        Marlon Garnett  17.4 27 1996-97      Santa Clara    27 33.9  5.6 12.6  3.0  5.7 2.6  6.9 3.6         4.6  3.7 2.0 0.9         0.2 17.4 .444 .529  .373 .784 .587 .546   G    SR
43           Doug Harris  17.2 27 1994-95        San Diego 27 27 34.4  6.1 13.2  3.8  6.3 2.3  6.9 2.7         4.2  3.6 3.0 1.7 0.1 2.6 2.1 17.2 .462 .600  .337 .637 .566 .550   G    SR
44           Jason Blair  17.1 30 2002-03        San Diego 30 27 30.1  5.4 10.4  4.0  6.9 1.4  3.5 5.0 5.9 2.5 4.8  7.4 1.6 0.8 0.2 2.2 2.3 17.1 .516 .575  .400 .847 .648 .583   C    SR
45           Hakeem Ward  17.0 30 1997-98    San Francisco    30 31.1  7.3 13.1  7.3 13.1 0.0  0.0 2.4         3.6  6.2 1.1 1.1         0.6 17.0 .559       .559 .670 .576 .559   F    SR
46            Steve Nash  17.0 29 1995-96      Santa Clara    29 33.8  5.7 13.1  3.5  6.8 2.2  6.3 3.5         3.9  3.6 6.0 1.3 0.0 3.6 1.5 17.0 .430 .510  .344 .894 .566 .513   G    SR
47          Richie Frahm  16.9 35 1999-00          Gonzaga 35 35 33.3  5.5 11.8  3.0  5.4 2.6  6.4 3.3 4.2 1.0 3.4  4.4 2.5 0.9 0.2 1.8 1.3 16.9 .469 .547  .402 .788 .613 .577   G    SR
48         Brice Vounang  16.9 28 2003-04        San Diego 28 27 30.9  6.9 12.6  6.9 12.5 0.0  0.1 3.1 4.2 2.2 4.6  6.8 0.7 1.0 0.3 2.6 2.6 16.9 .550 .553  .000 .729 .579 .550   F    JR
49          Gerald Brown  16.9 27 1997-98       Pepperdine    27 35.2  6.4 13.7  4.8  9.7 1.6  4.1 2.6         3.2  5.4 2.9 1.1 0.3     2.7 16.9 .464 .498  .382 .816 .554 .520   G    SR
50          Jarrod Davis  16.9 30 1991-92          Gonzaga    30 31.0  6.1 14.0  4.1  9.0 2.0  4.9 2.6         3.1  3.9 2.6 0.7 0.1     2.7 16.9 .439 .454  .412 .828 .546 .512   G    SR
51           Brian Miles  16.8 28 1997-98        San Diego    28 28.9  5.7  9.8  4.6  7.6 1.1  2.1 4.3         5.3  6.0 1.5 0.6         0.1 16.8 .582 .601  .517 .811 .683 .639   F    SR
52            Geoff Lear  16.7 31 1991-92       Pepperdine 31 31 34.9  5.6  9.9  5.6  9.9 0.0  0.0 5.5 7.9 2.7 4.4  7.1 1.4 1.1 1.2 2.0 1.4 16.7 .565       .565 .698 .611 .565   F    SR
53            Jeff Brown  16.7 28 1992-93          Gonzaga 28 28 32.8  6.2 11.8  6.2 11.8 0.0  0.0 4.3         6.3  5.8 1.2 0.5 0.5 2.0 3.0 16.7 .529       .529 .686 .568 .529   C    JR
54           Josh Lowery  16.7 27 1989-90         Portland 27 27 31.0  6.2 16.2  3.8  8.9 2.4  7.3 1.8         2.8  4.3 3.5 1.3 0.2 3.3 3.6 16.7 .384 .423  .337 .645 .477 .460   G    SR
55            Matt Houle  16.6 28 1993-94         Portland 28 27 29.1  5.8 12.4  4.0  7.9 1.8  4.5 3.2         3.8  3.7 0.8 0.9 0.0 1.5 2.4 16.6 .471 .511  .400 .832 .586 .543   F    SR
56            Pooh Jeter  16.6 28 2003-04         Portland 28 26 33.5  5.4 13.2  3.0  7.7 2.4  5.5 3.3 3.8 0.3 2.5  2.8 3.2 1.4 0.0 2.7 1.6 16.6 .412 .389  .444 .868 .553 .504   G    SO
57          Gerald Brown  16.5 27 1994-95       Pepperdine 27 27 33.3  6.4 13.6  5.5 11.3 0.9  2.3 2.9         3.7  4.5 2.7 1.2 0.2 2.6 2.3 16.5 .467 .487  .371 .798 .537 .499   G    SO
58        Darrell Tucker  16.5 30 2000-01    San Francisco 30 23 28.9  5.4 12.2  4.5  9.4 0.9  2.8 4.8 6.0 2.5 4.4  6.8 0.8 0.4 0.2 2.6 3.5 16.5 .443 .479  .321 .804 .549 .480   F    SO
59          Kenyon Jones  16.5 28 1999-00    San Francisco 28 28 26.1  5.5  9.5  5.4  9.3 0.1  0.3 5.3 7.5 3.3 5.7  9.0 0.9 0.9 1.4 2.5 3.2 16.5 .583 .583  .571 .701 .631 .590   C    SR
60        Jim Williamson  16.4 28 1996-97 Loyola Marymount 28 28 36.0  5.0 12.0  2.6  5.8 2.4  6.2 3.9         4.4  2.8 5.0 1.5 0.0 2.8 2.1 16.4 .420 .448  .393 .902 .584 .521   G    SR
61      Richard Petruska  16.4 28 1990-91 Loyola Marymount 28 25 22.8  6.7 11.4  6.7 11.3 0.0  0.1 3.0         4.4  7.6 0.4 0.9 2.0 2.1 3.4 16.4 .589 .593  .000 .683 .609 .589   F    SO
62        Canaan Chatman  16.4 30 1993-94         Portland 30 30 30.3  6.1 13.2  6.1 12.6 0.0  0.7 4.2         6.1  8.1 2.1 1.8 0.5 3.8 2.9 16.4 .458 .483  .000 .698 .508 .458   F    JR
63       Matt Santangelo  16.2 34 1997-98          Gonzaga    34 33.2  5.5 12.7  3.4  7.7 2.2  5.0 2.9         3.8  3.1 4.1 0.8         0.2 16.2 .435 .437  .433 .769 .557 .521   G    SO
64       Jeffty Connelly  16.2 23 1989-90      Santa Clara         23  6.3 12.8  6.0 11.9 0.2  0.9 3.4         4.4  5.0 3.6 1.3         0.1 16.2 .488 .507  .238 .782 .542 .497   F    SR
65           Sherman Gay  16.1 29 2003-04 Loyola Marymount 29 29 31.9  6.6 11.8  6.6 11.8 0.0  0.0 3.0 4.4 2.6 3.3  5.9 1.2 1.2 2.0 1.8 3.1 16.1 .554       .554 .672 .577 .554   F    SR
66           Brian Jones  16.0 31 2000-01      Santa Clara 31 31 31.1  5.1 14.1  3.7  8.7 1.4  5.4 4.4 5.9 1.3 3.6  5.0 4.1 2.1 0.4 2.9 2.5 16.0 .364 .430  .257 .743 .474 .413   G    SR
67       Lorenzo Rollins  16.0 27 1996-97          Gonzaga 27 26 32.7  6.0 13.3  4.6  8.7 1.4  4.6 2.7         3.3  4.8 2.8 1.7 0.4 2.5 2.4 16.0 .448 .526  .304 .800 .538 .501   G    SR
68         Orlando Smart  16.0 27 1993-94    San Francisco 27 27 30.7  5.3 11.3  4.1  8.6 1.2  2.7 4.1         5.3  2.2 7.6 2.6     0.1 2.5 16.0 .474 .483  .444 .789 .582 .526   G    SR
69             Tim Owens  16.0 29 1991-92    San Francisco         29  5.8 13.0  3.7  7.6 2.1  5.4 2.3         3.0  5.7 0.9 1.2         0.4 16.0 .447 .491  .385 .773 .555 .527   F    SR
70         Paul Marigney  16.0 31 2003-04   St. Marys (CA) 31 11 26.9  5.3 11.1  3.3  6.3 2.0  4.8 3.3 3.8 2.0 3.1  5.1 1.7 1.0 0.1 2.5 2.8 16.0 .480 .528  .416 .866 .618 .570   G    JR
71         Ryan Williams  15.7 27 1998-99        San Diego    27 31.5  5.7 10.4  4.8  8.0 0.9  2.5 3.5         4.2  7.5 1.0 0.5         0.1 15.7 .543 .605  .343 .833 .631 .583   F    SR
72           John Duggan  15.7 29 1994-95    San Francisco 29 28 31.4  5.2 11.0  4.1  7.8 1.1  3.1 4.1         5.4  6.9 1.0 0.6 0.3 1.8 2.2 15.7 .475 .520  .363 .759 .579 .527   F    SO
73            Steve Ross  15.7 28 2001-02      Santa Clara 28 21 26.0  4.9 12.1  2.3  5.8 2.6  6.3 3.3 3.8 1.4 3.1  4.5 1.2 0.6 0.2 2.0 1.6 15.7 .404 .389  .418 .850 .563 .513   G    SR
74        David Sivulich  15.7 27 1995-96   St. Marys (CA) 27 18 30.6  4.6 12.2  1.0  2.6 3.6  9.6 2.9         4.1  2.5 1.7 1.2 0.0 2.4 2.4 15.7 .376 .400  .369 .718 .553 .521   G    SO
75           Nathan Fast  15.7 29 1998-99      Santa Clara    29 31.0  5.6 11.6  4.3  8.0 1.3  3.6 3.1         4.2  5.0 2.1 1.0         0.0 15.7 .484 .541  .356 .740 .574 .539   G    JR
76        Eric Schraeder  15.7 26 1997-98   St. Marys (CA) 26 26 30.3  5.3 10.8  3.9  7.2 1.4  3.6 3.5 4.1 2.3 4.6  6.9 1.3 0.6 0.4 3.0 3.0 15.7 .493 .543  .394 .868 .612 .559   F    JR
77            Dana Jones  15.6 31 1992-93       Pepperdine         31  6.7 10.8  6.7 10.8 0.0  0.0 2.3         3.7  9.1 1.4 1.7         1.2 15.6 .620       .620 .614 .623 .620   F    JR
78           Brian Jones  15.6 28 1997-98      Santa Clara    28 28.5  5.3 12.8  3.8  8.5 1.5  4.3 3.6         4.9  4.8 4.1 1.8         0.2 15.6 .413 .448  .345 .730 .516 .471   G    SO
79          Ronny Turiaf  15.6 33 2002-03          Gonzaga 33 12 24.7  4.6  8.8  4.5  8.6 0.0  0.2 6.4 8.5 2.3 3.9  6.2 0.6 0.6 1.5 1.9 3.1 15.6 .519 .526  .167 .760 .608 .521   F    SO
80       Greg Klosterman  15.6 27 1996-97         Portland 27 27 32.4  5.6 11.3  5.4 10.7 0.1  0.7 4.3         5.6  5.9 2.6 1.0 0.7 3.1 3.1 15.6 .490 .507  .222 .770 .557 .497   C    SR
81            Curt Ranta  15.6 29 1994-95         Portland 29 29 29.6  5.2  9.6  5.2  9.5 0.0  0.0 5.2         7.1  5.6 0.8 1.1 0.3 2.9 2.8 15.6 .542 .543  .000 .738 .603 .542   C    SR
82           Coky Rochin  15.5 30 2001-02         Portland 30 29 30.0  5.4 11.0  5.4 11.0 0.0  0.0 4.7 7.3 3.3 6.2  9.6 0.7 0.6 0.2 3.7 3.6 15.5 .489       .489 .647 .535 .489   C    SR
83          Ronny Turiaf  15.5 31 2003-04          Gonzaga 31 29 26.9  5.1  9.6  5.0  9.5 0.0  0.1 5.3 7.5 2.0 4.4  6.4 1.5 0.5 1.5 2.4 2.7 15.5 .525 .527  .333 .708 .586 .527   F    JR
84         Jimmy Miggins  15.4 28 2002-03       Pepperdine 28 26 35.4  6.2 12.9  5.9 12.0 0.3  0.9 2.7 3.6 1.9 4.0  5.9 3.7 1.5 0.5 3.2 2.9 15.4 .482 .493  .346 .743 .528 .494   F    SR
85           John Rillie  15.4 30 1994-95          Gonzaga 30 30 36.0  4.6 10.2  1.4  2.9 3.2  7.2 2.9         3.3  3.6 3.1 0.9 0.2 1.8 1.4 15.4 .456 .489  .442 .879 .655 .613   G    SR
86           Hakeem Ward  15.3 29 1996-97    San Francisco    29 28.1  6.2 11.0  6.2 11.0 0.0  0.0 2.9         4.2  5.9 0.8 1.0         0.5 15.3 .567       .567 .675 .590 .567   F    JR
87              John Cox  15.3 29 2002-03    San Francisco 29 23 32.1  5.4 11.3  3.7  7.2 1.7  4.1 2.9 3.7 1.2 2.3  3.6 1.8 0.5 0.2 1.7 1.9 15.3 .474 .514  .403 .802 .587 .547   G    JR
88        Darryl Johnson  15.3 27 1991-92    San Francisco         27  6.0 11.9  6.0 11.9 0.0  0.0 3.3         5.9 11.4 1.1 0.8         0.1 15.3 .505       .505 .566 .522 .505   F    SR
89              Ron Reis  15.2 29 1990-91      Santa Clara 29 29 30.2  5.6  8.9  5.6  8.9 0.0  0.0 4.1 6.7 3.4 7.7 11.0 2.3 0.8 0.8 2.8 2.3 15.2 .622       .622 .615 .629 .622   C    JR
90           Paul Rogers  15.2 30 1995-96          Gonzaga 30 29 32.2  5.4  9.4  5.4  9.2 0.0  0.2 4.3         7.0  8.0 1.7 0.4 1.2 2.5 2.5 15.2 .578 .587  .167 .619 .599 .580   C    JR
91        Eric Bamberger  15.2 30 1990-91   St. Marys (CA) 30 30 34.3  6.1 11.9  5.8 11.0 0.3  0.9 2.8 3.5 2.0 5.5  7.5 1.4 1.3 0.8 2.1 3.1 15.2 .510 .526  .321 .790 .560 .522   C    JR
92         Haywood Eaddy  15.2 24 1997-98 Loyola Marymount 24 23 33.4  4.7 11.4  2.8  6.3 2.0  5.1 3.8 4.5 0.7 2.2  2.9 4.9 2.1 0.0 3.9 1.9 15.2 .412 .434  .385 .835 .559 .498   G    JR
93         Ryan Williams  15.1 28 1997-98        San Diego    28 30.3  5.5 10.4  5.0  8.9 0.5  1.6 3.6         4.7  6.3 0.6 0.8         0.3 15.1 .527 .569  .295 .779 .597 .550   F    JR
94          Jovan Harris  15.1 29 2000-01   St. Marys (CA) 29 23 28.2  5.2 12.5  3.8  8.0 1.4  4.6 3.2 4.2 0.6 2.6  3.2 2.1 1.1 0.2 2.4 2.5 15.1 .416 .472  .318 .777 .521 .474   G    SO
95            Bryan Hill  15.1 27 1995-96       Pepperdine    27 32.8  6.0 11.2  6.0 11.2 0.0  0.0 3.0         5.5  7.3 0.6 0.8         0.9 15.1 .535 .533 1.000 .554 .545 .536   F    SO
96           Grant Tracy  15.1 27 1991-92         Portland         27  5.1 11.2  4.9 10.6 0.2  0.6 4.6         5.9  4.7 1.0 0.8         0.6 15.1 .460 .467  .353 .778 .540 .470   F    JR
97          Kelvin Gibbs  15.0 31 2000-01       Pepperdine 31 31 31.3  5.6 11.0  5.5 10.8 0.1  0.2 3.8 5.4 3.1 5.1  8.2 1.5 1.2 0.5 2.2 3.5 15.0 .509 .507  .600 .701 .556 .513   F    SR
98      Terrance Johnson  15.0 28 2002-03       Pepperdine 28 28 35.8  5.3 12.1  2.7  6.1 2.6  6.0 1.8 2.4 0.9 3.3  4.2 1.9 1.4 0.2 1.4 1.8 15.0 .435 .442  .429 .773 .564 .541   G    SO
99             Tim Frost  14.9 28 2000-01         Portland 28 28 27.9  6.0 12.1  5.9 11.9 0.1  0.3 2.9 3.8 2.0 5.0  7.0 1.1 0.9 2.0 2.3 2.5 14.9 .493 .497  .286 .774 .537 .496   C    SO
100       Daniel Kickert  14.9 31 2003-04   St. Marys (CA) 31 31 28.1  5.4 10.6  4.3  7.9 1.0  2.6 3.2 4.1 2.0 3.9  5.9 0.7 0.4 0.5 2.1 2.3 14.9 .506 .545  .390 .766 .594 .555   F    SO
101        Jimmy Miggins  14.9 30 2001-02       Pepperdine 30 29 32.5  6.0 12.5  5.9 11.8 0.1  0.7 2.7 3.6 2.5 5.0  7.5 2.6 1.3 0.3 2.5 2.5 14.9 .481 .501  .143 .759 .523 .485   F    JR
102     Terrance Johnson  14.8 31 2003-04       Pepperdine 31 15 31.6  5.4 11.7  2.6  4.9 2.8  6.8 1.2 1.4 0.6 2.3  2.9 1.6 1.0 0.2 1.8 2.0 14.8 .462 .523  .417 .837 .598 .582   G    JR
103        Haywood Eaddy  14.8 21 1998-99 Loyola Marymount 21 19 34.6  4.9 11.6  3.5  7.3 1.3  4.3 3.8         4.2  2.5 5.6 1.5 0.1     3.3 14.8 .420 .484  .311 .898 .546 .477   G    SR
104            Tom Lewis  14.8 24 1989-90       Pepperdine    24 28.7  5.1 10.3  3.8  6.8 1.4  3.5 3.2         4.3  4.8 2.8 0.9         0.0 14.8 .498 .549  .398 .738 .600 .565   F    SR
105          Damin Lopez  14.7 30 1993-94       Pepperdine 30 29 36.0  4.5 10.6  1.2  2.5 3.3  8.1 2.3         2.8  2.2 3.8 1.1 0.0 2.8 0.9 14.7 .426 .474  .412 .831 .615 .583   G    SR
106       Anthony Thomas  14.7 29 1990-91        San Diego 29      29  5.8 10.7  5.8 10.7 0.0  0.0 3.1         4.1  5.0 1.7 0.9 0.0 1.5 1.4 14.7 .540       .540 .756 .580 .540   F    SR
107           Matt Houle  14.7 26 1992-93         Portland 26 17 25.8  5.0 10.5  3.2  6.0 1.8  4.5 3.0         3.5  3.6 1.2 0.7 0.2 2.1 2.3 14.7 .474 .535  .393 .846 .604 .559   F    JR
108           Steve Nash  14.6 26 1993-94      Santa Clara 26 23 29.9  4.7 11.3  2.1  4.9 2.6  6.5 2.7         3.2  2.5 3.7 1.3 0.0 2.8 2.2 14.6 .414 .433  .399 .831 .568 .527   G    SO
109          Blake Stepp  14.6 31 2003-04          Gonzaga 31 31 34.4  4.6 10.7  2.1  3.9 2.5  6.8 2.8 3.4 0.8 3.7  4.6 6.7 1.2 0.1 3.0 1.9 14.6 .431 .525  .376 .830 .592 .550   G    SR
110          Brian Miles  14.6 28 1996-97        San Diego    28 26.9  5.1  9.4  4.0  7.1 1.1  2.3 3.3         4.7  5.4 0.8 0.6         0.3 14.6 .546 .568  .476 .705 .630 .603   F    JR
111        Orlando Smart  14.5 31 1992-93    San Francisco 31 31 33.5  5.4 10.2  4.5  8.2 0.8  2.0 3.0         3.7  3.1 7.1 2.3     0.3 2.5 14.5 .525 .553  .410 .810 .608 .565   G    JR
112           David Roth  14.5 22 1990-91         Portland 22 16 25.8  5.1 10.7  2.5  5.0 2.6  5.6 1.7         2.2  3.7 2.1 0.9 0.1 1.9 2.5 14.5 .477 .495  .460 .792 .619 .598   F    SR
113       Terrell Lowery  14.5 32 1989-90 Loyola Marymount 32  0 19.9  4.8  9.4  3.4  5.8 1.4  3.6 3.4 4.7 1.1 1.5  2.6 6.3 2.0 0.2 3.3 2.7 14.5 .513 .581  .404 .738 .626 .590   G    SO
114           Bryan Hill  14.5 27 1996-97       Pepperdine 27 27 34.0  5.6 10.7  5.6 10.7 0.0  0.0 3.3         6.1  8.1 0.7 1.0 0.7 3.3 2.5 14.5 .521 .522  .000 .543 .531 .521   F    JR
115          Shawn Sykes  14.5 28 1989-90    San Francisco 28 18 28.1  5.3 11.3  3.0  6.3 2.3  4.9 1.7         2.4  2.3 3.2 1.3 0.1 3.1 2.0 14.5 .467 .475  .457 .716 .584 .567   G    SR
116    Brandon Armstrong  14.4 34 1999-00       Pepperdine 34 34 27.9  5.6 13.0  3.6  8.2 1.9  4.9 1.3 1.6 1.2 2.0  3.2 1.5 1.9 0.2 1.8 2.4 14.4 .429 .446  .400 .818 .523 .503   G    SO
117          Doug Harris  14.4 29 1993-94        San Diego 29 29 34.7  4.6 10.5  2.6  5.2 2.0  5.3 3.2         4.0  3.8 4.1 1.0 0.2 3.2 1.7 14.4 .436 .487  .386 .809 .581 .533   G    JR
118          Jason Blair  14.4 29 2001-02        San Diego 29 23 27.4  4.6  8.2  3.7  6.2 0.9  2.0 4.4 5.7 2.5 4.3  6.8 1.2 0.6 0.1 1.2 2.5 14.4 .555 .594  .431 .777 .660 .607   C    JR
119         Richie Frahm  14.4 35 1998-99          Gonzaga    35 28.0  4.7 10.8  2.1  4.6 2.7  6.2 2.3         2.9  4.3 2.0 0.8 0.1 1.4 1.1 14.4 .437 .447  .429 .810 .592 .560   G    JR
120         Brent Farris  14.4 28 1994-95   St. Marys (CA) 28 25 28.5  4.9 10.4  4.5  8.9 0.4  1.5 4.3         6.0  5.9 1.6 1.6 0.3 2.3 3.2 14.4 .469 .504  .262 .710 .544 .488   F    SR
121           Ryan Jones  14.4 28 1999-00         Portland 28 28 31.0  5.3 12.8  3.9  8.3 1.4  4.5 2.4 3.2 0.9 2.3  3.2 1.3 0.9 0.0 2.0 2.0 14.4 .415 .472  .310 .764 .505 .469   G    SO
122       Pete Eisenrich  14.4 31 1992-93      Santa Clara 31 31 30.0  5.0 10.6  3.7  7.1 1.3  3.5 3.1         3.9  6.4 1.1 0.3         0.4 14.4 .471 .527  .358 .787 .575 .530   F    JR
123      Marques Johnson  14.3 27 1995-96       Pepperdine    27 34.4  5.1 12.6  3.1  6.8 2.0  5.8 2.1         2.8  2.7 3.0 1.5         0.0 14.3 .407 .459  .346 .747 .515 .487   G    JR
124            Zan Mason  14.3 27 1992-93 Loyola Marymount 27 22 29.1  5.2 11.4  4.8 10.2 0.4  1.2 3.5         5.3  6.9 1.1 1.1 0.7 0.6 2.5 14.3 .453 .467  .333 .660 .511 .471   F    JR
125          Brandon Gay  14.3 24 2003-04        San Diego 24 16 25.4  4.9 10.8  4.1  8.5 0.8  2.3 3.7 4.7 1.3 5.8  7.0 1.1 1.0 0.4 2.0 3.3 14.3 .454 .483  .345 .786 .548 .490   F    JR
126          Grant Tracy  14.3 27 1992-93         Portland 27 25 28.7  5.0 11.6  4.7 10.5 0.3  1.1 3.9         5.5  4.1 0.4 0.6 0.7 2.0 2.5 14.3 .430 .445  .290 .711 .500 .444   F    SR
127        Cory Violette  14.2 31 2003-04          Gonzaga 31 31 29.8  5.7 10.2  5.5  9.6 0.2  0.6 2.6 3.5 2.6 5.6  8.2 1.5 1.0 0.9 1.7 2.2 14.2 .555 .569  .350 .748 .597 .566   C    SR
128       Jelani Gardner  14.1 27 1997-98       Pepperdine    27 32.7  4.9 11.1  3.2  6.7 1.6  4.5 2.8         3.6  4.1 5.4 1.9 0.1     3.6 14.1 .435 .483  .364 .776 .550 .508   G    JR
129       David Sivulich  14.1 23 1996-97   St. Marys (CA) 23 18 31.1  4.1  9.2  1.7  3.2 2.5  6.0 3.3 4.1 0.7 2.3  2.9 3.4 1.5 0.0 2.2 1.9 14.1 .450 .521  .413 .811 .633 .585   G    JR
130          Nathan Fast  14.1 29 1999-00      Santa Clara 29 27 28.4  4.6  9.9  2.6  4.7 2.0  5.2 2.9 3.5 1.0 2.9  3.9 1.6 1.1 0.1 1.4 1.8 14.1 .462 .551  .382 .824 .606 .563   G    SR
131          Craig Davis  14.0 28 1989-90       Pepperdine    28 29.2  5.0  9.9  2.9  5.3 2.1  4.5 2.0         2.4  3.5 2.8 1.8         0.5 14.0 .504 .537  .465 .824 .637 .611   G    SR
132           Curt Ranta  14.0 30 1993-94         Portland 30 30 25.8  4.9  8.4  4.8  8.2 0.1  0.2 4.2         5.8  6.0 1.2 0.7 0.5 1.9 3.6 14.0 .581 .587  .333 .718 .627 .585   C    JR
133         Willie Allen  14.0 27 1998-99 Loyola Marymount 27 27 27.8  4.1 10.0  1.6  4.0 2.5  6.0 3.2         3.8  2.1 2.6 0.7 0.0     2.5 14.0 .415 .407  .420 .843 .593 .541   G    SR
134      Brooks Barnhard  14.0 29 1993-94        San Diego 29 29 31.3  4.4  8.8  2.4  4.5 2.0  4.3 3.0         3.9  6.5 0.9 0.6 0.8 2.0 2.6 14.0 .506 .538  .472 .779 .656 .622   F    SR
135        Sean Flannery  14.0 27 1994-95        San Diego 27 23 32.2  4.7 10.7  2.4  4.8 2.3  5.9 2.3         2.6  4.6 1.7 0.6 0.2 2.1 2.6 14.0 .436 .496  .388 .900 .585 .543   G    JR
136          Damin Lopez  14.0 21 1992-93       Pepperdine         21  4.0  9.0  1.0  2.0 3.0  7.0 2.9         3.5  2.3 3.9 0.8         0.0 14.0 .452 .537  .429 .822 .658 .620   G    JR
137          Brian Jones  13.9 27 1996-97      Santa Clara         27  4.6 11.7  3.5  8.5 1.0  3.2 3.7         5.3  4.9 4.4 1.7         0.1 13.9 .389 .413  .326 .711 .489 .434   G    FR
138          John Duggan  13.9 27 1995-96    San Francisco    27 33.3  4.7 11.1  3.2  6.6 1.5  4.5 3.0         4.2  4.7 0.8 0.6         0.1 13.9 .425 .486  .336 .702 .531 .493   F    JR
139       Jelani Gardner  13.8 32 1998-99       Pepperdine         32  4.7 10.6  3.6  7.1 1.1  3.5 3.4         4.9  3.9 4.6 1.3         0.4 13.8 .442 .504  .315 .692 .536 .494   G    SR
140           Geoff Lear  13.8 28 1989-90       Pepperdine    28 31.6  4.6  8.0  4.6  8.0 0.0  0.0 4.6         7.5  8.9 1.1 0.9         1.2 13.8 .571       .571 .616 .595 .571   F    SO
141         Kelvin Woods  13.8 28 1991-92        San Diego         28  5.1 10.0  5.0  9.5 0.1  0.4 3.5         5.1  4.2 1.7 0.6         0.1 13.8 .509 .521  .250 .685 .555 .514   F    SR
142       Eric Bamberger  13.7 30 1991-92   St. Marys (CA) 30 29 29.6  5.0  9.9  4.7  8.9 0.3  0.9 3.5         4.7  4.9 1.4 1.1 0.4 2.1 3.0 13.7 .503 .526  .286 .739 .565 .517   C    SR
143          Jon Kinloch  13.7 29 1995-96          Gonzaga 29 29 35.2  4.4 10.3  2.2  4.7 2.2  5.6 2.7         3.6  4.7 1.6 0.4 0.3 1.4 2.6 13.7 .430 .481  .387 .743 .571 .535   F    SR
144       Marlon Garnett  13.6 28 1994-95      Santa Clara 28 28 32.6  4.5 10.0  2.2  4.8 2.3  5.2 2.5         2.9  3.9 1.7 0.9         0.0 13.6 .445 .459  .432 .852 .598 .557   G    SO
145        Kweemada King  13.6 29 1995-96         Portland    29 21.8  4.8 11.0  4.2  8.2 0.7  2.8 3.3         4.4  3.1 0.9 0.7         0.2 13.6 .440 .508  .238 .742 .520 .470   G    JR
146         Jamie Holmes  13.6 32 2000-01      Santa Clara 32 32 29.5  5.0 10.8  4.8 10.1 0.3  0.8 3.3 4.3 2.5 4.9  7.4 0.9 0.5 0.3 1.9 2.6 13.6 .464 .475  .320 .765 .527 .476   F    SR
147           Alex Acker  13.6 29 2003-04       Pepperdine 29 26 32.4  4.8 10.6  3.7  7.6 1.1  3.0 2.9 3.7 1.8 3.6  5.3 3.8 1.8 0.4 2.5 2.2 13.6 .450 .482  .368 .794 .549 .502   G    SO
148         Kelvin Woods  13.6 29 1990-91        San Diego 29      19  5.0  9.1  4.8  8.8 0.2  0.3 3.4         4.4  5.4 1.0 0.7 0.4 2.1 2.0 13.6 .547 .547  .556 .772 .604 .557   F    JR
149            Ime Oduok  13.5 29 1995-96 Loyola Marymount 29 29 28.2  4.8  7.8  4.8  7.8 0.0  0.0 3.9         6.3  8.8 0.4 0.7 0.9 3.0 3.5 13.5 .615       .615 .620 .625 .615   C    SR
150         Brad Millard  13.5 11 1999-00   St. Marys (CA) 11 11 24.1  4.7  9.2  4.7  9.2 0.0  0.0 4.0 5.9 3.0 5.0  8.0 0.6 0.3 3.3 1.8 1.6 13.5 .515       .515 .677 .561 .515   C    SR
151          M.J. Nodilo  13.4 29 1996-97    San Francisco    29 33.5  4.3 10.7  2.3  5.6 2.0  5.1 2.9         3.3  2.7 3.6 0.9 0.1     2.3 13.4 .399 .411  .385 .885 .547 .490   G    JR
152          Kyle Bailey  13.4 28 2001-02      Santa Clara 28 27 31.0  4.0 11.4  2.3  6.4 1.7  5.0 3.8 4.9 0.6 3.4  4.0 3.9 1.4 0.1 3.7 2.4 13.4 .348 .352  .343 .779 .490 .423   G    SO
153        Casey Calvary  13.4 34 1999-00          Gonzaga 34 33 26.4  4.9  8.4  4.3  6.9 0.6  1.5 2.9 4.8 1.4 4.9  6.4 1.0 0.9 1.7 2.1 2.6 13.4 .586 .622  .423 .617 .630 .625   F    JR
154         E.J. Rowland  13.3 29 2003-04   St. Marys (CA) 29 23 32.1  4.5  9.8  3.7  7.4 0.8  2.4 3.6 5.7 1.1 2.6  3.7 4.4 1.6 0.1 3.3 2.6 13.3 .456 .502  .314 .640 .533 .495   G    JR
155        Doron Perkins  13.3 32 2003-04      Santa Clara 32 30 25.9  4.0  9.7  2.7  5.5 1.4  4.2 3.9 5.5 1.7 2.7  4.3 2.4 2.0 0.4 2.2 2.9 13.3 .416 .480  .331 .710 .542 .487   G    JR
156          Brian Jones  13.3 31 1999-00      Santa Clara 31 30 29.5  4.6 12.2  2.9  7.3 1.7  5.0 2.5 3.7 0.8 3.9  4.7 0.5 2.1 0.1 3.3 2.5 13.3 .375 .396  .344 .661 .476 .445   G    JR
157     William McDowell  13.3 21 1989-90         Portland 21 12 25.4  5.0  9.9  5.0  9.9 0.0  0.0 3.4         4.6  6.6 0.6 0.6 1.2 2.1 2.9 13.3 .502       .502 .732 .551 .502   F    SR
158       Chivo Anderson  13.3 24 1997-98         Portland 24 20 30.1  4.5 10.5  2.5  5.6 2.0  4.9 2.2         3.6  4.5 1.5 1.8 0.2 1.8 1.7 13.3 .433 .452  .410 .598 .542 .528   G    SR
159       Darrell Tucker  13.2 27 1999-00    San Francisco 27 27 27.4  5.1 10.5  4.4  8.9 0.7  1.7 2.3 3.3 2.6 4.4  7.0 0.8 0.7 0.1 1.7 2.5 13.2 .486 .502  .400 .700 .546 .518   F    FR
160          Zach Gourde  13.2 33 2001-02          Gonzaga 33 33 27.2  5.4 10.0  5.4  9.9 0.0  0.1 2.5 4.2 1.9 4.5  6.4 1.1 0.4 1.0 2.4 2.6 13.2 .535 .541  .000 .586 .548 .535   F    JR
161      Matt Santangelo  13.2 27 1996-97          Gonzaga 27 26 31.4  4.7 10.6  2.9  6.5 1.7  4.1 2.1         3.0  2.9 4.4 0.9 0.2 2.9 1.7 13.2 .439 .449  .423 .695 .546 .521   G    FR
162           Joe Temple  13.2 29 1993-94        San Diego 29 15 25.2  4.3  9.4  2.8  5.2 1.5  4.2 3.0         4.5  4.8 1.0 0.7 0.1 2.1 2.1 13.2 .458 .540  .358 .672 .570 .538   F    SR
163      Matt Santangelo  13.2 35 1999-00          Gonzaga 35 35 35.7  4.6 12.4  2.7  6.7 1.9  5.7 2.0 3.1 0.4 3.5  3.9 6.4 0.8 0.2 2.6 1.2 13.2 .373 .406  .335 .654 .475 .450   G    SR
164         Wyking Jones  13.1 28 1994-95 Loyola Marymount 28 28 34.5  5.0  9.7  5.0  9.6 0.0  0.1 3.1         5.0  5.9 1.9 0.9 0.9 2.6 3.0 13.1 .518 .524  .000 .614 .544 .518   F    SR
165         James Dailey  13.1 21 1989-90   St. Marys (CA) 21 21 31.4  5.1 10.9  5.0 10.1 0.1  0.8 2.8 4.4 1.6 4.4  6.0 2.3 1.1 0.5 2.9 2.3 13.1 .469 .491  .188 .624 .505 .476   F    SR
166         Gylan Dottin  13.1 26 1992-93        San Diego 26 24 32.6  4.8 10.4  4.2  8.4 0.6  2.0 3.0         4.4  6.7 1.9 1.6 0.2 2.5 2.4 13.1 .459 .498  .294 .675 .524 .487   F    SR
167           Alex Acker  13.0 28 2002-03       Pepperdine 28 23 33.3  4.6  9.6  3.5  7.2 1.0  2.4 2.8 3.5 1.5 3.5  5.0 0.9 1.4 0.4 2.7 1.6 13.0 .476 .493  .426 .814 .578 .530   G    FR
168        Chris Johnson  13.0 27 1993-94   St. Marys (CA) 27 23 23.1  4.1  9.6  2.1  4.5 2.0  5.0 2.7         3.3  3.1 1.3 1.2 0.2 2.4 2.6 13.0 .434 .467  .404 .818 .585 .541   G    JR
169         Mark Schmitz  13.0 31 1992-93      Santa Clara 31 31 29.7  4.5 10.4  2.6  5.3 1.8  5.1 2.3         3.2  4.4 2.3 0.9         0.1 13.0 .427 .491  .361 .707 .545 .515   G    SR
170             Ron Reis  13.0 29 1991-92      Santa Clara         29  5.3  8.7  5.3  8.7 0.0  0.0 2.4         4.8  8.8 1.3 0.6         0.4 13.0 .607       .607 .507 .592 .607   C    SR
171           Ryan Jones  13.0 27 2000-01         Portland 27 20 26.6  4.3 10.7  2.8  7.0 1.5  3.7 2.9 3.8 0.7 1.7  2.4 1.7 0.9 0.0 1.9 2.2 13.0 .403 .397  .414 .765 .522 .474   G    JR
172          Mike Oquinn  13.0 27 1994-95 Loyola Marymount 27 26 29.9  4.6  9.5  3.7  6.8 0.9  2.7 2.9         4.4  4.6 2.1 1.1 0.5 2.7 2.7 13.0 .482 .543  .329 .661 .559 .529   G    SO
173           Andre Laws  12.9 29 1999-00        San Diego 29 29 28.7  4.1 10.3  2.4  5.4 1.7  4.9 2.9 3.9 0.9 2.5  3.4 2.4 1.1 0.2 1.8 1.1 12.9 .401 .449  .350 .752 .532 .485   G    SO
174        Matt Stanford  12.9 28 1992-93          Gonzaga 28 10 26.4  4.6  8.6  3.9  6.9 0.8  1.8 3.0         4.4  3.9 2.0 0.7 0.1 1.3 2.1 12.9 .533 .563  .420 .675 .602 .576   F    JR
175        Mike Vontoure  12.9 27 1989-90   St. Marys (CA) 27  0 32.4  4.4 11.1  2.5  5.7 1.9  5.3 2.2 3.0 0.7 2.2  2.9 5.1 1.5 0.0 2.8 2.5 12.9 .398 .432  .361 .738 .518 .485   G    SR
176        DeWayne Lewis  12.9 29 1992-93      Santa Clara 29 29 29.1  4.3  9.8  3.6  7.5 0.7  2.3 3.7         4.3  5.3 1.9 0.7         0.2 12.9 .435 .484  .279 .841 .541 .468   F    JR
177        Gerald Walker  12.8 26 1995-96    San Francisco    26 31.2  4.5 11.2  3.5  7.8 0.9  3.4 3.0         4.1  4.5 4.7 2.6 0.2     3.5 12.8 .397 .453  .270 .736 .488 .438   G    SR
178     Terrance Johnson  12.8 31 2001-02       Pepperdine 31 25 29.7  5.1 11.5  3.1  5.9 2.0  5.6 0.7 1.0 1.5 2.1  3.6 1.6 0.7 0.3 1.3 1.6 12.8 .441 .530  .349 .656 .533 .527   G    FR
179        Donald Wilson  12.8 28 2003-04         Portland 28 28 30.4  4.5 10.0  4.0  8.8 0.5  1.2 3.2 4.4 1.3 3.4  4.7 2.3 1.4 0.2 2.0 2.6 12.8 .455 .461  .412 .732 .530 .480   G    SO
180           Joe Temple  12.8 27 1992-93        San Diego 27 26 26.3  4.6 10.3  3.5  7.6 1.0  2.7 2.6         3.8  4.4 0.9 0.6 0.3 1.9 2.6 12.8 .442 .463  .384 .689 .528 .493   F    JR
181       Marlon Garnett  12.8 25 1995-96      Santa Clara    25 31.2  4.0  8.9  2.0  4.0 2.0  4.9 2.7         3.6  3.2 1.3 0.6         0.1 12.8 .448 .485  .418 .764 .601 .563   G    JR
182        Cory Violette  12.8 33 2001-02          Gonzaga 33 31 26.3  4.7  9.5  4.4  8.3 0.3  1.2 3.0 3.9 2.7 5.6  8.3 1.0 0.9 0.9 1.3 2.7 12.8 .498 .529  .282 .766 .563 .516   C    SO
183       Casey Frandsen  12.7 28 2002-03         Portland 28 22 29.1  3.9  9.9  1.5  3.4 2.4  6.4 2.6 3.3 0.4 1.7  2.1 2.3 1.1 0.1 2.0 2.6 12.7 .391 .427  .372 .802 .558 .513   G    JR
184     Rupert McClendon  12.7 17 1999-00 Loyola Marymount 17 15 32.3  4.3 11.9  3.1  8.1 1.2  3.8 2.9 4.2 1.6 1.5  3.2 1.1 0.6 0.4 2.7 0.2 12.7 .361 .384  .313 .704 .458 .411   G    SR
185       Daniel Kickert  12.7 30 2002-03   St. Marys (CA) 30 30 25.5  4.4  8.5  3.7  7.0 0.7  1.6 3.1 4.0 1.2 2.5  3.7 0.7 0.3 0.6 1.9 2.4 12.7 .520 .536  .447 .782 .608 .561   F    FR
186      Matt Santangelo  12.7 35 1998-99          Gonzaga    35 32.0  4.1 10.9  2.3  6.1 1.8  4.8 2.7         3.4  3.3 5.3 1.0         0.4 12.7 .375 .371  .381 .775 .506 .459   G    JR
187         Kent Bennett  12.6 28 1993-94    San Francisco 28 28 27.9  4.5  7.8  4.1  6.5 0.4  1.3 3.3         4.4  6.5 0.7 1.1 0.3 1.9 2.4 12.6 .575 .637  .270 .742 .637 .598   F    SR
188   Shamell Stallworth  12.6 29 2002-03    San Francisco 29 21 30.8  4.3  9.3  2.4  5.1 1.9  4.2 2.1 2.5 0.7 2.4  3.2 1.9 1.0 0.2 2.2 2.6 12.6 .463 .483  .439 .849 .601 .563   G    SR
189          Brian Bruso  12.6 28 1996-97        San Diego    28 24.5  4.6  7.4  4.6  7.4 0.0  0.0 3.3         5.2  5.6 1.1 1.0         1.1 12.6 .631       .631 .637 .641 .631   C    SR
190            Ime Oduok  12.6 28 1994-95 Loyola Marymount 28 28 28.1  4.6  8.0  4.6  8.0 0.0  0.0 3.3         6.0  9.0 0.6 1.0 1.0 2.3 3.4 12.6 .580       .580 .554 .581 .580   C    JR
191        Sean Flannery  12.6 28 1996-97        San Diego    28 28.4  4.3  9.3  2.2  4.6 2.1  4.8 2.0         2.4  3.4 1.4 0.5         0.3 12.6 .456 .477  .436 .838 .602 .567   G    SR
192        Craig Johnson  12.6 28 1997-98      Santa Clara    28 30.3  3.9  9.1  2.3  4.5 1.6  4.6 3.2         4.1  5.0 2.3 1.9         0.3 12.6 .427 .508  .349 .781 .569 .516   G    SR
193           Geoff Goss  12.6 29 1993-94          Gonzaga         29  4.3  9.5  3.8  7.7 0.6  1.8 3.3         4.6  3.8 4.0 1.7         0.1 12.6 .457 .489  .321 .709 .536 .487   G    SR
194          Jon Kinloch  12.5 30 1994-95          Gonzaga 30 30 32.5  3.9  8.3  2.1  4.1 1.9  4.2 2.8         3.5  4.1 1.6 0.5 0.3 1.5 2.3 12.5 .476 .504  .448 .783 .628 .589   F    JR
195       Jim Williamson  12.5 29 1995-96 Loyola Marymount 29 28 35.7  3.7  9.6  2.0  4.5 1.8  5.1 3.3         3.8  2.4 4.4 0.9 0.0 3.2 1.1 12.5 .387 .435  .345 .864 .546 .478   G    JR
196        DeWayne Lewis  12.5 27 1993-94      Santa Clara 27 27 27.9  4.6 10.6  3.6  7.8 1.0  2.8 2.4         3.3  5.7 1.7 1.2 0.3 2.3 2.4 12.5 .429 .455  .355 .719 .512 .476   F    SR
197        James Bayless  12.4 30 2003-04    San Francisco 30 21 26.9  5.0  9.4  5.0  9.3 0.0  0.1 2.3 3.6 1.7 4.1  5.8 0.5 0.4 0.4 1.5 2.6 12.4 .537 .538  .500 .648 .561 .539   F    SR
198             Ron Reis  12.4 28 1989-90      Santa Clara         28  4.8  7.6  4.8  7.6 0.0  0.0 2.9         4.9  6.9 1.4 0.6         0.3 12.4 .624       .624 .603 .627 .624   C    SO
199        Keith Kincade  12.4 29 2003-04 Loyola Marymount 29 26 27.7  4.3 10.4  3.2  7.1 1.1  3.3 2.6 3.3 1.8 2.2  4.0 1.9 0.8 0.0 1.4 1.0 12.4 .419 .459  .333 .792 .519 .472   F    SR
200          Kyle Bailey  12.4 30 2003-04      Santa Clara 30 27 31.3  4.0 10.6  2.0  5.0 2.0  5.6 2.3 3.0 0.9 3.8  4.7 3.7 1.4 0.1 3.0 1.8 12.4 .381 .409  .355 .769 .515 .475   G    JR
[/code]

Provided by [url=https://www.sports-reference.com/sharing.html?utm_source=direct&utm_medium=Share&utm_campaign=ShareTool]Stathead[/url]: [url=https://www.sports-reference.com/stathead/basketball/cbb/player-season-finder.cgi?utm_source=direct&utm_medium=Share&utm_campaign=ShareTool]Found with Stathead. See Full Results.[/url]
Generated 6/11/2026.